,0,1,2,3,4,5,6,7,8
0,3513.7710605088514,2512.339263838784,1860.859363773605,2489.832580702945,72.8200220399612,88.09404891570044,164.95754379930366,163.8213077007801,0.0
1,-1215.7347932931862,-1743.2968594410272,-2961.5154581423594,-2455.406653283122,71.92836215178113,98.82991068409544,180.25424805908767,151.38262770258936,0.0
2,-6088.803193048794,3419.477458052174,-573.0635716472646,3449.1356411198817,79.62052925639063,70.1593200772869,161.38338290824282,175.24417154411785,0.0
3,4741.993863441886,2693.5428450394593,2274.6733973430064,13949.648089181823,72.75999044965243,84.31145497622693,176.28835284040477,172.9675750343336,0.0
4,712.8742835272557,710.6840146099076,2597.4006018925006,185.14073135683384,80.04755011271294,86.94721252865934,174.3699202268159,160.68888563245005,0.0
5,-2994.314929888669,2018.8695796711959,815.4795267463073,-1989.4756564625502,74.70177583282268,81.89158689620528,173.52908742443742,168.45237420919392,0.0
6,6649.708482813831,4258.439623211829,1962.5307912257533,-1196.4028839047205,72.66519875111054,71.79993862291309,164.91748845672083,174.7590771225627,0.0
7,7206.4876550539675,-1404.3401934339781,-877.7092651889702,4171.1881109477445,79.25235303755309,97.38336531966048,180.81333426513928,158.82851485785025,0.0
8,-1086.1293173500992,470.3669229153542,67.67492424339761,7229.890924141195,78.0762466736291,93.38121261624569,167.0350745697569,184.30763792333343,0.0
9,5837.972621328283,-302.11802662472695,117.12843086198043,2873.711712100388,83.40596689645245,78.37882394128545,169.3324984546304,169.34196248144158,0.0
10,-10783.411665338814,7738.841412272953,9144.144767028112,3714.0395908075434,88.66230290995918,58.49707918612221,149.25715300780732,185.90412709014652,0.0
11,5990.613687501864,5482.235142414614,4479.632288522847,5374.352005967907,77.10074135716701,107.20221998002432,164.36140566075554,165.81176781401808,0.0
12,-1184.1802865154923,8871.194261802651,9516.293546112025,7032.843258150871,73.7271908097233,80.93592726538634,166.62050060594805,170.66677762406388,0.0
13,3021.2852523279953,-6341.623041356238,-3787.1652416360353,6126.412504583736,77.19680890903149,65.6982148402013,153.30028775494813,165.08504029614917,0.0
14,5932.796893150604,3392.4902145442106,4681.689355350764,10468.52905263722,88.36605853268799,90.53579277734666,173.1488235980604,163.40029756762488,0.0
15,1637.8252851546686,-3990.867381102008,-9025.574027357752,3803.271697730774,85.81105154729804,77.33447695780382,170.8666890893565,179.13788594419222,0.0
16,-4089.0557021679747,6122.462636583828,2396.3976519038397,6294.215163774868,74.07245695377068,86.05093012469928,172.83581576094406,154.34358407296907,0.0
17,6493.320744571805,4514.582422519745,5646.256155101166,11299.979714547966,68.50881986639607,115.34854582119121,188.4318383920552,146.70404782840257,0.0
18,3141.197846362072,2271.4416513802535,2045.915119702094,-1727.0071385700248,83.38570031200626,58.28706027649157,144.8788642226389,191.35679499629293,0.0
19,-2158.4301890013608,3360.2562774884586,-9189.805381319191,8417.926798493721,73.23662146020283,70.07038377255412,159.56622036367344,168.10919125295163,0.0
20,4253.943959329846,2705.7154412005084,3496.5131496751123,2436.3127986508853,83.43937936568142,76.11327715890974,167.14296020695625,180.89917033188425,0.0
21,-2936.5211507184113,1577.0395514190443,2575.580624847002,759.8193669570587,85.88707478680178,90.30774005661519,174.17000724371889,168.57494626485476,0.0
22,903.628226254809,13887.324518828305,10132.848394816867,3385.2010700571013,68.58823154726026,103.11600539410288,180.23564751805628,160.4052089534738,0.0
23,6292.937901778586,-778.2538367391489,-205.74186803128126,2651.623377352145,61.92755429796915,102.03565005096317,179.76574665115697,164.42569103214348,0.0
24,11052.699055295809,1556.926936672291,-2806.474989869604,422.0216322996011,91.99556773429225,51.39299992830451,143.77549576632498,200.88286862014036,0.0
25,3072.8925364193383,5465.294005375797,7706.893924097604,9847.602228882432,81.74089930467768,86.8506020329918,165.82034762331367,147.63353228760246,0.0
26,946.6464741226681,1098.8994273821233,1169.067417169105,9695.004506493293,78.15753735030034,82.06429165833603,172.6102078905674,176.98871548654287,0.0
27,-5738.771000965773,2991.4633643992443,-1990.41230000149,4557.152580442861,88.25834517542917,54.30048725544616,164.76679394527454,166.11856498467452,0.0
28,-2350.589225192562,75.08495227612721,-9630.267519827097,-742.8989195209979,89.82964677098578,116.01919020748863,183.82118057060396,160.0297003090051,0.0
29,-8680.007081563139,9411.110756659979,7753.055060591917,860.3548549683376,91.14417169664016,71.25417331861794,159.8866057068167,181.46310215695777,0.0
30,8145.778977414576,-8028.874938892375,-740.1312622891338,13772.96991925149,79.79872590383236,129.02069579166317,184.06070274549376,152.1020955695448,0.0
31,-2294.19351494942,3691.433764514909,7700.532508942429,10760.72567568509,67.04560702270294,73.35786857543312,165.49429498695056,171.2627002192116,0.0
32,-5668.053971610934,11553.468015552558,13843.29929285024,12084.495853108318,83.13073885260842,80.58408880169627,167.8294702903011,178.32528723203592,0.0
33,2805.1085262920014,12756.540662213401,7637.762207912506,-629.4489932299574,80.28690973046342,79.26451985724611,166.57768832392364,158.15113853331522,0.0
34,-13165.570524310842,12770.619329713798,5126.77369512066,347.15394492502537,80.13758743582397,95.61910529810903,174.32002411012573,155.20347210598226,0.0
35,5860.695486866872,76.03825638742778,1885.3348945204386,6748.055537119624,72.76398548144824,90.32443296433786,171.4991220093662,154.40542693111985,0.0
36,5275.160321420268,-5596.592444563517,-4412.164900242372,9234.510404860064,78.70855348332749,105.90899654468198,178.219325869171,150.89685156463065,0.0
37,-3011.915137123454,-793.6734470778721,4190.465435649085,-4343.733986101411,61.81215554316965,106.18933290144665,178.76080293573258,151.83436326198748,0.0
38,-6819.303115407006,9203.935278582894,4021.2264183390403,7972.332483668845,81.07186103017249,84.34555915365914,172.02986842644546,156.1054909481245,0.0
39,4822.118797687899,-1691.2094196239464,1816.6370967443252,5360.348728494332,83.42434934896484,79.06585330002517,166.67872213313575,171.83074391164502,0.0
40,-5248.889721980333,4974.6708975094625,-2945.613160068837,6488.844817266569,95.16602387681218,51.7602812543357,155.43568728376115,178.0735204900195,0.0
41,-1379.8450694678536,-124.37791069392246,6521.668057093593,-383.54683210040366,75.72893003758965,110.58805455216346,182.7568072247007,146.93447397667418,0.0
42,-3949.123337703826,2045.2386808035499,-4454.301132402261,5822.435394415921,85.82395861929847,96.57492605288722,177.98115197237348,164.8064896628418,0.0
43,-1444.331350231709,3205.4505600815933,-1238.3480824943533,-6766.009699271487,74.76370783270684,75.89814186971742,161.49925945128845,173.2976232362997,0.0
44,5338.2128426658555,-2675.8806742413885,-2365.3120038129614,5609.5122679434335,92.15367544018574,63.85327320041391,161.1677018396998,171.90646771223186,0.0
45,8037.287491076949,3894.615640377492,-757.3136037298798,-5390.111591651923,88.79640984995706,63.46227720988949,168.15236830336326,165.44627252075875,0.0
46,1669.8360419355267,5862.165590086738,4669.7755467474,-172.70410557989234,80.67548182232954,94.99385037483148,172.10782727635862,159.19861183855969,0.0
47,3986.4540463898015,1816.3313284325577,4291.092240236737,9335.764981583448,74.14897567419355,87.6319126105494,159.32103058724363,175.9750735846405,0.0
48,-6127.921340182237,5971.676853625735,6520.25454798749,-2921.744548457492,79.239180287353,105.13863617349246,175.8573761605208,171.5891063303346,0.0
49,-826.0255073053444,-3130.1792705367643,-1939.8645330930538,2138.4548679795444,63.11302185253494,114.2896220018404,195.15371177575594,149.14803254215852,0.0
50,-3520.3724565236644,3470.9747208320255,14072.705396980764,79.33792665700423,80.9525936741306,101.12568949073871,182.68191700271186,164.74725969275383,0.0
51,-1691.1789222753443,11412.835894611224,8533.330996729945,1059.9022581389136,89.82495835886654,102.43174633979167,184.4981767634467,161.09153335922167,0.0
52,2303.3138764269147,2396.31535903935,6015.204179795259,6623.0408326228435,78.89441179904833,72.3219291785272,167.93259363387182,165.67004965465983,0.0
53,-11009.828565410975,8056.933730292528,-2739.163974514089,7183.113004387252,79.61299409889438,83.01235015483165,155.55656715047166,169.34178541398944,0.0
54,-2138.005377043777,6451.988407369957,6340.48631811135,5685.174583398213,85.18992391704376,84.3949209335441,173.92313123401897,170.3941152660724,0.0
55,307.3241198141692,911.0322540908182,6639.6024831532895,-1304.1367852359263,82.56491971659683,92.9036531462169,170.71337469096898,163.13860172928764,0.0
56,-4052.130314643019,14603.96826694716,8053.105611957275,-2211.602558134204,80.87262911677675,100.83490533808782,171.5443699697158,147.95673417759718,0.0
57,18744.416482658387,-10581.05658015001,-9042.33759558026,3997.805863422841,87.70371353782967,64.79267286773454,169.799852789385,176.48331977069608,0.0
58,-7308.5078401065775,6104.994535840094,4409.1851698645405,-562.2264018268743,78.09022854955059,95.96338617081796,167.46058664415264,171.46404116103938,0.0
59,141.8324833063789,3726.9321975257203,6629.230368017426,5698.7785742874785,85.08815703652557,100.66512114294265,176.81006452193756,142.14393404658068,0.0
60,7540.73165652206,5062.289136596704,-911.2624544261964,-2708.905465949052,84.32140380835986,107.92300823018913,182.00866113904308,166.97578131891956,0.0
61,-1917.1089478747792,1573.1724394833834,87.8219253632726,756.0600430001961,77.40076568904936,85.25408640741811,158.11517548666552,162.97869799877583,0.0
62,-213.7164761921353,-1015.780263980965,-619.5403052879481,5083.3711041844035,68.17265758107871,82.09768353063404,154.7229508963626,175.14234589787569,0.0
63,-5543.245115888144,6385.641940560158,2259.36984539025,2200.809733144076,86.97390537332453,109.14500055983342,175.1411506843906,172.76199880279512,0.0
64,-4262.878546604463,10072.313284898886,10483.330263978543,11737.447240572861,71.93235931097666,99.15624711815454,168.37533117915925,164.59623055384995,0.0
65,-1417.2247049063524,12271.410798941302,7442.1664174458665,-3062.626453641799,84.5085671508577,94.10852308260704,175.0999801936319,171.26822965508927,0.0
66,-7829.177350545315,15558.217336097001,11054.526094275638,1705.7603038504938,79.53348753703798,62.05275421959814,158.4636659171567,166.95656215026966,0.0
67,4482.315282009885,13500.120927731008,7536.434842738897,2592.7332655780206,94.82147829550632,61.400925542216115,156.88923026228917,181.4069489695,0.0
68,-871.8686200165347,-1317.9887579403044,-758.8451848207271,4893.0354658252945,74.94204877656082,71.34469945757984,169.857082282966,169.53965693371413,0.0
69,-953.5821873372493,-138.28788661101444,-51.91939072241514,7507.242094930874,75.03419427971725,86.03262110916424,174.0611804533059,164.2875360683459,0.0
70,1490.0376301620377,13315.929101229442,10127.639698719078,4492.824254608824,71.4878107324635,72.3035806955104,160.50219978908268,169.74569461296676,0.0
71,-675.3975494106209,5710.373868008574,3149.752710884227,-3865.0122056993637,77.68381996280759,63.85361682738679,153.7634311457131,176.54420085016665,0.0
72,4606.09221396407,3436.4819022864667,-2455.356250890447,-241.4157012783562,81.39753652758408,108.79556064439127,183.2518329290766,151.85706965630396,0.0
73,-5655.4727868169275,8511.17800154096,9664.575053627643,3118.8570629879046,72.23446193329039,72.3703457813952,172.3524507394839,152.0582210514287,0.0
74,4475.149611995357,-5228.211516003268,3024.5666829557185,14340.656823549376,87.06498443860477,95.85896937945397,183.13750750485806,158.932029140457,0.0
75,-2464.8510569244972,3756.752968733887,10255.99231822355,-1355.3164041735913,85.63712506465939,90.95181962103902,173.96893886629726,160.0710135165181,0.0
76,-3158.7545957056896,-272.423359357167,1070.1521525916369,1213.8257808151493,75.33662665553891,76.42841660260066,171.6575446183241,155.24359721736408,0.0
77,-84.50298897038388,404.0545950367762,758.74096425999,-221.72635668209307,84.58984378934187,85.98268041601384,161.75493791873066,163.81365049368517,0.0
78,6406.086735861447,3641.083327843438,4574.588582737109,3707.8910485153815,75.91979183857488,94.74515182733514,180.06980942213656,144.72170183728838,0.0
79,603.2421287336587,8.022529196151318,-367.8797339263804,14219.248699798542,80.96748642027787,80.73583779576671,163.53201924004034,179.4919160533484,0.0
80,-8515.347969818835,9366.8186068524,3396.3773984934323,11292.339659538933,64.53439940526425,56.18078579809662,157.23831178722486,172.49676520899985,0.0
81,-3955.1612933289844,7125.720282583172,7405.042427204402,2946.4759908403375,88.50385862959409,83.24720136246509,166.8246537695671,174.3463510853464,0.0
82,-3059.4680596059566,3470.8441831196487,5807.795332523533,-2153.387317488765,88.44162798167355,69.56221719840417,158.17397315024002,168.4885046677705,0.0
83,546.2244398854557,8517.016413099936,4094.863951078425,-4064.951285486943,70.62077219040599,90.61029061162876,165.18013389279218,169.92756419816018,0.0
84,-5402.342356241892,1672.624008427638,8934.24425724499,-8109.344193595751,82.25290131951418,72.21895569346154,161.58918654402265,176.46182566235345,0.0
85,-5868.1475592585975,6399.071016717771,8901.08835666919,4267.451490169337,70.72160233577408,81.78417972366294,177.14410354989184,170.73322933066896,0.0
86,10559.486348458233,-1500.1857524946086,-3569.8494591911135,-587.1651236871691,86.0279307070091,63.13165188092037,165.52496691481213,175.36513151236832,0.0
87,-7547.695930983469,9670.457309678688,341.9752243685879,12684.319970444472,77.67459400800782,68.54303309867203,159.29242868335382,179.64306504428066,0.0
88,9853.803418353693,-2493.35216301268,-591.1428818283011,4597.368117964836,78.65364918775431,88.36388012241133,160.37976738097277,172.5971525054666,0.0
89,-4991.767381952784,5247.815283888424,5869.1770484694935,1023.0899108041314,74.49930622665772,86.93105016969245,171.54292209908766,177.20428309569212,0.0
90,6443.007439029903,9006.551326630344,1244.7744207254927,-5955.601172124792,76.45585549316773,88.40098837546321,177.18675794697725,160.87308023319645,0.0
91,6825.816028163908,-1359.3959158588711,371.92735624386364,4734.2316992822425,70.30444820187941,72.19183835933522,161.00006647875583,182.6048447719952,0.0
92,-2354.3688568793928,888.2541453438341,-2472.8073923817974,13674.117348535681,74.73745980739302,101.13005960240055,167.1885480988738,173.29559667228398,0.0
93,8375.106604214909,13508.985277835829,5853.470713845141,-3877.635210057028,88.05090546801902,67.17548702478999,168.15792953642824,173.35767558076998,0.0
94,-10502.148162966761,9899.901478187476,18192.84462476375,-871.0932781486487,74.59725834724772,103.94540931927865,177.1390235860186,156.84881538305638,0.0
95,5154.691949660571,414.9872319003132,5041.2736378815,13476.7568954587,71.019760941932,87.43307681105712,173.91092995051457,163.37781593257512,0.0
96,5094.354139740143,6076.396427264252,6923.322135831303,9337.460611631248,79.96234799058577,88.39831464415734,165.51122665348174,160.17962981467403,0.0
97,4036.1802431639812,-4773.151794108573,3545.1112107948375,-763.9682583331103,84.02740784395486,73.85172381373174,162.42286830324124,166.01616241656816,0.0
98,695.0315192913279,14934.00642603655,5820.032536691155,-6634.924721827873,73.57569666469558,75.5635303131256,166.24606532413887,178.0363963662327,0.0
99,16409.69059120334,-13267.362666304743,-9719.114643167419,3614.3513152148225,69.22107330467226,74.71000964359445,160.61165173310673,164.09384106883115,0.0
100,811.6547564846086,-2875.6330535572397,-2221.056286107901,-317.9456861596304,81.6111274267989,87.26082034758339,162.48485958898442,167.13731772749333,0.0
101,2045.2359377276443,16114.648848205341,4141.5083781456815,-10059.037468684028,70.5371535304362,68.03679367254107,159.61854789952912,185.31407747659372,0.0
102,11083.866506481249,3486.518727521329,401.0128188580704,826.3723827778442,91.01405829534926,76.1025932204204,154.47237468529966,178.71547553461633,0.0
103,-10371.972565944237,11550.432424028137,11741.689705897692,1773.870429390895,73.5537085710966,95.41635818432239,172.36449907407876,153.64949399768813,0.0
104,-1610.8763462760357,3167.584727347527,11253.584266493466,-86.89390900949778,71.51441970719642,77.20285450024309,159.07153757526208,167.62327647668883,0.0
105,-1343.831379206999,7822.980388463882,19543.42971697625,4015.098856754249,73.96360868589082,113.33392634308166,190.86229204346242,144.92003421808343,0.0
106,4267.896668221306,11839.091639444612,-2741.4327902050973,381.17655534881845,82.29730555493025,98.22829481131879,181.15203378422416,160.94736340171076,0.0
107,-333.73286760584574,15966.649134348561,9091.162302219647,-934.5529493078258,75.99879625291582,88.51010370945446,175.37677490658095,164.69429597259276,0.0
108,4858.812844789252,-3102.4976047925093,-1888.7381717073483,6622.430864995831,74.8984859723589,97.68699110134325,168.68275117089675,178.82341583166024,0.0
109,3488.4274481581215,-928.1441521612356,1525.5985592370776,4307.890887046638,78.07496883645285,86.2070928918737,162.13281186886033,160.52401651432385,0.0
110,-6895.170676862539,7050.300316419781,11187.175294013015,-5022.281954330131,84.209639365735,52.177246300835556,143.55536429613682,170.04097342339364,0.0
111,-4904.904144332779,10149.097208574265,9691.158769160149,2563.8658675327647,77.95378694628108,128.95357535137705,192.39009304262686,143.9790348215263,0.0
112,-7924.648367169604,8072.42139392597,9888.484937274936,-151.6549340949007,77.31416205079957,67.59224693699261,161.33235681827577,160.52220845928005,0.0
113,-8974.993304025618,2974.061935888435,-3030.9618142203935,-194.26563438097634,86.41868960170964,89.24380251900314,170.18597379672482,159.4435586421855,0.0
114,11262.422015654152,-9322.151889974193,-4879.423280038792,5833.054625329971,76.61311574743375,82.93204081373307,169.2494546050507,175.9383722463823,0.0
115,-11466.243595376045,12857.809043950483,11855.246175480037,1697.491493485832,87.6043702811788,89.30189084537797,172.73939371689076,170.01729903069892,0.0
116,-6378.1832022351355,5275.059440579778,3408.083505320107,2920.5112379182747,85.09147843196176,95.38140152306217,182.40988343238507,159.82940686615325,0.0
117,6950.258054065341,-6562.4631923715315,-3440.220098226573,4964.672568254716,71.57183686995367,103.98491590061023,170.34532318686385,166.26248899215497,0.0
118,-6121.9090963113795,4899.937405223258,8596.096600826177,-3910.8963087409365,68.99893168261146,87.63230752795732,168.34752835375767,164.7100464120204,0.0
119,-904.2784461166069,-1546.7768968632263,5976.2816136819265,2929.9724749474112,78.31358349729261,112.31139438904543,176.36940838314064,149.9473571661486,0.0
120,13294.009126683826,-2570.8025508632313,-2943.431528776239,2354.7875436209038,73.67232812912505,79.47392954058118,164.1568096694242,184.5778932012669,0.0
121,4733.918748705812,-3126.5144431033154,-2426.112325427529,10459.966246895136,74.67382779875503,83.0693417545958,174.59292498236866,164.8280083112552,0.0
122,-108.21733231046915,8407.588636945096,5513.7260318579,842.6711068660926,91.73933370240223,116.91474482028585,186.57258910712505,157.8790189756731,0.0
123,4132.814308221682,2399.1309318220146,3139.9187002886297,3264.805499597787,91.90350744687147,97.36160690430108,171.13142088997827,162.82852816349873,0.0
124,-8194.45562243326,12545.565603416595,8135.684450872319,2143.048852195327,64.5586776572882,72.31837648140313,158.07565571713198,169.83835018417338,0.0
125,-5742.480877156757,49.76805306982701,-6700.191309625183,-1246.8431278864532,72.48791395930587,73.04971293671309,169.1752772714326,171.95253909477634,0.0
126,6680.148655932659,4153.295046412529,-955.047812237797,-3429.9880949245653,75.3499182730966,64.18191849419635,173.6462029814655,148.20777972421257,0.0
127,1581.5341711616936,-3153.3438452998835,1620.8870553041677,1633.318856195642,83.75445523661372,96.80420399117011,169.7458749964338,162.49294417831047,0.0
128,-2125.6212915743663,709.8377444696853,1607.0136231631168,5133.070456864684,73.89474286148861,76.22289365829921,161.53202109137274,156.51073797987016,0.0
129,12407.667669468567,-7827.160396647537,-6196.405295331909,5318.0985900701535,82.7226172324561,84.47386609887349,171.7199918871698,152.6372225335419,0.0
130,12413.618814909258,-860.2180320364598,-1031.1043532881308,3421.329170097548,59.802905384761495,110.57172965497848,193.86201084991933,151.23989292119938,0.0
131,-1192.3179608153362,2712.975826677037,1642.207519159541,5568.852315442461,75.65556125747817,73.71202880139553,162.21358521290267,170.39075300051005,0.0
132,-2577.248384361367,734.8143929848093,655.7845491910763,-1512.2356932126615,75.74920839756412,83.66575086971179,161.88466108329902,175.92928083539735,0.0
133,2390.4524584752276,2222.7491623106816,758.294794218365,266.8744683606774,82.06456127804208,63.494035187901474,163.32854684913147,185.21079320568796,0.0
134,4217.14512330596,-4264.478414247389,-3557.531774497766,1817.304218586948,84.5476730933583,86.49501108737876,172.8601816472475,160.96931150308535,0.0
135,9316.328474355038,685.550934142849,82.85783810502734,822.3999366711383,75.8784505587434,109.16323252021392,186.95960262042985,152.1440066542839,0.0
136,10067.2813513827,2268.3660229630495,-1913.331944047234,-2257.462410145705,75.09411616848946,124.13362050300253,189.7929397101878,148.23037593989437,0.0
137,-6118.690000776695,4953.608777859746,3280.0767295116298,-861.3790415000122,84.43657170819768,94.68778813614786,185.7857331815366,157.632272192251,0.0
138,728.8317985688599,-5369.999405880588,-12267.892195851153,4358.401855059819,84.2384948605714,96.42905705296286,174.89127499814023,169.55177555030977,0.0
139,1145.3335748661143,4864.828541159584,6119.088477075236,6353.784841970569,81.55785975815638,67.6384532842116,163.80106380621635,178.12120246155928,0.0
140,-6267.276974164926,6348.396171217872,11213.760583000358,3474.0191312095685,78.58929883944806,97.4243054404972,186.24326793447594,159.07063183211,0.0
141,-4957.883735765178,5286.964809910863,4270.517421840087,3790.8459472651944,77.96070730587861,104.09645885233797,187.47808453443898,158.34442239382983,0.0
142,-3758.5394046405054,2743.5414968970736,7526.811952754494,7723.216979547546,73.6328622361306,67.11722904712906,169.9929827968306,167.4210430403242,0.0
143,2219.458145103144,8005.108348956946,5073.417999360473,-1453.0304475178687,80.03572087801452,78.51209436670594,160.148532895041,175.2205201850667,0.0
144,984.8684846834321,3347.8421258510602,3350.539914463885,7308.4052664360415,75.2627112856596,71.02857103262829,157.98109079113775,185.3488823106521,0.0
145,1656.9973553360708,4740.105883339017,7961.670993622917,6900.930255177141,84.94581847408735,84.80482162484715,168.87936091757516,167.26724952150803,0.0
146,11259.534731840633,-2038.522285929664,-2559.9886425434925,3892.496766021581,71.32049567585676,96.63483996723252,177.61571934881812,147.69123480400418,0.0
147,-1860.4080716476233,6599.633007694736,-1384.3520749326008,17941.405759329977,62.784822986244095,109.28927925009575,182.03964680607677,155.0391382595529,0.0
148,6538.264812580436,6362.559644531985,5060.554913690782,4643.986992336297,81.42366350875629,131.82774290706683,179.57704916093527,148.56644825604897,0.0
149,7350.276829516087,1277.0772978591433,2367.304541437088,5020.855084685666,82.35257673728198,76.99278936785022,171.76843319718046,155.60616562634524,0.0
150,1653.0738493779204,6341.371811566459,5814.560327718741,1290.9246635513427,84.17867676579138,104.6080355441572,183.03375282369151,152.66344955723616,0.0
151,-4888.912278884359,16265.846084154307,7100.445951754191,-6918.385501300417,85.3264517473607,80.18862659880138,168.39917201623425,167.12279279783536,0.0
152,-449.97929301993577,7527.270897972422,8216.43924909285,7143.572046961947,76.2133035782511,95.39025219158258,175.44333465874507,182.00234406937034,0.0
153,-5425.910024986972,1060.2642348110066,-7979.605553610336,5721.626005274739,63.43465566795885,130.15649713648185,196.45400260500665,134.87527139955944,0.0
154,6932.419762143628,208.35174270503964,156.96980443601706,2445.303923168879,84.07406708319905,117.79245133970629,190.21350867122774,163.3867728065386,0.0
155,-5682.732777443558,3245.167545220489,12608.595173063173,16787.70828876663,81.2014127965981,97.36338529689853,167.82471364869306,161.84289153230128,0.0
156,-6837.567886207712,13653.616741383947,18467.835837374194,4514.398150974221,80.47811942921003,70.14160043223576,166.79375147177768,168.84748948916823,0.0
157,-431.94295561915607,3285.148073205668,5806.7422045267185,3051.7038508318697,80.0101161539639,77.13949801148586,154.48640503227023,176.5511121399388,0.0
158,5397.289089298812,6981.663939129722,5782.82205959389,5447.500460711843,81.26702853502566,80.40368300729659,168.9219109390651,172.5114946788837,0.0
159,-2246.914933010091,2417.88498232615,3930.9893587507163,-683.351451415509,80.79632032903277,99.19075011803068,177.57701301324906,156.48441076811307,0.0
160,2740.2426051167013,6898.812415028143,7441.443828592696,3086.0461037528307,83.74493886244613,73.10842173582971,158.52686151732217,167.7241113326217,0.0
161,-11997.35710936888,4612.107383279296,-4579.74279970841,-1795.91604221265,73.60300989070724,71.83227103453524,153.67946658822788,174.99573144611585,0.0
162,2090.92480057604,379.6783646949922,-4964.944881869758,18707.262664342325,63.73436704301253,82.23703792530058,171.3495348394135,160.22161891087922,0.0
163,6514.930895677402,2378.30254548631,221.23278133507407,-715.1032951295977,83.052601908195,64.02074786999377,159.51557501687668,181.53504742276124,0.0
164,6617.001313752327,-1616.2997498406794,421.71026808732927,4059.7200836125708,63.90982108864008,92.880314472457,168.69481348709775,164.52447695955354,0.0
165,1992.695333174486,-1331.0284309150027,994.0093961628734,8132.614948657464,73.56377785234353,63.05214170549597,162.21971226306107,168.23391514289725,0.0
166,-5500.980178894137,3477.999314853254,3433.8716953794706,-8811.445363092751,63.706012309605335,78.34822859861058,164.0096652794642,157.00077080974296,0.0
167,-5328.080572352692,1940.15157392779,1532.094966222233,-439.1870220567884,80.40801560159704,69.14858978504977,158.7603276759973,170.799808812795,0.0
168,-295.4135807769718,12428.740624027017,2787.7350075846875,-9921.289794542397,69.89061339370346,103.69383348635486,171.2891511011624,165.4719717534641,0.0
169,-4751.8304819237455,8718.047413625229,9622.588874070989,6102.423096067863,67.3380254962767,78.10577266539453,169.41739125426332,171.69798246760763,0.0
170,834.9414187844158,4237.032140523408,4935.446544890112,2540.260159109141,75.7438928352203,104.66092183604735,181.69820028693167,147.20711615605447,0.0
171,-3437.874534138924,316.0844126674465,1814.454518323373,3344.9359457321034,84.92303717621246,90.1593372599948,175.08589788993456,159.9352760848538,0.0
172,452.94854256712244,1609.777692594321,43.34746849958337,5766.1875401920815,82.83449364722206,74.95754930577627,168.94708135378144,171.47221439787717,0.0
173,13260.067354715673,-1934.9657539856148,-4689.000980468039,-4785.516701864257,77.7217096551462,85.35355303960279,164.26431441484212,167.7568462608379,0.0
174,-2434.34293560478,10605.329697705913,6657.1952316193565,-3892.583763518447,73.77366546722575,86.27083580161514,172.99479711881486,157.85401666357603,0.0
175,-2732.9083113807696,50.29503268964941,3206.3972913333605,-8417.265922742672,78.25932591384982,87.3626703107688,166.82068885354312,165.30374030797933,0.0
176,2480.0583044696064,11000.804470976049,6566.562934402906,-4261.84719409755,81.4560074427785,84.52529827764789,171.2626500525528,158.86817825184016,0.0
177,-184.56922754458427,9686.239969136432,3104.75567770434,-6259.394873339941,74.3524746808037,66.57810272458079,164.06460424449403,157.64686991369229,0.0
178,-1184.6268994149764,2962.4622028187664,2950.397293730298,10478.798516165762,83.01444592993036,93.12529562777374,168.49746701646603,164.3578841126528,0.0
179,2642.131234527338,6178.744769580748,3991.735556875177,1759.9797760943175,81.77947931699629,69.73400654653038,157.5707571039181,175.45371807102853,0.0
180,1400.2902359878617,1266.2789088016227,6906.140182489682,10785.950164836533,82.29511022424019,116.37298164473178,184.52417680154295,162.71978281801523,0.0
181,7613.181721215973,1409.7391606852673,755.3381210072696,4936.429680228392,85.78626014851586,95.52614304970892,174.2228208551018,170.57151730262612,0.0
182,-6959.303386435076,7354.142855711778,-585.0779393948931,8458.393062194726,65.00829907131306,80.71554369612393,171.14443658581317,152.3902696626282,0.0
183,9721.756416520533,-2338.4160544631354,2135.936536896051,15692.25073864837,83.02557810891818,100.42598100466954,183.3734184144124,163.63410424434667,0.0
184,-3633.0758511446647,4574.457162406201,2804.56807735669,6401.349179577961,74.58288816943009,96.91993456887377,176.2751786020556,150.27653478274638,0.0
185,17208.231459392427,-8248.32211892115,-10520.205848885293,-8833.084058936127,84.57437998896079,96.84738614143559,185.18765525023252,156.31817598768632,0.0
186,1993.304558088482,4822.992626595439,5793.495870039956,5784.393403718316,75.45787475687908,81.24882451692616,169.176952349989,162.3069139237737,0.0
187,1675.925432934756,5100.016575350316,5601.478764333429,4191.765622875311,80.18328856978033,97.01909500079559,170.6226659401152,176.57819448980152,0.0
188,-6846.027339803337,9594.191396876,10707.721498154719,6943.415596863681,82.30311661606493,69.35836622598082,154.4102079420581,178.08433266241724,0.0
189,7747.586438507828,-4204.696235719718,297.36766372009794,11288.767315555833,70.21921629534691,98.11475720829709,166.48106211859317,167.15446504649776,0.0
190,-2285.57184493973,3760.488088777481,-12165.393505359203,6566.937021677123,77.57475291027258,76.68885679800957,174.10222386449146,173.5295141497337,0.0
191,4188.017665175799,2473.1220892618417,2238.9353051018884,3947.561298244442,84.54029555978683,105.58829116295792,176.29959247923082,168.22915238070507,0.0
192,-3799.2775236337734,3354.0585612723644,5956.104377480545,1644.8185674888193,86.21252611180867,89.95344241699321,170.55125655494598,177.2953295456246,0.0
193,2187.2493088285423,-2217.858572894168,-7548.876340730345,6346.4435907155,70.13075008827288,70.84772445098378,155.7361827035139,170.43253707795776,0.0
194,4209.605058402832,7971.344632755374,4492.848994863794,1075.289684655567,71.45638022038855,91.6283079800886,174.71148301228567,149.1951354463247,0.0
195,-148.2471102083749,2834.080050336872,541.7148011757114,6861.679359339972,80.43647277720015,93.42611027253338,168.19386968043102,156.82835474658125,0.0
196,1290.8422391411566,4581.7197339160675,6238.555734578218,11563.277417082176,79.40117015718243,103.5790076121482,177.98410364257106,164.97986131662321,0.0
197,470.703616531067,-1676.5905786565347,6732.195394243969,-3177.8628680596594,82.85373531834449,83.48498585598742,154.87640851027643,167.95678585386568,0.0
198,-2805.7924006231265,733.047197337513,-1710.8591216060556,4156.943462969785,78.1748188413078,96.36205266014908,179.03029038816567,155.0564242341412,0.0
199,5276.590543113431,-3532.1535122581645,-2587.480221875732,1489.3699235374665,71.90476774637058,93.74022749283753,172.31445877769633,157.80792663413098,0.0
200,-2278.195602699676,1883.2282499070593,3445.3702110344775,3849.3019938535717,78.75538832163204,99.63459329410196,180.88002047773998,160.26262682570214,0.0
201,-6473.143867005103,6914.756820123801,10611.64786404498,-2550.7157549331764,85.14339087726363,113.24408256679999,187.02462805146658,156.8242237873621,0.0
202,-3380.5292233980153,8304.44459019401,9784.254215400842,6475.188828626324,78.99220360919273,70.65785695171091,160.01873846399627,169.9331059463594,0.0
203,-11567.396144318393,10181.971650326419,9856.97773020977,293.8937022618231,70.87170690821728,94.61839222533851,173.4526836551999,155.76311022933558,0.0
204,-12245.090919099615,7921.225359130845,2172.1018725405024,-1840.6796335854526,86.43067888333466,50.68479485931274,151.0705974488836,180.0536938155089,0.0
205,-4904.188739464203,6844.640695603802,8865.039378998072,505.26909678410846,88.65478478349601,103.48329054843134,174.3358570573296,165.9694797674382,0.0
206,6534.4014760025775,8673.638398936318,7652.20390529165,4625.098292505937,66.13535898154915,101.01404384444515,183.1824967451771,156.46655092559402,0.0
207,2786.767192967923,-4020.637764787413,-1173.6515971884694,-744.4030867748652,74.17320190100733,91.15805227360411,176.95530061647472,164.451578314982,0.0
208,5424.634754292608,1330.1566084956194,3673.7717396862017,6628.72525566348,77.72083576005723,73.4257546856302,163.06870732926868,179.89380339888902,0.0
209,6332.238380902554,174.8601172991098,3269.6950906692327,4299.6113491731,92.88041050532586,85.62908508190074,169.93407215008105,169.1423551852217,0.0
210,-430.7464570821744,5102.6967445998835,7979.887727211356,6074.170906025533,86.08651430275023,100.69262216176077,176.48533086866894,152.47716122986287,0.0
211,-680.1632040816465,-716.3876484092824,3560.141304397048,-2425.1535825233987,68.26149407152441,120.22509439360317,182.60022627806762,151.74691973395193,0.0
212,865.9599274580829,171.6378873812525,4436.710751175725,8878.081119943365,75.62610519063585,88.98331872135215,165.7309957692476,160.11101850499566,0.0
213,-758.318418360743,-1784.1020080131825,-931.6008630691699,-2400.1707762680753,80.6273076199112,61.894319261326814,142.54554763255132,190.55319700962002,0.0
214,6521.575185792278,-101.66162955947655,-2592.527480385001,225.57378896516056,72.17394471161762,85.21974296018792,165.2219093259564,157.15632502546114,0.0
215,9560.1137164101,-4366.301603967832,-696.1532341098695,11115.73699033815,71.64804689862014,108.28539977264865,177.54734324942115,152.11288831560842,0.0
216,-260.1257118981901,4341.284057086748,3294.707381661339,8795.47353318276,72.63893090503852,90.69345374847283,174.3800453884354,167.28387303064463,0.0
217,5767.036982553536,5003.590550699628,3435.733037142041,400.39717104280294,86.35719971311836,82.61780559779422,158.26184358982005,176.21006034306782,0.0
218,-1742.0175960589313,13829.077977651055,7070.825024800934,-6318.498894031977,81.62648449350235,86.43483706401182,165.25231006499976,172.98179982977697,0.0
219,908.4655508194355,3508.965288020565,2788.448041988478,2440.3108982535664,80.71961233397266,62.015728278368044,154.07813841785318,183.32503158884086,0.0
220,-1186.9536569234547,-2034.3507447206348,4169.576727718931,10382.739161973306,77.4084931044122,93.8070392566963,179.4104344218324,150.72594739950182,0.0
221,3725.0236259844173,11975.70413999567,9478.707204861976,4742.5782984102325,86.4828913828923,60.59961552742769,168.87077489491259,181.8967856155976,0.0
222,5279.644659529971,-947.614130990909,6814.597149002811,14465.844307837438,85.49666359422758,82.39395987556136,169.14551264249178,190.3346056561152,0.0
223,1234.8231004866554,-2596.8632365016488,269.4800799360375,-6010.811927080386,84.13965943127391,81.99572619692448,164.51699861059498,157.43928047065066,0.0
224,146.09183912271817,-926.6936578788685,-2961.5246253040664,9227.24710417695,64.17345535035167,105.82617545611166,191.61862085005177,154.6577141243079,0.0
225,8185.876546815203,1153.0045347370158,6003.546049409631,18250.019978211843,83.8446985105497,72.8347491072593,163.6710973379646,172.57572173274912,0.0
226,6305.7461355871465,5130.371054543745,5237.964781376671,6022.422280970419,77.77534339309459,77.75770426734442,173.95680002883614,182.26486010122989,0.0
227,9943.057146981106,-3601.5931474667354,-3530.3502573312417,5639.222001359515,74.39869237800828,88.38290160617302,156.75658405592733,172.07167424083636,0.0
228,470.5248601352312,2877.219827631028,5857.381540721287,5513.934991369943,76.29768842408033,102.75687182396199,181.12195445400042,165.66451642769414,0.0
229,-4770.121664935017,7515.273572079913,3505.3998445878474,13946.27570864122,73.5077215292249,106.51493434788935,178.43169799010013,171.06449439929264,0.0
230,-3563.0020733401643,1956.123101917565,458.6510709804314,3325.6664792373767,79.89939054215468,95.59885455982499,164.55598444024875,155.94337331820392,0.0
231,1432.4417211511945,8953.501142739078,9407.300038716092,8984.793810092293,90.8564542073753,40.457202720905364,138.05939477541472,195.1554172475608,0.0
232,-9191.65599997701,3941.5063955238634,-960.774812092588,17.717084700865193,96.67462338769887,97.88836479278764,166.7538744550312,159.442295866331,0.0
233,3017.7792029414277,-1260.7541095736265,1324.814762548725,10492.712359102532,87.12115764490893,79.27350374693393,156.29212813846036,176.64468654794786,0.0
234,4634.998889031021,895.2371501562606,1148.530802716197,308.1334190361944,85.49658890721673,63.60910824596441,152.02654128925897,179.24494932747228,0.0
235,561.7120220348411,5148.797960537813,2972.8355065679875,5204.8059450767605,66.83700655223853,99.68309206135734,175.82260630313522,145.93015342713832,0.0
236,1660.8105253207168,1067.8862847642795,7183.250173781524,5290.098584062395,83.3525775842057,106.54489438133122,179.9245479224735,160.61878426166302,0.0
237,4122.6349287030225,6489.264488459675,-753.0122516961675,-9082.160033126029,75.48470767707292,92.801115621827,178.83170679977414,162.5533869444497,0.0
238,-1274.245279293516,5324.495628599424,2795.6612261109644,13029.428193066084,68.92226426372031,90.81329373433519,169.16827250746942,170.671590163722,0.0
239,-4136.279319432368,5197.541116240128,9007.580888567056,2925.4221735992455,77.36242124721147,83.49451320227797,172.27249288699952,163.48282573519054,0.0
240,-5177.617957563029,1142.8094182259736,-7490.012028017322,6691.1905337814505,76.131064698249,71.57207088435784,164.8114431761489,175.56908421782023,0.0
241,-9828.587822961603,10287.380480695483,8906.707049438948,5350.387809899899,69.80518887398652,96.67710794146696,180.59171947394788,159.46073550982356,0.0
242,5447.198337522188,5875.187314965771,6592.96342281177,8594.446677894772,80.65606508324917,98.60284984016735,167.94234383734272,173.00758353964642,0.0
243,1516.6335839702776,589.7820987082212,11861.969454354881,-2450.405835264316,74.72573946849175,108.28364311218594,176.67873204686526,140.635046582163,0.0
244,7188.807460962508,-1008.8797723515248,994.5461215583986,5186.717380622335,90.81488207564784,81.42025590061695,171.5859735966725,173.02377713484557,0.0
245,4275.427719493233,705.2238000389494,-231.10034647825816,2115.7633983525006,85.64849663593975,86.50148575356145,173.44552278734204,170.35571456158442,0.0
246,3793.612669303658,-3048.4432175702004,-164.23344155835596,2268.025300213749,92.72851191072706,76.09766411076305,170.5767364763167,168.00419387676013,0.0
247,-1265.330231480123,-100.15968080103565,-2303.063208670203,6760.962204432814,62.933365800363184,130.58607703491697,194.1083334191355,145.7160437159336,0.0
248,-3738.1537602145613,3092.8199754364177,1901.5625129009388,-929.7175784647735,77.50783366479313,103.3968502528223,175.17947956069048,140.2397168720269,0.0
249,-819.9480758592714,2595.95034974508,5989.46083662786,-1274.3960726677926,80.17707859023268,97.75644445788421,184.69868482324708,159.05855177534474,0.0
250,-4487.944953928131,6110.309849507084,11672.231760188182,3244.535061359581,82.83070608081752,97.49538615019381,175.43810625031696,162.37104714050022,0.0
251,10852.993337873408,3536.524143811368,2903.5408184674357,9169.432645068353,80.06620988023117,98.81600155129831,168.98346071367325,165.83352431679356,0.0
252,16965.652488516596,-8305.229464125368,-5479.048637167643,7444.146242374238,61.9471305771862,97.43389609447829,179.22827708713152,157.01077471082286,0.0
253,-3904.0687156588497,1925.8357936111445,4680.480727919479,3936.159391097027,82.44142734846707,85.65388650259531,182.39611321856006,153.50696861696073,0.0
254,2751.1646068280415,1175.6819019411532,1131.6153634028176,-1447.4310603268577,78.94487214522393,89.94396700280224,166.82278065840666,168.99653245531283,0.0
255,-8363.262887155446,5250.368835483438,5545.8263116821745,4522.223605443074,93.4662657501265,70.54167782201606,153.38003258835852,182.26562385142432,0.0
256,6677.048745403231,2.8978257626648407,2278.8750063209914,8356.51530771732,71.08990349112742,106.87858933767474,184.43457084607587,157.63634019411649,0.0
257,2486.499729839134,7845.329261572823,3616.269836444554,-3490.91877704449,76.72721834528375,80.06851972190354,156.71793425260373,161.99256523129097,0.0
258,-6616.143659484194,3781.5868733221037,11043.551327233923,-7843.8285327315125,84.35819824096437,118.49479055635825,173.5004472312104,165.41329023766662,0.0
259,-1820.494132389926,-5294.772290211976,4260.566014489428,13235.462042681587,79.76561490767787,80.982108667397,179.16247137638265,160.79876733280926,0.0
260,-1668.743204501041,-1159.0361033194686,-1021.1209526307905,-17.89896746194497,76.24566573848149,81.92673262907563,163.9195717134259,171.67083711856273,0.0
261,-208.78948642302353,5062.678119872685,5258.177989504766,2792.805404587581,92.55125690052193,74.28443631935686,162.15160480459082,166.36267237242342,0.0
262,12473.302631367873,-5281.563905989149,-3711.8475897800063,2911.7001003181313,78.98895970861938,92.62970960620113,169.6970157815317,155.13944913049573,0.0
263,-5256.348147972595,5096.731157787917,-2479.501200818704,8562.578024497097,85.9550316482738,79.6178450603316,160.61044694966438,181.05240628447118,0.0
264,-1281.7010853576965,6116.206075941188,4868.327345595246,880.4422607963,77.92703913666853,91.02245429614435,168.76535323930045,168.37103769537651,0.0
265,-4818.3083211623,4486.283856432995,4059.8777992085743,4946.058591566433,74.39731578370106,98.85932300584174,176.9584051350658,162.54899574007345,0.0
266,-3129.476379131151,-1247.4906390256338,-5010.926590635993,2969.1018166637277,72.60925005447164,93.90552451688318,166.3326913820512,168.34196809098964,0.0
267,9768.504201601447,3568.9840418027197,2904.822642109473,3797.4549294814774,68.48267442433055,134.8960001465834,192.0230978691654,145.56880579627116,0.0
268,-9854.566971204642,4193.191001268817,3843.8610764945633,-1013.8388024619602,90.14270639636015,86.95542971822091,164.83248371369737,169.77734527489218,0.0
269,-1431.8270211404297,754.7029059528847,7694.115663375145,1131.1653800008653,83.80818335352694,87.01002487465601,168.65070407698988,168.5265150863729,0.0
270,546.8028045341069,-5564.187146326171,-7925.698176857633,2980.5776738537925,79.14778483260977,87.10915712096325,172.21872864344584,175.77746241594173,0.0
271,-4200.609336865357,8159.704921534645,11885.847773608073,6913.220182366448,83.15994072656068,70.51298639360886,156.91094035333452,168.48148768913447,0.0
272,1614.7610954802103,1984.8295531278582,2768.3717686857417,5038.912951443353,78.21745479470655,97.60614549231384,167.8530315931088,155.44612126203788,0.0
273,-1296.0404145669222,3361.6817319052025,3289.164862176492,484.7714947666093,74.74399942960515,79.74448306831493,157.58248539980502,172.2172801947015,0.0
274,-2303.5226398768655,4222.533063201224,9917.960954552324,-2103.2441975492025,70.59485334301982,66.98460478298308,156.59724509125257,176.97001023237536,0.0
275,2510.6386340746567,-2450.0347150792686,1377.5394102503863,1787.163544150571,83.78347055861292,108.27088233471173,177.03602916520052,165.21214323381915,0.0
276,-1121.3241195802914,6121.663459907929,8548.442365745343,7799.56744993469,85.13405534805231,24.653913235083706,150.64177527942022,184.40839155648078,0.0
277,-7054.545833772472,7630.120443850235,903.4178775608459,4695.427425481401,80.08782710960243,95.67944027503742,171.67096221610333,171.4359747823268,0.0
278,-10070.979427265074,5354.001354136973,12112.83266761532,11413.610417528631,81.47364970478473,76.55970582994698,154.31927973966665,176.52621990225416,0.0
279,-2737.5724936787183,1774.5284401734127,2058.4389456466306,2825.886678213886,68.59477167370498,99.24372556701756,174.537088753607,164.28903441468304,0.0
280,2655.1095726207473,-1340.8285069614467,-94.78290041047055,5946.211654528942,80.17107285783617,71.26031972036796,163.95494012443578,166.58132945779138,0.0
281,5829.065778235887,4834.044676727763,6628.840612806627,6892.727783234619,76.88383990359095,73.15149255133962,168.94104132888694,162.41156074882826,0.0
282,-5338.075754927164,5656.495388163065,8202.533447741238,-101.76963733713195,71.00112054074005,104.46072124197829,173.9186069194314,150.09071771837503,0.0
283,-12045.938303891375,10969.421828948674,12097.305723453943,-2860.411494840678,75.70924097639436,80.70269342749363,170.36976979782096,174.06094709177327,0.0
284,-1939.2715940037788,15728.588050408576,11103.853283785968,2050.2299602102075,77.46174874800256,98.75264542660751,170.5207208542682,161.46763003357484,0.0
285,-8697.267593418615,10070.90994399905,11176.816132135868,4354.468832328223,84.436210089214,70.89219555325005,165.794254836118,181.29131138867047,0.0
286,-6690.367679695987,8917.83133923109,9717.069002336802,5395.051794877803,73.3686838870426,82.26319225876347,161.41950245442644,165.392832803735,0.0
287,-8010.650766162015,5595.79932741223,8718.787820255604,-8133.046901522674,70.61964119565943,102.30762269828281,188.96887955819363,148.64073914185082,0.0
288,1352.8001472781236,2118.2652478782434,2267.2026075712274,8336.269061435076,85.89240788954997,72.42972193362334,157.97127498661973,167.46728285452585,0.0
289,8063.545483595222,4335.877318633337,3529.332368750618,3306.458494316485,90.09736076323338,63.864589361021814,156.7889168146271,180.8965860052366,0.0
290,-10443.123332035659,9802.864248566106,8409.180411039597,7996.234818226478,75.35718684641733,114.91443670245692,185.53474995962029,171.49182882465638,0.0
291,2858.8396878589756,7156.737620471439,2823.9868368120874,-1310.395358796431,71.24537094360002,88.96700700064635,177.59241844497518,169.24485532571524,0.0
292,724.0297544715912,5246.622002474508,3875.0451557326373,2677.440622638829,70.09535969667377,94.40260864460109,172.2137444090273,157.22046307393347,0.0
293,6389.578142264613,10520.067036524528,2442.528601019625,-7925.262735879871,74.20352337982324,98.77279979144633,180.22876472117764,157.0065657445523,0.0
294,-8542.901616568643,6475.905096682657,15125.141613341395,-6500.761137132182,63.97196417405498,93.0453223593793,179.15312593485595,170.0942776148879,0.0
295,6102.11672226162,-280.3094397000576,4252.410608853338,8277.037732625718,75.22056589243594,80.19568254332928,165.27978254126197,166.38118873837257,0.0
296,-3581.6518043743563,2125.16647904765,6221.973331235514,985.6606607298386,75.3230982162423,83.01045215825874,160.2685798217483,186.95640709751027,0.0
297,-3036.034136893989,2443.2297050841917,7129.991743472247,9835.29318014135,92.41815984495047,91.02262425647066,174.8015285515607,176.13052291273226,0.0
298,-6975.631125033875,6043.808320624199,40.18268128186353,3389.1209648788413,86.88940780182344,65.0411269005588,154.0490513092876,183.95563677034153,0.0
299,4103.586424722418,4107.412657595682,3036.32427658808,-506.0971957180125,83.52598149476155,85.33595964294986,163.24673836401936,163.3685743907305,0.0
300,715.1744562138207,6444.066817909296,5313.61731319231,2649.0800972318916,73.1950835742772,92.57736417967351,176.75711946328988,170.2619837918365,0.0
301,-4500.552989829264,6534.071716264945,3152.254721614386,2293.9343430493054,86.60705805493312,68.139938570795,169.06238350305333,170.09730385095202,0.0
302,757.6812522675395,4849.820928894491,7290.583537869925,6922.132591654093,87.11918348291798,116.91857655346828,185.88972595659618,155.85433333807327,0.0
303,-788.3812665201862,11600.27299883016,7632.522726143543,-149.1058231540583,61.04210642876031,92.42911673407346,173.35045105679367,164.92351225698067,0.0
304,3668.587259559356,5679.991025193106,5030.975666930751,2302.681198458941,88.39264573657803,90.48327730208253,180.51258066485153,154.49700234739987,0.0
305,6062.512827830127,3084.4002886950125,-727.0582362703943,-9272.037364737202,89.84097239003665,72.92909351858532,151.8648568345939,180.46983294188172,0.0
306,5252.9911536596965,3754.5115954495654,2729.1383547666746,512.8684604592055,86.87121914115555,86.03775980906637,173.01951262872737,173.6012241035385,0.0
307,3979.242019031411,-4667.800518275003,-267.63281168385686,2107.504887189803,72.15660042774353,84.17142224602475,157.80626843290892,170.82508748644716,0.0
308,6120.27853436814,-5657.892904262015,335.6422522664455,12006.048659442462,81.85582985434584,103.43263279387112,178.10981615870836,154.86997077026103,0.0
309,385.2506802860205,4903.441240761538,4844.271281412666,-3089.7708280826587,83.15412536737178,66.01017672069977,149.02190174776302,177.24487520111916,0.0
310,-2209.53636138873,10835.959544443607,10679.177317846481,5782.398759797577,94.23260961586405,93.48708455956323,166.0208187352843,170.29556934317384,0.0
311,11437.300337880462,6663.8091962469325,-1924.9141872203563,-6443.210746541093,80.40172655538136,97.28932071735379,178.01248052179753,157.3791312287371,0.0
312,7818.090749419816,4955.337092925059,402.73528676255444,1105.071152043292,69.08963121108499,99.88763483419429,171.5976191894892,150.33123973725583,0.0
313,-3650.720703916427,2464.298218333044,4271.9573233986475,4214.592529278328,74.58886651048019,79.52872067990612,162.8088596796405,170.5246573502012,0.0
314,2525.6403198394646,3824.3460402592837,2834.578999045657,148.53761069647442,82.05740434262715,93.50639223656378,162.54772898214313,174.89711869115354,0.0
315,2471.6354409190917,-1656.6320821434854,3120.435823672191,7477.05079025959,80.0430360327325,57.34626335167974,156.4525397976466,185.66663275200114,0.0
316,2071.660039117655,1276.7297251522925,737.373079121622,5411.431110721868,84.35827044796068,115.91642668028958,183.47788754026462,155.09042954773477,0.0
317,7586.9447699242855,-5182.978713716557,-1180.05540852389,6152.747829555803,76.22428668129,103.83808603580307,177.72364796918694,161.09251557295084,0.0
318,3437.898649770165,2614.3059374480617,4169.764647090829,8581.953950383971,74.56442494704082,80.34704351832968,170.10413277391822,178.3100895492173,0.0
319,3261.4032495500082,4089.449772598057,3673.761039738819,2035.384553271688,70.14096425514384,102.00571285725172,167.641165193451,155.69011405844938,0.0
320,-9990.798326248409,5925.284732688009,8119.795377587421,2996.3779143640386,92.30181193127493,74.60057807804195,157.61160615606937,178.78546624193729,0.0
321,5099.791248794094,-116.34918546722206,-934.1505480406021,-3364.8980376179943,82.8998026742941,47.01138528241665,163.16381211834226,161.5773023162875,0.0
322,911.8567323353193,68.1626977153269,3888.2657734832032,6628.375937005343,74.07821779695868,98.45016655930152,184.97531983394535,164.58726859948285,0.0
323,7677.677572435181,57.84350049688891,-1520.7091510952462,1326.1566788734442,86.15609305003744,104.65074703700188,175.5043953228851,168.11214633459636,0.0
324,3924.876671304427,-672.709030071768,4637.498285061052,5563.553823812496,83.72946089655792,65.34554766843624,168.95773607199354,173.34718905679742,0.0
325,-2935.535183124868,6003.4903540750865,7911.635064170769,2343.1301395033825,90.21566762774742,112.64970877131125,176.0626868449947,163.26635696264603,0.0
326,1534.4994461149288,3578.5854924863174,7790.969855477922,10952.342602334966,76.84651779494685,83.64674298054094,164.32274661949987,162.82348476161852,0.0
327,-7046.1701554346355,9652.127667290517,13436.064712440688,3383.0706504563523,82.55926611672697,95.46211955633491,176.20314111374748,161.2287020178835,0.0
328,6533.496034802663,1740.2935278821992,8241.459505102877,9131.808781573976,78.82189284274048,84.64638329704451,163.53697114973437,157.9560147808627,0.0
329,-244.13870094909961,6214.714713192641,7611.078671090359,6356.90823317578,72.57934496236487,101.54101770594232,176.69967301258404,167.69140726316346,0.0
330,-7241.280527561641,10899.448437665491,7079.9819632885865,11732.2057261116,81.84720596123528,101.4383645315077,182.41110624542947,136.41139065231982,0.0
331,2147.321453845289,-6623.21506895454,-3127.6725363976066,1294.1850720420177,80.64406739596589,93.83044625040489,171.74777437881392,172.19450643869177,0.0
332,-6255.209609503959,1538.975805841722,-4853.477509943323,1252.863703627455,72.29167561381132,104.83355454935797,176.3056058861319,156.14046940092848,0.0
333,-2198.844095565182,75.71695803385924,1174.4616021659583,-850.5455680686081,92.66772577186475,94.63209273297976,171.3614083401201,166.00944071071888,0.0
334,-1247.3809728398533,4935.264290568878,4564.76940397286,10430.244151429668,80.83615248978155,94.163748900117,171.3078839994951,167.8038208151607,0.0
335,-1065.678081989034,1729.44647227015,4045.9231460969622,5726.889142809025,82.19628321691621,85.25231723960233,178.57422993040834,157.32399723857569,0.0
336,1389.5920486407772,4005.3233069962307,6042.667116638421,7717.507253836754,84.0212862160691,82.0678584472056,163.6576326499919,163.5440715338704,0.0
337,4456.132445289521,6063.738143932443,2630.7450065859507,-1279.870094525386,79.70054696118588,88.13315148573744,178.02193572704172,167.69547025883458,0.0
338,2459.3200697111283,8067.234572921475,7071.8126077115485,3671.5878966726345,67.76464294420737,99.03133519409504,178.78878623940344,155.8342120688798,0.0
339,3277.196905236661,3006.7555984062215,1687.5019281656578,2323.3187158468336,76.04315764343207,126.46890955844611,200.92207795105088,144.2561962792283,0.0
340,-1238.0647617563043,2160.2276344284455,5901.611446539178,6976.833009153401,84.11899160734467,84.38725650676014,165.70894063571774,165.5786419466703,0.0
341,-4081.4489171662585,7156.179513256788,5858.012388244571,10992.219550579848,89.76107310942373,95.82303310623561,180.99700823647984,169.43630073851628,0.0
342,-2421.832573528464,-1910.5925752126063,-2841.116347220964,-589.9374342306403,73.9510162978761,68.71237103793474,166.61928499375207,161.0418617886258,0.0
343,-7186.636832148385,7252.9546803993235,796.0740468524841,7755.59357376437,84.04930846303617,52.18682304980073,162.6846922610721,176.9915364494384,0.0
344,-6802.591514664668,5917.022544612149,8610.547822083136,-10156.03978213465,83.07309361718902,84.72202488762915,166.99348850479686,163.61154467144098,0.0
345,9493.11293524844,418.6338765279407,-4299.445097251729,-7126.0796303859825,62.50991725766758,105.79737718610684,175.0900172081742,159.50313719386753,0.0
346,-6082.854937303758,8153.692391968393,6554.584447244966,9502.02150394861,78.30571648412662,87.57812698586123,179.85128424422302,164.26385284677707,0.0
347,4654.840919628784,-6662.087264493214,-1065.6784668499317,-95.566558335606,88.4619940364905,66.8056168787241,165.22868772211675,182.41443344254603,0.0
348,1766.5981821091248,-6135.0909196616,-4749.63607882976,2445.723875725917,76.6565674739599,84.13581502094742,166.70769189704194,157.35182521853932,0.0
349,94.52131770502348,2502.9275052550997,12959.668871291573,-1736.9002549976797,71.04217551265278,82.64810301047991,173.0820410061562,155.31916392972744,0.0
350,-1056.3640255488517,2341.067707766732,6043.066048326493,7388.389949578147,81.81164108376711,116.97608380700449,183.19261224863624,155.4477047941336,0.0
351,-6903.470579742128,2311.7758620635145,8438.836424963512,6130.111916668453,54.33063968807608,109.14493345650556,189.63132982379216,164.85240190014545,0.0
352,-5770.88242567151,-138.02170214340893,-5839.664976012724,5385.699672013426,85.78464163506123,90.4161778611021,176.0567190901427,167.6567053505411,0.0
353,10628.373767693192,1398.8382102647083,-3427.474732921692,-4733.448562034266,83.66414333216521,80.34171658225735,166.8104056708998,160.84523943019707,0.0
354,-3979.2707787022478,4238.6894840850555,-8230.588200265935,12471.922894703654,72.58031600919591,99.5025491192927,168.750963668451,163.2796462194271,0.0
355,-2500.4381064628474,478.5148523213598,-6160.684323548594,7802.243653094395,76.79748693935407,105.38065065136757,173.70862499869182,162.29031845385936,0.0
356,3500.422502160393,-239.04181254878455,483.3894425341945,2292.654441063828,77.56953844008541,86.62562592204978,171.04216750103944,164.26056495771684,0.0
357,-4535.165939162485,7750.788339432297,7276.970604132836,-1322.050062595483,72.42226645122751,88.38756407752219,172.9562828511398,149.4094850317994,0.0
358,3709.919514480352,2774.3762039347143,12840.282375887567,8322.250477111496,86.96065618795342,71.44865594863269,156.31177750933065,176.59357858927203,0.0
359,-2934.208513344264,8379.16588362248,5069.122870974832,14372.649968870903,88.87767806788099,70.87405280365957,158.73038007362442,172.59757803766104,0.0
360,3454.5743871370487,7031.030998398666,4496.090073374232,-867.3897938298594,64.05202814935004,90.62015312715944,170.6264961515229,164.80935074516955,0.0
361,-4542.916630271979,3510.0299865001116,3541.920708228543,7946.720285288969,96.55819718955513,69.38122151313159,158.19206209530262,178.23621805339621,0.0
362,-3033.9322332746306,8299.645590043352,3583.508192301027,-6663.9685202878645,74.38862655035197,92.73572062825087,168.58372094719795,170.90271239743518,0.0
363,647.6996416131087,4415.39926231305,7434.7643254797085,11252.550630752226,70.89676966660355,104.2737928645378,173.0693401147848,157.31172667360264,0.0
364,2739.1038247533456,12861.36208719533,6124.128417162559,-6846.899540060377,78.74483614805268,90.6118789464935,180.1687349691114,155.1684675119997,0.0
365,2236.0463418564377,-3857.874573551562,-7313.994286315273,4460.560238616173,82.91829148821864,92.39641378207199,176.8538319900844,163.98521693758377,0.0
366,909.9211160997501,-990.8024337184718,2240.8530760939575,10223.598202479823,79.73481174182055,56.36579737248066,151.05878648262305,184.18259048984146,0.0
367,9128.816008519681,-5421.536140587385,-4876.354931559524,1380.6293342497074,70.56245397913476,95.67875610880249,186.81728218702216,168.65785437976896,0.0
368,-2828.573359808706,1633.3480205081953,3318.0178272571297,5778.852113111171,79.94282422568381,113.5903901584333,185.14155838011834,166.35140003548608,0.0
369,12199.250804913629,-2234.5432688865576,-1240.328871767915,3370.405379523768,74.32793660940094,76.9294626274824,158.57371533650698,176.72377521134416,0.0
370,4549.204204893112,6741.492084689563,5373.837784822639,2659.7163908232633,77.40539061340866,104.67343841454834,184.58686891496322,155.0073385471725,0.0
371,2773.70889804398,13033.558856477966,8574.155059548686,824.5054314938094,81.75564510571903,91.66934801999494,178.4826370664303,154.42711111031025,0.0
372,7524.985395183406,-1167.6503698220429,1948.4661338811784,835.3884184657119,74.15110453412689,90.99963837633993,169.37152379711114,170.21540374925638,0.0
373,-7175.763537743249,10354.456424839347,12694.43699492325,-1239.8655578234004,84.32413459269445,69.38408375123566,163.93170516228415,168.5253806637219,0.0
374,-4862.126028965413,683.6831939587591,1419.45146159104,1014.2721363995383,94.22171974717989,49.584289286841404,156.49548980491917,179.0064143072119,0.0
375,2317.4967524702965,3231.6547781310187,836.9528182194683,13865.24063913195,68.28488251502269,102.81727382243419,180.56360510567936,150.2495199495202,0.0
376,-4549.050482302494,9694.30748595641,11256.602355504745,10909.076262133509,78.54804774342361,56.41967812532663,144.11203442562953,181.29525318787628,0.0
377,-4010.652568130304,-2300.723109456181,2817.4764047152357,-6031.54990593521,84.24719188727109,79.77354486505654,150.73901505331798,179.73612333916947,0.0
378,-1597.7108833714797,7126.548189920584,8996.042938512637,9158.245582856487,73.4337374458074,69.69146713534766,159.22839000145922,184.6465915184347,0.0
379,-1415.5575728726214,14310.702709014457,9931.057353587936,321.70585464488875,81.55893601841,91.67692205912945,178.30148970955332,154.59058008736937,0.0
380,-3086.741166918894,5003.381483100365,2437.7057689524977,10163.697253700753,79.7819368345905,90.59119467231206,167.87320425967943,165.64971051106892,0.0
381,-4262.672282771699,6695.566192609242,10341.30777564048,439.38763403786885,78.11538702260336,104.1631470649175,170.13402029127306,173.05422633532604,0.0
382,-1146.5758599765543,6900.888748984937,6680.103017899688,6916.718162860251,74.57053723123366,73.24650439899735,161.84976005457258,169.35036463597936,0.0
383,-326.0220876572491,-957.3739060066102,1579.05765896279,4175.98343195878,78.11701611616249,82.16051012135634,164.67994756310003,171.25780233158656,0.0
384,-1031.4575802573263,4818.466922412965,10633.806538358442,2417.8003484646324,84.92172203520352,75.83346806157512,160.98808445223318,171.54119369933193,0.0
385,-4407.972212551439,5735.84335670369,5419.245076520526,8003.521119643182,80.14738660462004,87.20343347432582,181.57209304106658,157.2142391757406,0.0
386,8255.20896329961,-3806.733436870725,-344.82880219863745,10378.855066610398,72.36905276639324,114.44691546477205,186.22361377652018,139.8661765788592,0.0
387,-1633.2697459904632,2045.8164214242927,5963.777456848962,1551.944168401452,71.45507328311443,99.18588796730987,170.5225346582009,161.9985628958219,0.0
388,5545.75552710402,-6716.381728026665,622.6393230364926,10703.76897837727,94.10634605162393,91.66416139870914,163.41076005976464,172.4098305217476,0.0
389,1509.6983537535157,4516.333488980627,4438.541448125834,2446.0418415779445,82.52895043704436,48.20896875064174,141.84342297555554,178.2400100337382,0.0
390,-2579.5359204342344,2756.085580111191,-3922.9322041470705,12012.089681588774,91.21013284264276,90.57769163934032,183.36265300238054,155.65970041149149,0.0
391,1109.1123650499717,-2164.077833255772,-1242.1916843301947,5153.561518186117,96.99879958441292,57.57496094699905,152.16940507993573,186.1874343395597,0.0
392,-3554.9954144467442,5014.775528860872,9265.231893778395,5086.326493672075,79.44451919751323,107.85398113036176,185.0609597756104,161.33147036342515,0.0
393,274.440725663748,-3454.129561542801,-4344.078826183045,4416.319350141162,83.50809594880316,86.13341405879665,166.91532015297506,158.377307485628,0.0
394,4665.579312011905,-3701.438828182242,7358.300684558096,-1381.0471641918655,87.16505816436492,77.78267146022081,162.05264976302033,161.19359513808433,0.0
395,-1791.4118662289427,-1691.1351842816812,2603.6614509502824,1212.8180708323102,67.28118190595859,86.64047675948908,173.04576433058065,167.90801998673072,0.0
396,2295.7697622654127,5685.713804992678,3768.1963027922084,1315.1193296976676,74.92101109212949,108.00164438674139,175.69970778986595,162.53971022729328,0.0
397,-6728.677961951898,9011.994263929011,8706.722190229268,2294.8411415650476,82.85846471885445,103.76231036310432,178.1977560843539,158.1427889727215,0.0
398,6485.305154077691,-977.2708944239406,-626.8840225930962,1612.6014125009078,86.32040877118656,105.3026150465318,187.01701889328248,148.27948735166336,0.0
399,1241.0041250588301,178.88915421069873,3734.582075449737,9197.639464324908,90.02882644861201,89.38530549868007,179.7654732874166,167.6390755307996,0.0
400,-5731.954045054536,9298.065702142834,13577.674034533684,10287.757244268785,75.63197602142527,96.71827607176382,173.55786589229857,171.41247430347016,0.0
401,-2043.325294713652,5889.861122011269,7136.786096735396,5154.471540643424,72.2984419978871,73.08191952022224,156.80842699174997,178.56751302804662,0.0
402,10527.00746229098,-948.8135478040758,1988.6003695237928,14491.712390851433,63.23997937792879,114.76938084332077,184.53067356411748,157.02156634560723,0.0
403,4554.468456785159,1361.5852140936558,8602.768256614578,4832.085955859242,86.85943315005048,86.51130329653581,166.05599076475238,176.621861111405,0.0
404,2027.796236720541,645.8072559085056,-1120.3580336993696,11528.63549763041,74.63062476501588,99.37007160639942,163.78587629027285,172.74037395034128,0.0
405,-7680.34683343701,6887.406392858866,11038.208583130052,-5620.151818089731,81.06662580623232,75.71691449415167,166.8546942392138,168.08413155937185,0.0
406,-2672.1722164157336,5672.1903480407755,7286.663758550278,6478.835826972052,78.05559330980132,89.58154300205496,167.93117667695677,180.0864816546202,0.0
407,-7493.917736302269,4705.670933016762,3560.8541283556647,2254.7655450261927,65.4740066204384,115.35659323812885,167.5321476416734,152.76853447761547,0.0
408,2671.581240979823,1457.974606263098,4916.55506008013,8006.145206613052,88.13830960897488,96.88651098740189,174.5643562513837,169.9703435036036,0.0
409,-4990.6639174399725,2419.1368969187233,1919.276746279685,-3589.459921830507,83.06775266781413,99.85760038731395,179.0194062700265,163.56944198129702,0.0
410,-6552.013739134723,3294.570636512008,8554.475921813057,-7893.298213754883,87.34969091273803,84.69346013247448,163.8946437983493,165.0751328805698,0.0
411,-2257.266924322521,-108.67812364059625,7250.585776454706,15373.037452889872,83.77931660608388,83.86023490875759,162.5068016048275,175.29899747432066,0.0
412,291.4028498629526,5317.929490603228,4117.720260162457,-2532.826368925854,69.4701175192566,90.75988434928622,169.34347570533268,163.15199512124886,0.0
413,1936.263391883872,5926.804305243321,6935.769263934253,7909.423235716971,72.26712003481069,105.5458353022023,181.15761616479946,153.44142301893854,0.0
414,9042.539280387025,6474.177996635543,-602.3470167798739,-7270.5883824882385,77.73071764050765,85.50563847149257,168.85886643326555,153.28647529603475,0.0
415,-7214.5841335299465,-366.50253266808306,-1325.3943125811945,2335.4647261914747,89.16725313895756,92.47876904226202,164.70549320877478,159.55314395231665,0.0
416,-6832.9089190034865,5524.0096950783445,7087.094487050782,-5058.568733180099,83.5344087578047,63.991201427803745,152.73170778439416,191.14781972283504,0.0
417,4610.746867074842,-2004.6649460435551,419.10165954983825,3443.015154173696,75.69686973099861,73.28886635188508,153.83270111670058,165.15613502921673,0.0
418,-6525.079797830228,1273.954653765759,-746.6390848521764,753.4569880475757,80.86864720964739,86.90771855579068,176.94808650023927,157.73206680146507,0.0
419,6081.721262938451,544.2807185808603,2770.1890997027076,3190.6629613635255,79.35923305350272,104.10743128204852,181.04425604931672,167.79204954965974,0.0
420,553.8957746078244,735.9511821217782,3179.5405805568644,2604.609540354243,75.27041046478831,87.59986120143155,170.51667523255875,146.41058639143526,0.0
421,-7227.980967366326,4333.0798929647635,4211.808291398072,-1281.9284680976605,73.00303690049033,92.92247906337025,175.70339648455908,155.29245958559642,0.0
422,-10625.453478703796,11456.877470410258,11251.261474982426,4933.870692370225,75.62547762141334,103.61156830270608,179.8391734623801,156.2461055047693,0.0
423,5247.097408571998,-6266.252764669856,-2496.2467754136896,1455.8552357870228,74.84671211370271,101.949488175914,177.52949022728063,145.08884664218655,0.0
424,8.986269481468856,1534.9225190775178,-5399.878086637141,13918.142134071673,78.71706104662243,73.16871319670634,163.10581954032168,182.73686871087244,0.0
425,821.4796924077415,-817.516660047159,-93.30078267857812,-4189.899933891312,74.29628924975957,88.83948153653722,170.2401041289207,160.98479865259395,0.0
426,-3415.3354896836095,14233.310174459262,12554.952777799526,5830.782464119126,72.9784490551347,86.97037043354995,171.01943102424457,167.70911025834042,0.0
427,660.9064673899154,-4000.462804430553,-11511.157881341514,6914.41562386435,83.30221431654263,79.44931460718101,173.98229772180383,159.54208217106589,0.0
428,-3566.7452253598476,11182.164426234358,10027.321612329783,5158.500862707308,54.949124515984835,105.16421598843634,181.2551867866219,150.47157363952022,0.0
429,-592.2580389664081,854.4263547126367,3314.5297082664833,4248.824130541202,82.26565137085562,83.2319550896724,167.5183587997923,179.52721938985448,0.0
430,-3337.2196930829055,3487.0546108973053,5554.168803929379,392.53606539773943,82.70731810725229,86.8080109388061,168.64737228649756,174.573777834116,0.0
431,14180.818454388254,-2956.5946957897463,-5943.299661450409,-5295.287414285317,77.76584591649879,62.20065948109448,161.1436270066962,175.96112554747504,0.0
432,-8880.323147653662,9458.06484679202,8807.865294484862,-1476.3465808965707,75.76826170187222,99.12915891629964,173.47076204601663,152.9208506616125,0.0
433,10964.034615175491,318.41545043214126,-1965.442688564029,-2686.0829315323654,80.40078577118216,71.71996826183864,168.67173519915073,169.1603078401035,0.0
434,12373.040808530319,-2435.661614354681,-1363.0639921037946,4830.770938746292,68.94606500696668,80.43838681808387,177.68763721292044,161.45919078217784,0.0
435,13056.031972235973,216.08633772932606,-5445.225866492607,-5356.785435865282,79.63939274026895,92.7904917460677,174.3509249820488,161.55510975039115,0.0
436,-11834.526366367949,7669.936740208622,2806.9336761992645,2920.806013714396,89.11717254097485,95.83359657068142,167.36471816040154,172.37078645842257,0.0
437,-2857.1879282172317,4763.405261142262,1414.7592306998872,5586.417824021208,67.26181111800702,93.92577734110786,171.54222670360204,157.94248745399514,0.0
438,9085.418649374804,-5153.285641050198,-2543.8741721996867,5749.055228483391,75.37397752556612,91.24332033152942,169.17603982144914,171.30987060056006,0.0
439,2342.154949522781,-1215.464410861086,2284.0842105345614,10032.136176740349,85.0188497747736,96.38937006964179,168.43950787310737,168.5336538401749,0.0
440,9122.615013654911,3802.290553028796,480.9499610193422,3367.1824117623946,89.95780216014772,78.53013404995922,165.51443137570396,173.04128433170519,0.0
441,7741.607237168201,5574.886906506863,-245.41073319090057,-3755.5888221930895,89.70897141865493,81.11556738793531,175.95189664883873,163.25158619999104,0.0
442,-4342.932357013944,7427.995900585227,3696.0206058823,12805.337700473467,94.88260347803353,73.3635623918678,161.2714758089987,180.35298377674746,0.0
443,126.5275583678398,5465.263401030838,4911.6382436516715,3486.106336777463,73.38436830733687,79.07708293066383,171.4137998430893,170.64619296381926,0.0
444,4297.697013541277,2073.931337340572,-63.08349902566724,-3160.533093345059,69.06739068305546,100.44466443715032,181.46891878344934,156.95245326208746,0.0
445,15323.703422313807,607.126089385587,-7586.846226295236,-9394.440533608338,80.65661498443178,75.25595495609166,166.54214369103732,172.84497035129746,0.0
446,-10504.415920323197,7290.548430129702,-1194.255154792073,-1129.8721138798312,89.1823756346948,87.54928455722623,167.32106203108796,165.76285122717303,0.0
447,8100.25718726692,-2968.482511050931,-3049.3584914936646,-950.3036257764265,80.15112553133046,99.6871081977581,181.12920059207804,153.55841170447442,0.0
448,85.57111522416517,-91.35175010409169,-5231.522515733374,8506.130663536964,77.68663066358181,82.92886821969743,171.60123288337766,166.7424159134449,0.0
449,8506.295701330548,2669.395373550674,974.8400578224068,2896.2682366868553,83.30587628617516,80.7234231757571,170.10133332149027,164.68805507776372,0.0
450,-2687.9078379213825,3994.343108993436,-2626.807342039506,6003.056836808195,89.76733246575219,95.5352625131071,171.90927055137018,148.58265545699203,0.0
451,-8388.441814210482,10451.553307336304,11392.03743239155,-923.4236540215081,87.41637047175885,87.13882823630381,170.16180877762753,171.19685357616672,0.0
452,-2991.5309401686727,3886.6650564034517,5278.074687631235,12007.16568320648,79.6419437491138,107.49027685731645,185.19862133623448,162.5355723369951,0.0
453,1982.9119624767322,8216.765398745842,8533.330330312205,9089.362486550024,80.66645823334132,62.370247122752204,156.51910283189662,173.74653849129982,0.0
454,-2714.7063340838454,3441.170320937201,1624.9785947567973,412.2639769129686,87.85900270334801,82.29883756163119,172.19235177812445,157.67633707304756,0.0
455,-2873.458931632815,-988.3665476995493,5488.813738901386,8053.986500229977,79.7005577518649,93.71405641685196,165.06825467295766,179.32256566341223,0.0
456,7634.18444712182,-1333.9523119370856,484.7705907150481,4525.753210131275,83.15539883509041,89.19883786876474,167.32315418315383,155.86474725703528,0.0
457,3406.156740361376,8113.404419846716,-7286.21067189351,-976.3252847645751,87.07165055949011,67.33480910636112,158.5882626387362,182.32304254762988,0.0
458,-8163.172600902573,10906.126690883068,14971.652320928062,4178.792892989056,79.34679223071326,93.7865294982603,177.81861205407364,164.51929189569157,0.0
459,-2843.5028022734264,-1664.0142318196545,-1997.1989861766262,-6715.376723208109,95.55305719728776,56.65124970756888,148.92691119230295,183.62367675499175,0.0
460,-9026.616142874082,3141.708983968023,2440.1653990841996,-6753.1394327514445,80.55517486682237,73.81984816449386,162.67246717798386,157.73026854534535,0.0
461,1184.9974802918512,13839.469835347634,10128.681404380497,4056.681928263013,77.06043971275278,79.09362602409243,168.05341703811524,165.0753442470836,0.0
462,800.6004268708451,4087.1639623306246,7027.214057953605,8323.039315365262,84.69165564146901,112.51565293145333,178.95493089321337,150.91123719778662,0.0
463,-10956.892907258318,10263.14407122676,7675.589555238519,1855.3962230001882,83.1141758717146,88.98427605589015,174.0442062067975,158.1126239579018,0.0
464,10474.621537321755,6211.8525150629985,-2351.0820257901846,-8811.10152823449,70.66829925246408,91.21035656400264,167.02011155992034,176.79933219183073,0.0
465,-9680.5739702199,4259.126802394684,11561.321395119676,11948.487206212823,75.55040917688555,111.92041027308082,177.05233661515845,151.8816928231034,0.0
466,-6314.459332410384,6343.40236329499,6209.757255245794,7850.4489712269105,75.73266555366693,118.94341284564868,190.88004431124483,143.82059733484917,0.0
467,994.103643707319,9787.740224507044,7052.952713829242,3003.476500435068,77.2230688675027,87.28647116071485,165.41480820016545,161.58274650659587,0.0
468,13727.21813767971,2328.271443623164,-3540.7246125410247,-3368.443974510891,84.53487709758102,81.98482528496302,168.23640684863986,163.14914661907616,0.0
469,-7348.931151520791,7458.173305466457,12162.14794577887,6593.814678015799,78.53278308667197,73.27049728414234,169.56538810427787,163.08329798910168,0.0
470,6392.581554414384,6116.431711542131,3937.4275149202736,5151.650854783502,83.68328504782787,97.51447513970238,182.84519336434371,160.3254158004993,0.0
471,-1999.8486972834057,5371.149564495543,12182.696174270068,14851.941996804222,81.39426653510837,98.1162364210587,179.6257531215802,167.8551775836576,0.0
472,7283.777660609648,6041.982827151919,4630.590180429906,4834.55946828582,80.18728254445365,107.27025648645767,193.21729847140494,155.23043476683426,0.0
473,719.8932713764275,2870.3849595822085,-713.72278778755,-4029.212805227134,92.61266777122597,93.39213624826088,165.29239023105518,161.57045573764586,0.0
474,-1739.1514255438492,3416.5247730939814,-2799.446812818582,17474.250601185206,81.28686239284738,81.71508101519692,162.0969720680918,175.05971683906373,0.0
475,-516.7045379096348,-3377.9584521218944,14.342802791864617,-2994.2087040622537,84.64061730207781,64.05378943048287,156.7276665578909,188.72316784577743,0.0
476,-2513.6396065291938,9308.74239466364,8238.079785861115,-1216.7434977849082,74.70308618589463,72.41614167540682,160.2103620468766,182.03363348832391,0.0
477,1357.7109646045503,736.8133838000506,-110.79258132577641,2429.837217009194,77.59946755924047,90.5987481670627,182.79285330100544,146.81263887942987,0.0
478,-3647.6714720649743,8456.06232626157,10737.485429854058,7901.6830973690785,74.34852462307322,77.22099145774625,163.7593945153033,161.47276203262464,0.0
479,-235.4922966714832,2610.7701567453996,-5155.893582698873,17008.448073291518,78.45364653283183,67.10994762729698,158.76980792669136,168.14336309236518,0.0
480,-2989.5686341392206,1433.554809481379,7635.992689962569,-3346.4157462386843,84.4162058991042,86.40765426095753,164.58647491183942,169.2865597937969,0.0
481,5090.549319712465,-5978.371010189257,-4980.303201462427,7561.762616762679,84.12468751743859,71.88810436527478,167.84474807321885,170.3408420883228,0.0
482,2990.3651867199414,11282.035854615737,6778.123701082613,1482.487352153666,83.1742759355353,73.32448739926149,161.1827293599705,180.40507829719635,0.0
483,5279.780306145298,2200.020547124064,1854.5658965020812,2027.6266985305033,80.66403462593355,65.64771375875117,172.84155809514058,160.1287624743837,0.0
484,9419.51585118717,-967.1191408755111,-3979.7029046606744,-2706.3186683802596,71.1536837129312,79.93803771810582,164.852802175381,172.15657941892835,0.0
485,1515.6606482153495,880.0604645165664,4296.483186799693,6782.95696657189,85.7130196461849,87.98146179601558,167.91503430287054,159.56757401051217,0.0
486,-688.8188686602045,-425.9420845733817,-1983.381423534072,8464.949830363073,77.62907743426142,86.63682077527565,163.37765608280637,167.99027915056965,0.0
487,-2986.730661557243,5397.445026349534,3651.4436028069877,-1339.2414337193875,71.44385422647711,66.50377829121021,159.78466643401507,169.68025097874659,0.0
488,-4907.428319928659,16133.03216767543,6427.751829070406,-12368.203582449305,79.64222682074764,95.87730885675774,172.01427650307687,159.0965100292985,0.0
489,5481.8062425499265,13553.59570776004,6263.354425885655,556.6409578587654,63.44549655990446,116.75258279838921,183.85302346833336,147.36683361163588,0.0
490,4897.055949077977,-3955.85234674048,1343.9033993143212,10521.90628394353,86.99609718843543,90.31262045619121,166.6550281233006,180.05387389789078,0.0
491,4836.880052889168,5370.107366812082,3775.3876243454806,4093.679248584803,72.25434389610216,50.14605700621182,150.6079545262496,187.7188337895637,0.0
492,-14152.441300112314,6461.735830321558,5647.620484074613,-10839.256117875126,76.2111320793086,88.7347827453925,165.05612579532965,158.83251911320295,0.0
493,9729.576913958954,4839.979726677068,407.9177542600405,-2439.613995516081,77.01625073693728,64.11280139680981,161.35396309933992,166.3445111623549,0.0
494,4021.62196455947,-3676.165922906494,5209.153620111282,17472.936733314178,85.57828747757812,88.23599827059195,174.89086351034274,175.4102569611813,0.0
495,2977.9321308588324,5841.533698141407,3806.6210151661057,1118.3318027779046,67.9684772854942,118.14706259755465,176.83731120203672,164.56550062319232,0.0
496,-1678.1559225778105,7112.728355448756,4526.270228909572,-4168.685150823274,76.36935519019268,100.89062345059313,181.2582633540704,159.71991825296575,0.0
497,13615.058292936297,-1960.7308978573053,-683.713704908135,4943.162314255402,65.41755786278989,89.44734561936855,176.38881914297136,164.66872017255287,0.0
498,-2237.3860210696134,5276.143184121324,5819.235614670618,10479.427866268215,64.58730912920767,113.80184486667103,180.04709479486345,144.99161356462903,0.0
499,5097.347403246949,9415.630289311859,2954.9796492936252,-2771.192921113309,80.4363966137719,52.92386744241353,159.9862996871771,183.56537188020488,0.0
500,-2093.6742638087794,3479.7505308574123,1852.904336750246,2699.3428906634695,72.11503143390713,92.32082053116912,174.87627330828386,153.3079711297906,0.0
501,-1079.956054774415,8856.36299839117,6143.910202752045,-2159.580774093738,88.87852532571895,73.77212948093465,166.150575956413,165.57623095003134,0.0
502,-2192.212860631777,4526.755730605541,9563.278316529431,-6093.286727761928,83.86837604239979,77.5413816083152,169.9393876069099,156.98825529392118,0.0
503,-7219.783503562568,8278.8959842169,11878.098629343958,4284.556998248583,71.2397587071046,60.07089037580508,156.51894071379436,167.46447260883383,0.0
504,7982.731523741036,-10468.53612393869,-4115.938572313676,1893.3437280052456,85.90986540424943,93.3535810640987,181.89449671023658,146.9297259843694,0.0
505,-6538.660463400458,10235.540363382377,8676.414795666271,4505.44689569238,77.02181470687216,79.60425047757394,162.23072849493653,175.7704832662943,0.0
506,-363.0335989950888,4408.530917990012,9710.071931593191,582.4419662961162,77.08109467644077,74.9153240438163,168.2034149860679,161.60015318374786,0.0
507,-12860.641446267517,16542.97756260058,9676.447869743406,514.741701922536,73.0942739069297,91.7296110651202,165.159604355596,171.19022662936933,0.0
508,-3727.9386551624166,5016.447217703443,2149.5401710440196,4602.9887238652045,75.70562410757151,119.00562287345252,183.7022283290305,158.4674805840083,0.0
509,2763.8911189336136,-1961.730837878022,-256.6675967809182,3416.0419490733216,75.1418647230438,97.75279055880898,176.14712678033806,151.3964675489201,0.0
510,4256.401988189822,-1291.5295933390828,2352.5789717411485,2354.287092370674,63.886586022386325,102.20878548080098,181.6200880227339,156.78264067697694,0.0
511,13526.682380140788,-9438.575159838207,-4824.178235964734,8383.158160194838,72.82469914427271,96.54596416408941,179.18665346700863,141.575765921654,0.0
512,-359.79708313416705,7943.235520114888,5036.467335145337,718.6054138692142,78.33502857972636,100.81311342793248,165.7642983619538,155.4081142856474,0.0
513,-4508.857356150713,6611.458189523953,9780.219181117543,10555.641257791747,88.13491125802571,82.30413678024902,162.70129894274686,179.01275378499562,0.0
514,8750.546814805553,4050.0861892815105,4108.1683651062,5006.445073875703,71.76525258385597,100.6493946461384,179.18529648816192,157.38288973250062,0.0
515,-6139.611745007526,7114.4103786220585,12247.623946138303,2622.5311524759636,93.20074065160493,60.206109744404486,161.3019657589946,168.10980514676842,0.0
516,3699.6945988032016,-2444.7481049867474,1209.3623283248678,8624.823653939839,78.65476453815565,81.41080712175636,167.7737959238568,166.67385896999733,0.0
517,-8700.907362154152,2649.33776159774,4080.971584155018,-1856.23177530923,77.37593677284275,85.09690927532874,167.09304664945213,180.5509002225462,0.0
518,14985.629449815215,363.34579978786553,-3140.674607681236,-1930.6949643774342,80.4539415305514,103.65719907058553,190.03726850455274,171.53807535913225,0.0
519,1206.4322987768955,1622.3178354061479,-15031.651696349041,1504.3408337327855,73.03251082940777,117.73722985952145,193.53583142530204,147.07952545951736,0.0
520,-7203.8121644427,3786.889009308531,1322.968054662089,5951.824203074853,94.44586214383304,80.56178642598614,165.50675068653732,162.9106573872835,0.0
521,4769.143915063732,385.92081957602306,2772.425431116293,6242.087230319912,78.20607285648816,67.73334786867113,148.08528579532754,169.87505396708892,0.0
522,3145.0771647177357,-1087.6063953578039,-4270.131627558385,5211.632159051621,81.20731808661527,100.51874942171607,169.3390671803619,165.52794266168883,0.0
523,-4149.487690418196,3863.0237642003244,5239.104347947401,-1660.378647435983,80.58249660938701,93.02728309955378,177.59674648164912,161.66186148071844,0.0
524,-2994.213819691267,1226.6025399612151,-1046.6354779412277,3505.251427167622,87.24597729001769,85.33079428840759,176.11563253338116,155.54292756445062,0.0
525,-11943.366918586993,5703.90126504603,1683.4415317313344,-769.1633697102742,67.676798624692,98.05952794230986,187.058071812186,166.00738908326773,0.0
526,-1878.6487754475581,-1069.8924311714024,-3801.2240747863093,1358.8572764452485,83.88223388190383,98.77665050395498,180.37670111188828,173.87528070023387,0.0
527,-10731.79466376383,10205.46214134742,17227.634075076276,2605.109012056854,76.8246222782975,111.45772607909173,184.816214840868,166.13072613028902,0.0
528,4139.781312382672,7766.389370746806,554.674997591408,-8809.355722650722,85.77786362244076,114.47296153700614,177.81718677527232,157.02798574711585,0.0
529,449.27679729696604,5556.049394127927,10232.621956781757,12051.673627399363,81.1345604473112,94.67499525864186,174.0072150386592,163.84676383781292,0.0
530,6856.270024411819,-7617.456521452949,450.544773159812,11788.993327082932,86.20761025973964,135.54370645892408,196.65027666876983,155.07544655426585,0.0
531,1357.8809412657783,4069.9292850551547,11108.845318447402,4701.616696971551,89.59691756721878,61.139195294734094,159.0583005706379,171.07590003566077,0.0
532,-2686.1366525412295,2552.472019320227,22.315108492668045,5173.135716159578,82.33573559350737,85.86335249641827,170.43935701694906,168.5818438455641,0.0
533,1986.1804773012466,5669.779049422821,6047.285143931704,3550.021350250979,76.1365663168921,91.62642030441307,167.62402582159322,164.51940842409965,0.0
534,3288.9466031568295,7007.955227937561,2308.0226804100166,-4903.732442797843,83.71636694475404,97.80470939704787,173.72113352794315,165.57871253370845,0.0
535,-5521.931917594125,4641.613503036676,6206.92507794345,141.71247046960156,77.73470606657403,78.94770014937288,174.58525309520766,172.51087033899785,0.0
536,-2971.7375216594833,-5375.240697150629,-3874.805291975835,-4043.095103783008,69.84124597093881,80.30441881281098,162.8713126314948,182.30760185224216,0.0
537,-5246.244035317577,13691.190448627121,8681.250134635206,-5126.346916412238,77.44953064477326,99.47063184997995,166.9759700757859,175.82380431150094,0.0
538,-8382.232685653198,10040.700209949255,9816.680231802135,3031.636148595874,74.39776626078117,94.01492030907872,172.12655515316115,166.53011494105968,0.0
539,-4327.033095274743,-5716.996585555598,4578.7392152895245,12648.038639767328,79.47602797451457,88.50852998256015,168.6658086342724,169.6177860505876,0.0
540,-1016.8596587682476,3763.897537437692,8755.193258382214,10171.98888937031,70.84217275040618,101.77486411255185,188.65147129154946,158.14778310541956,0.0
541,-2995.1743600049003,10571.931975873402,10933.754330553824,7837.583474569627,72.44038640145503,99.59494977164387,178.17691879775063,159.00579975172218,0.0
542,-2301.1662612973446,7663.17362948147,8241.69403075562,5297.373421354955,86.77769058106715,89.82372773389064,167.6411413282223,166.70632251094287,0.0
543,2520.7869839197156,7140.453319675678,5023.196403572398,1400.8756276000152,77.53427724670692,100.31399886308192,177.1221435789983,150.19462113259792,0.0
544,7393.117873233644,-2067.6562472025244,-3010.261885213555,-2236.6959720612667,70.63431095572801,57.92031584629119,138.40753769282162,200.86058238125887,0.0
545,1843.9396090688467,3476.005858632523,7157.227263074038,12497.062443105695,84.42585830081636,97.11735859968202,173.42046352789205,165.09269666159494,0.0
546,-8816.850686540056,10103.618778874088,9642.301296617246,3537.446527738298,85.82365592737847,106.59699770896464,182.42043338369876,160.79742608763618,0.0
547,-6163.633463715696,7299.680853791805,-11058.097610505503,11236.808167571491,74.84843087418733,63.53670356057541,161.11848738595572,172.8926926942248,0.0
548,9665.890202595747,3840.7857175384675,2064.211576352513,-835.5919411858275,89.1133599952429,84.87294763621195,169.4005885153182,170.92989037364256,0.0
549,-7741.687423082776,17868.76214416577,13899.813469152574,1413.8466504099947,82.15415720386936,68.83675223058202,168.4485448418881,172.8232922809704,0.0
550,9719.664245233444,527.4283752025588,1703.4260397202847,7781.692180679144,93.41193350631134,88.34894168390589,160.09166277172162,174.43394510306794,0.0
551,-5952.937303899837,3614.857085469972,-183.7370034608097,1664.037943538361,73.0700774309178,101.6740523780877,171.4050972986115,152.26439098189744,0.0
552,-216.4410858104917,865.6235057596358,928.5595249287884,6272.549912094417,75.78356363349987,93.69571843366984,174.99211090642498,158.98213622096154,0.0
553,2587.7182221327384,-1151.043926064285,1463.7228308844028,4242.619742045304,81.83486427310164,69.89318812219794,162.15575436215113,172.11103763078876,0.0
554,-6366.243568366256,8232.070735745658,6830.461865629609,4956.7432026709885,75.45038483418547,105.59150551108134,184.83442028204678,157.65798939720625,0.0
555,209.1325256130121,-5508.557520227068,-660.2257950129293,3928.0653128210924,83.23511181381858,91.259669750053,170.50123770972922,152.67839909027708,0.0
556,-4924.161666021736,4972.9948352148995,9368.307101611223,1483.121870413564,66.80953026400036,77.37350577298706,161.49892121587607,168.42359320528408,0.0
557,-2713.861115631746,8883.270995040746,7190.201794577695,1720.7573013266428,79.76205052198158,69.5949555437458,168.07225917624058,172.68801301489447,0.0
558,3084.5446075351897,-1417.444523740778,2744.9945644959375,12065.452721021566,86.14413507610735,75.28503542707307,164.01561703057877,160.17924577875254,0.0
559,-1689.1390615480182,-504.8027485989626,-3599.4508120587193,7897.35881156713,72.86947416464373,82.69356139789596,175.04052809942985,162.18464966065898,0.0
560,-137.34744243704088,5392.42309788127,6200.610737203393,6921.696021568654,69.72273743139141,122.62198884440681,186.003502850223,149.3993347201603,0.0
561,4417.848731651418,5308.956262722888,6411.3966778541,7843.17566954614,83.06871110797232,98.80118499712492,177.51345219741702,157.85164916521575,0.0
562,-3889.791920297085,7862.204032182648,7301.321876775811,1274.717304527476,77.50394202335455,92.60418567004383,168.14170042036056,156.63038521526417,0.0
563,988.1846028873503,6836.934569997496,7168.3189878091225,8559.391493426048,86.8407946350406,93.82230571055925,169.37712320634796,164.58980427848888,0.0
564,-6154.998150239264,10346.309686088447,10053.434861170168,5027.167180271413,76.99854007223345,103.87980464203231,169.72451189493137,169.90764460498943,0.0
565,-11958.206967300273,10132.818570029398,7705.954750816817,1777.6580519590987,71.93490451876274,92.33284666370324,168.4489344240842,177.28518440908664,0.0
566,2001.7604756843298,-2410.5589833618938,-377.07499137640707,-699.1309881182412,84.63970910574821,81.56793136420373,170.9217334476819,173.30895241865014,0.0
567,-10240.674668799144,12621.949889512061,10511.486111329557,6639.0526122563715,62.22025205804267,97.39705560247108,168.91710651883145,164.38955193705925,0.0
568,-1034.9184842655097,7363.06769756224,14690.849490020752,11347.503433576223,80.83032787097221,96.07562359321626,169.10925687899058,154.8520658765139,0.0
569,3915.2323310404413,-3741.073930763309,-6244.4639010312585,6708.532686493995,78.6927391390803,58.74387119168702,152.11978802030356,175.4500107902694,0.0
570,-8841.862685663657,1328.5463892509056,3790.602665306642,-1888.6429561082543,80.78919430677107,97.51420145486472,183.96118153978375,162.12012849091013,0.0
571,-1738.3253519503505,4160.654014727544,8580.823785209019,4297.581755131059,74.32269262952046,84.74866626912802,161.65139525651904,166.20166151046962,0.0
572,7701.141907519437,5326.661204661941,6727.384002393111,4457.015219114933,70.51367947716277,85.6633585480251,177.56191098126789,155.23029786959026,0.0
573,10810.913323542578,-11091.267838227648,-4197.673501392126,8275.378078037935,73.0603438453568,83.25975249090432,165.47357955768163,180.49555780805974,0.0
574,3483.7944481036634,2405.2822547654464,5199.464047483515,8147.783824072558,87.19397990388087,88.17562886571655,179.319877716443,160.47205890559502,0.0
575,-8303.123542817631,4449.82247544404,6735.4964758310425,-2893.5465156167893,77.65743735375116,63.205125764612895,152.2918856164936,168.3789844328988,0.0
576,1177.6516705388676,-864.2736245194756,5238.950389643095,8153.753991873011,85.21338757213596,89.72433063377086,168.1351304835831,167.82830598672214,0.0
577,8053.373399910557,-3913.8064039965566,-3512.8995967425058,1058.1228915330412,76.16370353984237,93.60796592725637,173.38548251909893,161.19800024874755,0.0
578,13398.14596991425,157.42225231603112,-1467.4148043919567,-2025.9213335475556,90.70453267086786,91.08869250656062,173.27008197742438,171.03928968009149,0.0
579,5631.497518882931,3297.4551899198154,2891.2501886008467,6492.1031992049475,92.97415380310001,79.79533846783988,173.4730828546261,176.72572859017433,0.0
580,822.5948031153036,2104.4866853640956,6113.349809788412,11369.759583783523,76.57423577790827,79.68892860335758,163.47130996634488,171.5476693040875,0.0
581,-2911.9472108084683,3926.2968854473056,2.4481832845064666,13917.97783511733,86.6623155979284,76.55912240478291,155.0610353507503,182.19457306942746,0.0
582,-3212.577774456622,3599.4630461618985,2425.3678677218495,2116.506068601125,80.28129658676956,88.02217859036325,164.6943626370696,179.82417733858244,0.0
583,3060.042661078119,-5394.583617828537,981.9175920024899,10757.812388738255,86.16846353740674,81.03033388779181,164.56858522206812,169.35382340330892,0.0
584,-3140.5161455747243,785.4822304302282,6501.8093820209715,7504.705119033944,79.82917021003334,91.11366326559435,166.01278820086344,175.00748591195634,0.0
585,-4239.640590157134,2889.6523651398707,8610.616532449023,-4418.037179452126,82.91070293626336,85.11473754524324,163.52013653292647,174.74760290200115,0.0
586,6473.908023050474,73.58256675653018,1171.8613192926678,7902.847406180106,86.80586543430964,87.95445871139921,184.62270432455404,173.05564978913517,0.0
587,4362.546936872661,3476.609485801114,6822.898576844624,12340.227195296748,79.56137085571996,97.77406105938451,167.4597063602615,159.00849049760987,0.0
588,-1856.0003198566508,834.9024497395168,-47.601500347364656,1837.7390335169525,82.88239317305786,64.49079220570896,162.08149441065936,177.13341279934463,0.0
589,6563.872215310102,5701.095618953675,7462.622246172636,9470.082559115286,74.93436897712475,77.16063171684213,172.2955570690582,173.1139391609242,0.0
590,6943.393459501324,-2924.800782766994,-55.09912572445064,4853.394201571155,78.52671651477307,74.77118133245244,165.21692721330635,165.85238947229496,0.0
591,-483.916581315603,8676.2128186771,8636.78447339863,7033.670075938617,67.21505900319158,67.4655415844279,150.9759869951439,183.26247435328594,0.0
592,1114.213852846373,61.767243020764525,1678.990264270676,-768.1268418193406,82.15370254673782,84.43440507116738,165.4527018002554,169.0747050283339,0.0
593,3868.5095488539596,3311.8673965994853,7316.168973471619,12529.006879723613,84.56670998653226,89.41714857438726,172.14028819201397,155.0111172753273,0.0
594,-2974.8700686478182,2088.668863069623,-1636.397895480813,9860.951575955813,70.00513797223306,97.9891774243054,178.6323558422208,157.36661607987222,0.0
595,-2384.968214418445,7333.823148057822,5186.299328151288,-1240.5444369335971,81.48446850539995,67.9806952113562,149.4304499956297,180.0221737563395,0.0
596,-258.9377648527007,3597.8535682361985,4781.406492054829,3573.3490518333224,83.63415644802662,90.79807893234346,178.4063208006099,169.4885056440559,0.0
597,-7782.518062532081,14498.743041017104,11447.24390790273,14917.705871318774,71.64751312222808,79.14120424467978,176.9545997273851,167.370717332553,0.0
598,-5234.399772899925,3627.092078452272,14088.946054510385,-811.6662612692793,94.18198543236177,98.8409842728495,167.0787771929879,166.60250753917944,0.0
599,-2348.587897904973,4391.287824136088,2248.3603306065465,9497.972209124973,67.91710742888617,117.90059978672305,186.37917959311773,145.32010586616295,0.0
600,-3020.6638016233856,725.1054994017223,-9442.364358360246,9282.437830855692,80.87286669643653,100.63817502133736,171.0213627562215,170.6496530086108,0.0
601,-9583.567367781832,6083.720497402339,2460.0259675068774,-382.02316664855294,84.0944814171196,93.05590198454314,181.24823072022375,171.2733779988205,0.0
602,602.8591954844588,3268.130480722319,8375.669881813656,1725.1425563545072,89.83504082929517,89.63032728099414,178.6360729696991,174.45703477208883,0.0
603,-2432.3021749021664,6056.458263771784,7162.963992182142,12394.457399809258,86.80385227904344,72.5215020966809,151.64213914540557,169.2021863107399,0.0
604,5432.006479049753,-5006.583147214233,-316.6869674195842,5020.861188840932,79.49670283135949,81.28829558329402,161.56611515413917,175.92964651315273,0.0
605,3184.7613065988367,4078.130834206452,2753.3809105364853,279.7747728295663,84.19354057604113,107.89151158827295,177.42149095801364,150.8440592593779,0.0
606,-14344.340086041526,10377.942222616392,6422.627421099056,-1800.375444115684,77.06361560148508,101.24306695799467,185.04047231995355,143.21733109835043,0.0
607,-10906.562835810677,8462.315594734815,8554.01494025802,-2566.5994378216133,57.43948982681641,91.53008908320446,172.42527412949588,155.219062723309,0.0
608,215.4640297623196,-1882.2847087045172,-6390.163594259537,7775.135803704298,80.1398009260879,82.3650527609259,165.4852046000748,164.75669907019847,0.0
609,-1090.294673928108,-620.5700740421976,1804.6609907356412,7301.737567687491,76.83619752424055,98.48378085529929,183.9558169625076,157.990023180957,0.0
610,-1866.6901104662936,16701.812662075266,5178.791718330086,-14012.182714529827,94.89698187685964,74.65681518339512,181.10182575086486,153.76761572048287,0.0
611,-4213.767212786872,2230.0656225663906,-2666.032203184344,8167.893173557354,90.78831223724674,58.87073029082527,154.92164144227186,171.97266243790935,0.0
612,-5644.778679903013,7818.901082935911,10528.957096235761,5909.0925299018245,68.24624619954207,82.35405792562726,167.03170615676945,162.77963516219813,0.0
613,-2030.622790477152,5858.494640794844,9264.49456731395,8705.47184022575,72.82230593629089,119.07894225929283,190.32768759568216,152.93174976431692,0.0
614,-2278.0473114704664,2350.3517570313693,4863.429471054661,4520.0514596567555,81.82187204494525,89.7316731895157,160.61984015579412,175.1850264882812,0.0
615,2174.2589721546074,1679.9009118078732,3642.968164346765,4632.907819651576,85.68050676350497,95.77851482205584,188.17501987935466,152.80624066486192,0.0
616,-4729.200341118324,4924.512232815856,7268.991133281681,8802.18722165009,86.38162033569594,63.19703955522225,158.83787172991902,183.09391553042144,0.0
617,8184.050224288812,-3745.969403149759,3634.937447613584,3440.3193116814036,77.88808572373186,82.45699577203632,167.44877896889284,165.61680372002155,0.0
618,-2118.759185860132,1158.5876125192885,4599.26704792515,-6592.02391844568,90.5538629160807,70.84588984737447,165.9560252515392,173.7655908545745,0.0
619,-5551.262854013871,4010.3490104925577,7252.933009405645,-4577.554760967065,89.49796270608567,95.88235509255401,171.28514457622794,164.2043173875744,0.0
620,-877.981061407029,435.1386483207458,5675.043614069984,767.1270683140201,85.20312743224049,86.10436823050125,173.45894806339032,163.2905140408443,0.0
621,-2775.1334931366187,355.01703243455205,1880.446146917544,1055.321090100568,94.45735085758474,108.40563531410834,177.5332335879017,168.7673048047227,0.0
622,6397.827644895737,203.96861477531525,2265.3032224720564,12574.20660665907,66.90349535946369,79.52493442599685,174.23364417972803,154.69095744675542,0.0
623,6567.664417646456,4587.568282598582,2853.210233358439,-94.77033509760524,76.36426651023162,119.655974247473,198.0587753973819,156.66072629797532,0.0
624,4097.452752615891,13692.281829344283,7820.691896620355,1200.2437964098776,78.96034704868818,77.35070883562975,162.39508039094852,163.80611997769074,0.0
625,2895.8148833281275,3327.7005434162675,1011.7094868161098,-3053.413685503829,68.08003098068953,107.03251988017432,181.8045015146958,158.85650661542593,0.0
626,5595.450355114313,-330.22211524976444,5323.307729853757,12229.492908412112,74.67904075486108,82.11350667382469,169.53644156438602,172.95573904549192,0.0
627,-632.4232843692292,6962.48175251491,8964.012759783056,7594.017117920085,82.72558958054253,74.31248102702767,174.15527958993835,171.30455222475237,0.0
628,6831.4729307469515,-5837.388889333496,-3785.0463864499998,8343.279531757615,89.35587113008327,58.52315481406188,147.4009513855834,178.80771955654498,0.0
629,-6382.884562790475,7511.51535990149,8004.886225995021,4292.101772822574,90.30926609197819,106.12635484308026,175.78156578498496,164.9980661932441,0.0
630,11969.470590736766,-292.0259555219884,1921.4709261444264,9097.168543473628,57.705557529037904,91.6054873816672,159.6792324077176,168.0656837064562,0.0
631,4516.613166392899,7470.574346112837,3533.159128972549,679.9930294575657,76.38883138439448,90.27703538134026,183.91064426023965,158.97588505095794,0.0
632,-6095.687604164608,6650.721293275511,1508.1928590745383,10653.740613188445,82.86814918963134,89.00990201139382,162.59590054833063,166.80628707064264,0.0
633,1813.8260635522613,691.7106492974457,2462.6709909997453,5443.466073092884,88.39682794667951,97.96585905972616,174.70318656791048,161.97061585517974,0.0
634,13121.775679584936,-6972.766521082032,-5859.700881067447,-1279.5226095628664,78.70336150783825,81.0775161659929,171.254816349837,156.1309204491294,0.0
635,2681.67199336816,3682.6401983114465,3739.235295162669,2162.8545182179582,79.04464511658462,96.00083902623486,173.54341449552538,178.49013170532163,0.0
636,11588.455191899297,-4922.274361361254,1224.5128519843774,14262.454869855568,80.48402906694983,66.69272681086764,155.79856999702847,166.72018937951842,0.0
637,1070.5058143207586,5068.469687157691,4052.153082197247,2521.473462540066,80.69519538696123,65.63694528107101,154.29963450968248,176.79955221045427,0.0
638,14324.246733806853,-4126.779261716141,-4443.165356142803,-753.303801261437,81.15156090599181,85.09361612484425,172.58584090826997,180.73444587286428,0.0
639,-12110.368460280979,8396.810185895156,5446.635364452437,82.17312989217262,90.71291832763097,51.88983881034125,157.71558722329607,179.07587759837352,0.0
640,1817.9759210734496,1242.0084019249646,5463.370217137147,3668.082341942323,77.14959861275578,80.77020544269946,155.74716226379633,181.81834249954608,0.0
641,6737.307216291067,-5152.624624895655,1537.18987907108,15057.798944418142,70.20807442231711,81.2467075577018,159.7653923011153,164.55896627441308,0.0
642,1921.6240200927223,-1133.9022540958879,2252.8613883209223,7356.173887515159,82.58540075813676,113.74084488803885,179.2433918477594,156.58552213047793,0.0
643,10157.844038509778,4273.608098459031,-1009.0859181534637,-4609.067371293014,84.23428455872987,94.60378330735624,165.78039112948997,166.3256015234994,0.0
644,-2331.8262551082585,1067.5261031091904,-2013.8501159810507,7351.5381666635885,67.65794215505203,74.596157675665,174.29963124318508,151.02753429540684,0.0
645,1013.3216690232532,6018.946020128635,2904.098474838973,-3918.1295481565344,91.37225816234763,100.46818583775202,173.35461604078495,149.0928617992055,0.0
646,-2174.5082474334376,5286.554276923725,2757.3463066922654,9521.602354748342,68.00054788374436,97.69377394318408,179.9521883984323,155.0390894862997,0.0
647,2238.4577532358862,2240.6463747914668,580.5008233358246,13624.819713957053,70.98614188702729,79.06349673879134,157.99733464487724,165.04155436280058,0.0
648,8089.150332526984,-710.0362278974175,1392.2735359128023,7035.935413417082,87.62455903428459,63.65935292807583,157.13487721295763,171.6248256114605,0.0
649,1118.6300766306126,11208.296632952824,4758.265131460625,-4822.707173765504,86.6457656811088,92.4356811267502,165.29394462665311,169.57757034325348,0.0
650,-6802.086436531166,6204.7763053435265,2840.023951014697,3519.2086050769717,80.0222567906108,91.66005088842968,171.44516327675757,165.14885917515323,0.0
651,231.10530875991398,4567.442893984821,3708.099800707135,2893.6581168681605,78.88653550288315,63.886799481668966,165.91592921902918,165.8874579307776,0.0
652,5370.441078676437,-219.21737287737474,1177.1194983453497,4765.829956112854,91.9338295565317,75.22600940851521,171.6448359350844,174.93396555166927,0.0
653,3067.244834414411,1955.8943674545021,3388.556926502419,5765.501534139853,75.482000315978,108.94328123367268,187.2770597167709,143.4081350729672,0.0
654,-6873.301196988481,10442.665640864294,10560.522800820087,9645.217930048153,69.15154546612123,95.86629726864685,176.37724996672645,153.9496763772139,0.0
655,-1516.9813751721138,1684.4483442727617,9292.764505905434,16071.007997800767,61.40093262688703,119.40838331963346,180.69250568343068,152.8781308544487,0.0
656,-3524.1079511050484,5807.978842420287,7874.442440780886,8371.960812836398,67.06038198178548,92.50167990296143,178.89929803586003,164.7741724558256,0.0
657,-7715.673826756735,3633.0073163564925,469.7215726054686,527.8823384519425,73.58766598999998,76.71188439281988,165.8071860132821,164.60334559431863,0.0
658,-6877.842399195956,6384.244434953073,5815.502653482013,6303.295927709415,85.12103126279806,93.64467273926432,175.81411188569712,175.7727471336437,0.0
659,2432.7631258611486,11019.630368333328,5484.364645504595,-3674.120841203329,79.98304673270212,80.03327412929414,157.93218647319273,174.81957512504493,0.0
660,-2331.654564012296,1986.9239458373256,2794.647424893026,-136.070422887431,77.69795138940657,71.21049928352593,154.97835512191492,172.01617417810655,0.0
661,480.35543971087026,1715.1537364740304,-1503.070376975423,10185.664599143165,78.58171758449573,78.08553156718013,167.2560636007648,170.21359569153128,0.0
662,-4600.8524344827165,2454.3033035094127,3950.798605613676,-1906.0303420285716,79.62366641478644,101.9125883333235,176.12008938791797,164.66388144944642,0.0
663,-6105.610306767254,-70.59320630431954,-2549.465062608445,-467.27676658409,69.13060734790285,79.88296847581921,172.411923208991,160.0432664101704,0.0
664,4347.418324241237,2184.745099921004,1538.0577994549535,3935.854768571571,76.6709845984683,98.51073470787377,177.39401890231798,170.33998871270802,0.0
665,-8206.122018793758,7439.0769489355425,3762.3426029356033,-2153.127023706655,71.87387794547307,89.00397505575465,167.42438081723614,168.2979646941919,0.0
666,2459.0830004803065,177.14968614372805,5737.1296887413955,2673.2222234675887,73.38769304857172,76.11237007238725,165.89694349576558,174.02604986759212,0.0
667,128.08695142496651,6336.325246811447,4985.492634989604,-2166.2484639469144,81.96703662682907,90.72037812158507,174.539592840879,166.64658770258563,0.0
668,17933.431797106405,-54.76710559520015,-1856.4794310945413,5123.77940701913,76.58097775859243,86.48282677857475,173.0603481343292,165.34456595028655,0.0
669,-1590.0789817261614,13396.292891307683,4392.780917913204,-5126.019959588817,73.26173900825802,75.73581454515643,156.09446947292344,173.74025876109235,0.0
670,811.6403778254462,8165.354390882672,8972.364038885646,8523.623796468579,75.58162793312587,104.66233517420844,188.62019073361589,151.51252949783748,0.0
671,6500.343155827519,-3189.8922921344215,-1447.1314174282015,1524.038074494415,73.52232906234751,86.26748483709588,167.41883031612264,167.78024527808347,0.0
672,1102.7984625342065,18123.783554409965,8338.036405626106,-7565.340689286888,86.80037692898154,111.10679594665297,181.98636392154108,144.78291244104906,0.0
673,-24.695794406902838,-2955.9974589284425,-5063.760224611477,-1238.5186621804426,75.78581976093928,104.56391199652316,169.69920638894797,167.55885898020287,0.0
674,4736.878594541869,-594.3656268290866,1224.0350905753562,4832.791076341587,88.6038677938666,57.049751731549264,159.56260378152083,169.01122870328416,0.0
675,-7389.057328499085,6506.507639553448,6655.597671517746,-2799.637297754281,96.15642665446295,76.20080542735968,155.7804909106908,174.77428696673252,0.0
676,-7743.260541413311,13655.58547640901,15930.642487178098,8715.902758041222,69.56351588438775,77.89497120789926,176.0857273863921,164.25929947971892,0.0
677,7672.28456422,10088.920842315516,2777.5002071760678,-5773.016749534318,60.646495222902516,87.28159352987868,164.72540083638785,166.84280951377363,0.0
678,-2415.8357274004097,3039.468497294099,5367.6127972571985,5205.2547336118005,79.85420014001151,66.20468462132862,161.5197888681097,171.21038746528117,0.0
679,-7618.972547590499,6200.998384878172,14990.401325878056,18861.271860973087,100.043361623572,74.79969931713295,167.81413489474184,165.59974399419767,0.0
680,-5231.448179276547,8421.836986602711,16172.726349738745,16270.142755432098,70.92948036571639,115.18918047842747,183.75492256262714,165.6861872749475,0.0
681,6045.104769131001,1157.8866171263614,1526.2868397187872,4176.865322284899,81.27929029552747,87.92820896744018,161.23658792796317,172.0919252605691,0.0
682,10714.47530876296,-1998.781295015997,-564.4397177704517,6459.992859209973,84.72830370295561,59.65487384006005,163.9419843774446,163.97884156803835,0.0
683,8538.840849863764,-4146.556505846363,-8014.774201749806,-3796.7185068546887,74.7291450137788,123.79541548650909,179.63745928384313,154.14886572472025,0.0
684,-1506.0518590545455,8057.066337455531,9539.078883226532,8000.777417428587,84.0771151166655,95.59458996172178,165.1909311431731,172.40238868859808,0.0
685,-2032.9728349337768,-2331.5052460965408,1162.2054241343296,-4967.090994202195,74.4763773205348,113.29090597603114,176.19066312719946,166.30768335141713,0.0
686,-2044.5689713263362,7201.87340518593,12423.819385145203,16003.991385231537,88.4718844663129,84.68420148217407,158.76306850051623,177.81890021258772,0.0
687,-328.2214874094311,-124.55402676434923,7137.124367401052,1307.7789812058845,70.96641619968652,86.50227463810157,171.9096531098771,156.0909052553149,0.0
688,411.8903639933138,2061.324345886078,599.2238323030534,-2543.0776649060945,72.9067031267434,104.21098324379174,168.13843746913824,161.69706031645265,0.0
689,13468.44042962042,-10045.369594082957,-8554.367618459839,5220.193360487366,71.10588081733124,76.24902262310225,164.46206813198864,158.51874661675325,0.0
690,7122.922315174718,437.55660842324005,982.2120991323472,6399.205303493165,94.53919363489467,62.986126049170466,152.91656471142645,182.35173085936876,0.0
691,777.0675594063516,-1829.9940677018633,620.4612939592602,45.593270529731726,74.92678618379493,73.10109997966978,165.5348615339866,170.5755231410579,0.0
692,2133.3565647957944,-2112.2742135149992,2175.116472264293,7253.677594935657,82.19122455383749,77.86025632518816,169.79884479555594,181.69817930432166,0.0
693,1207.0502774853135,11504.638315421262,9804.230569624644,4114.030205032234,71.93109660468416,100.50752812486246,179.45905236647397,152.27531997433448,0.0
694,9524.28213385788,3063.631005351785,4.517967343313334,976.0805237225751,83.28774060450134,71.46750958125503,163.49921168067263,171.66313496408378,0.0
695,-52.023331918706006,13649.821361764309,-10778.843229699462,671.8212650109501,79.89422028092291,111.5989645362391,171.42656076237463,161.99628031157172,0.0
696,-8682.590279508218,8802.915464508242,3174.2324545885526,5786.3139464817295,94.32995574762164,74.20442936764815,167.9370907279344,169.81338267128723,0.0
697,1290.0299571316668,936.7982243142228,-371.55200217722006,706.8487160335372,76.21420337355269,79.775916846613,161.24284263783576,173.0034398281983,0.0
698,8547.216639336264,4900.138281958332,64.27384755288745,-5686.558195092121,62.654670002977056,104.26294911281994,180.3616141393278,153.28257240251804,0.0
699,-10576.83464966314,6458.583639623814,4270.729799283884,3538.272978182287,83.40745443022223,141.8001008524559,193.1330578105867,157.7972640401875,0.0
700,1155.9622366574765,3113.011829377219,3223.5727873800224,3103.1376320962177,84.10211786777748,94.55151080334791,187.52961223899194,160.16663500464935,0.0
701,536.1595463865045,5124.951140965405,5701.963370573452,6697.423220454349,82.21131120709731,103.22311992042044,168.75767231105698,173.46765502675046,0.0
702,-472.4139358742474,716.5280657763753,1337.8661983955692,3642.6878643961263,80.32405901862303,98.30977183609158,185.7857120505099,158.48256661033045,0.0
703,5222.065626667625,6706.920849419843,-973.8121853504098,-8432.901668835499,73.47330721819327,115.40601714613585,179.3177341958555,175.50392323828007,0.0
704,12716.11339403559,-6290.199445712531,-6994.75250397035,2871.95881389954,63.36862813780397,103.8814817294926,180.12670241135896,146.32226027281047,0.0
705,-7616.679201024754,10520.085403410196,13283.758714258267,8035.32209680942,84.81370511854401,83.62572659936406,169.1535777273459,155.36260427326616,0.0
706,4711.8476377163615,-2399.299392843487,-1299.9116539211584,6102.23810877219,75.5177755252328,108.33984354963279,175.18541363714604,166.87576315708063,0.0
707,1622.9304444097056,844.2317070210992,1663.4452150874272,-345.6317472049419,84.53581627847996,106.72389121761837,180.36404332371853,160.70838830999818,0.0
708,-3432.7033960493395,4018.94610669447,9214.796677819773,6801.562590343205,79.97702272913824,84.5161930954211,162.3499587135822,169.7336243529074,0.0
709,-1600.0058521305057,-5109.1172602393335,4786.05717093634,18909.86562017034,87.19566090130158,42.83562244585827,141.75932203857914,173.46370244972118,0.0
710,-7465.001303539419,9908.03521049896,3884.80955050493,8080.877722142821,76.3045152069574,86.64158526866547,164.91553980580113,186.31322439305313,0.0
711,-1708.756740752555,3727.8095657497906,7044.628129485051,10962.852154639926,81.5900470159906,99.00731004688072,173.9943280788067,152.41183479749816,0.0
712,4758.20435114327,-2813.767116980744,-4982.915517526713,9777.15485735986,70.75461171204577,92.03091690777501,178.70979445214425,155.6623592821165,0.0
713,-11817.32689330984,7513.899054074665,3132.4736465638343,3850.196848072704,77.17847089276388,87.39275922402955,174.3941747030594,157.3449118810608,0.0
714,9397.154759068548,-1585.0857153150312,2550.678705909468,13155.158005395242,75.97214872297839,91.78907847980214,174.99798169610406,148.12855018234276,0.0
715,2956.6230110253878,4134.349276965366,7174.6754727608995,12121.095773192948,69.07713477017948,102.30070126524981,187.11100390385255,139.00666212941445,0.0
716,-1508.401519950286,817.3417540123542,9613.693741141664,18421.777396297188,86.56021945795393,104.6495001575527,176.80460055303075,154.95302657163714,0.0
717,-4097.015962548975,1694.969081483692,6802.704123200075,-1703.744217438597,92.76440533658267,67.67599509254889,162.06975069463647,177.62915269867798,0.0
718,5040.551676975526,-1493.5442594011906,-341.0135929052691,-2479.1193135599415,78.2836427682806,61.401633976817294,150.64685648681373,179.10663248128415,0.0
719,10974.516000765414,2166.1441832222695,4797.794188540606,11118.654970224785,79.26976955731494,106.15960664091452,186.49982689904365,160.9222474369093,0.0
720,-7484.981466302236,4378.945451687096,8016.581810777146,777.5271560117409,78.64985654622284,95.08513726600462,173.7982172767553,165.7909322590439,0.0
721,-7205.933933102208,6518.488368663877,3056.607023842184,-3788.261074490462,79.916168311113,95.84313068955328,185.633675214334,146.64568713278322,0.0
722,-7190.813411346301,852.3144190522692,-1124.281619099936,3765.7131167289854,75.19290619211542,97.51695003126382,171.18963419946908,154.3846830816577,0.0
723,7887.314817790877,-6000.006438790322,-4002.733412952054,1335.425467642937,79.06180796500946,77.70702662725066,167.43019552451148,179.21810227783928,0.0
724,1182.1576881618187,3461.082756417494,4184.445690725557,5131.626616621516,83.62377571535262,65.1717721602471,154.81961698879445,168.75551077842894,0.0
725,-2996.117360874327,6648.835080719774,6388.5549942650805,4784.280248969037,75.0901680196928,98.96366318269169,168.25164785116033,163.1762620835275,0.0
726,-5564.515402116438,2301.5402614040277,-11152.237245356931,8960.496314537906,78.48356443576846,69.85731403047757,160.27998154463128,168.7678031211613,0.0
727,10349.946592089496,389.9500873774193,1152.843311314015,3782.2850170180955,71.79733086712754,117.65547502795125,191.9192351433415,146.98182041748424,0.0
728,2509.0312565830586,3.2676901599044683,-662.97095775051,7664.690640438149,79.08569244222602,121.44484441263717,189.85073333327657,163.57601858978015,0.0
729,-3587.6004441396885,3069.2755316310854,-1631.215353348726,6765.905161579015,86.98495018350926,94.68545603458628,177.13332777265128,157.89388981256852,0.0
730,-364.06328900551796,2366.7633015888923,-2464.8068738498305,10595.549304932509,73.22120483550323,83.66469600677746,164.6095841024445,166.59876844792475,0.0
731,-6192.068071768574,7948.775539210508,7487.50621672383,2903.5057285620924,76.73181964081095,106.20152790441338,182.11446663158313,151.95905606068956,0.0
732,7097.089424888053,5135.533770280711,1836.2991016967874,-337.3285291970025,77.78464704452118,87.9677439740329,164.1533070999511,156.0630607812878,0.0
733,1926.1163241153824,2517.2293815056,6015.52319559316,9503.028898662484,88.68086382683022,83.43681271426506,165.43258691572677,162.77837255277612,0.0
734,14940.42214222113,-1617.3162157399613,-3216.436759300907,3851.907962258796,83.93754709390105,90.73446691689415,168.85216180605346,159.28525861934168,0.0
735,2368.559868746926,-1450.6460655920193,3601.809292686212,10867.792725699095,83.41250769083383,61.68773356610437,157.27999295366425,183.91994307626646,0.0
736,4199.551553897824,7311.188071995817,4417.283819432816,618.8370360213735,75.45672375571557,92.64792172124532,180.14969287583943,168.1864374371876,0.0
737,-5175.817318740156,1882.2653082897712,3112.880605806169,-4633.852247867042,84.6332853790255,83.72554818824135,160.92750112024973,168.5449250594329,0.0
738,-9406.115344123056,13895.225604373822,12373.202991597338,-516.7475450266915,80.15612982325075,87.40788727112468,172.04311491277358,156.163326712938,0.0
739,-1831.7584768500328,-56.198768704837306,6337.367944592472,-389.75828132546656,82.66699735867023,70.18862361548553,167.9937265662773,176.35370136537534,0.0
740,-1029.5489877447656,-65.55794407713434,4271.488912162592,9066.763778223685,71.52641839474778,116.10465805893563,188.34555167502617,155.01994050765154,0.0
741,2550.1051298216103,-326.28114035218215,-15006.637501445324,14252.645501829142,78.72711515373413,48.14939381767062,146.9675156645253,175.92127033334882,0.0
742,12255.327664205752,-1086.481985233626,-3015.3998874603167,-1465.5073144920264,71.81360739050623,88.48894562354361,172.1063192249655,176.90670539856794,0.0
743,-4459.922836201041,2904.378048395672,-497.3222769711705,580.6671746327678,78.44292081029313,104.39772195544225,172.85411224762595,170.88062135669367,0.0
744,8323.149903329788,-1572.9869893183125,-497.47629210380364,5563.140265520187,71.35955879978039,93.48770490298122,175.58775584000765,148.25864245860626,0.0
745,4667.686519545607,314.5595420887659,1212.8103064189345,-1953.776783318014,90.05019759101326,75.27690811725324,149.31733056379426,180.83319919587024,0.0
746,5137.929227627997,3377.50849548748,-53.759934720456926,-4535.905059906118,70.53568205832403,93.45227402469357,173.13662276364707,167.11569430971102,0.0
747,433.7630944836728,4737.48769613534,5199.294178217745,3889.5619318842973,77.32518991245382,88.07770812825291,166.0645783004261,171.63968421195827,0.0
748,6910.156513329061,5411.97587120444,2604.7595377450502,4690.943609267466,72.41987015110321,119.1470590957789,184.0711005674561,165.85315612992557,0.0
749,3682.425276408479,4161.851386861922,3249.4219395252057,2580.930632247621,81.10658228470861,71.76003596219705,161.38106386275328,165.12378136039996,0.0
750,-2378.515809458263,4759.454444244658,4160.49967940911,1558.3947940646046,81.56073402675996,93.33758839738037,171.67872120231937,165.72480530876524,0.0
751,5190.494340732982,6070.325424711111,-4967.21118204747,738.1746823538405,72.58980333050647,108.55055986789276,189.11255790760498,168.40081052412665,0.0
752,-893.9295680926049,1050.4758527061217,-2423.672360520539,6900.15864870407,71.38932759724496,75.87654851640609,159.1430082234229,170.09546928092868,0.0
753,1860.2398944490353,1066.069467589148,1240.4688141436027,5085.717605662337,85.81045126227878,73.65044108267594,157.5110177296241,181.34543951386877,0.0
754,-6210.529145983926,7740.653597481444,11814.008202194284,4763.5125371817,78.15585421405208,111.60812362116526,180.40941550965647,151.87396862977113,0.0
755,-6830.744848619731,6202.168173570614,5631.2812317960515,2998.9814809401746,86.53956049214354,79.32370181651959,171.4856648192599,162.59125475147994,0.0
756,-8645.627613872704,7338.546121249578,1326.423564860951,4347.858548227313,77.57268887105303,85.17512814448929,175.3511513274214,164.77071827771576,0.0
757,-7175.397416858597,7419.6227101489285,3688.423960915013,6089.788968141356,80.13448669937246,110.503232156978,174.86446710824853,164.44468910406,0.0
758,7200.82525884481,-3134.2518123497107,2437.4770744639864,10040.367022477181,75.20100095163905,80.09853617782962,173.81490047000932,170.66406217399918,0.0
759,24.104517156993133,6839.336063796035,7161.029144846854,7577.04394641376,67.77630850853879,108.69458569291788,187.07707611846288,138.66214966092494,0.0
760,283.18921712797885,170.5280081205669,-1584.7953028035176,1090.4236080538396,79.55690478145398,108.7511514056535,186.5961135161365,151.0978580333963,0.0
761,-5150.788731155171,-2549.51663401112,-10383.645453233134,1405.8039404875976,74.32297969079973,104.78676663580183,185.62323666793327,150.37785540643983,0.0
762,-6857.574121185295,5262.398240025963,281.46317954886644,3453.160315249471,82.79724420041997,99.19342123458081,167.7254767031747,159.54987623889247,0.0
763,17447.508871794405,84.68184100838982,-2766.390312482801,1570.1025125855476,83.98482706768809,90.72156453356676,175.23003574182312,168.69347315979547,0.0
764,1274.2720583639966,1138.0425449290158,-52.10872511063735,-10638.422965044267,69.6610287319585,99.05699909056234,184.50383866648463,170.12148365608655,0.0
765,-182.87894119974578,11245.055034220026,6333.5934592322765,-2167.533110341869,70.32283218531148,92.26302156851852,171.20752536526342,165.77465602454168,0.0
766,7302.872127580445,-915.5414998910865,-3.806862951261536,5361.009561309126,74.42741425059694,98.80959697714039,166.2957070399676,160.13466539429757,0.0
767,-7160.825330673173,1816.1671920818887,6035.4183118141,6044.203230712901,91.40874742999894,65.35095134325675,153.94305369104214,169.73151802488601,0.0
768,255.92074326861348,11474.884999096734,8103.567718722064,556.4410062290772,77.88677782943283,92.79172842330487,177.71724405071123,162.37876159078868,0.0
769,3332.691961566374,-381.59411629285955,3844.4490158170247,7566.35647350901,74.47692512438104,92.63907079656332,176.0021304312953,164.10665729524024,0.0
770,-354.9845533337099,12916.246623672389,9496.378539500263,4454.460035213331,79.27625896361859,80.03020464408912,171.45934960617078,177.46294640080785,0.0
771,-1880.1677183397342,3431.914106624879,6582.081034711138,3325.6817100975245,78.99324398451125,87.56897077778335,172.22732604558485,169.917940217652,0.0
772,-3840.931569024874,2956.6537504722664,9003.169225877937,-3426.3938936606314,76.250378065117,88.659483836984,155.82179787609627,170.4707744548937,0.0
773,-4042.5407765212535,613.0567932230426,-2671.0486693959424,655.0596584874073,70.96565128625986,79.26506404438985,168.15236632138874,160.31398480749854,0.0
774,-3001.2159028168935,2418.406416854312,-746.624501063295,5097.108983492063,77.11310054565868,63.09777319755888,152.5444960301248,174.50629531131273,0.0
775,-2601.657143646659,9002.227412495922,10740.314733886453,8605.297726230488,79.24177785471281,63.72146015037141,159.4513784702194,165.59601918641698,0.0
776,-3411.4387596757065,-550.6756318873465,4378.231668723832,-8679.42363910692,76.84451258463953,96.43933529095229,176.54869936745658,165.12266474644986,0.0
777,9262.359816164313,8300.793410855224,-770.0291544906892,-7842.792193038491,80.09320374709786,93.02363839960037,185.3400947490982,150.81541020018244,0.0
778,-3860.857640117553,1404.18757023031,-268.7685416960801,7026.558904174905,73.71944991751774,89.89459048181205,170.19090773232546,160.42961910429625,0.0
779,-6884.198583355779,3994.6582694494546,457.7435165551944,5358.151480740389,78.48793618987204,74.73405754009778,158.6693287513624,179.56772691938752,0.0
780,-4313.286024370262,4219.146662165805,6637.150456486157,4906.276386369872,78.87402239418113,85.76863592702135,171.4847653826352,160.39746691414803,0.0
781,590.7815239628956,1762.0371931529085,5457.995602806548,4223.85603111966,87.76970857279247,58.257467305347575,154.99821160479743,190.49823226241975,0.0
782,8396.111150575747,-260.01867597884234,-1328.40909836391,-51.597115826333976,84.2240800164152,81.95599041888775,165.7846885376394,187.62892240197715,0.0
783,-2325.9882922723064,3949.5979730920462,56.86916301266809,6687.575513216466,79.47113018506181,74.2609614423646,159.31954349457655,181.8806028296902,0.0
784,12291.984115507203,2420.4632456487893,-1127.476334833409,1786.256726001593,85.10217690023691,94.21795367675303,168.97776434875405,166.30170364591936,0.0
785,8512.341397218821,1473.600691960502,-5186.757462202327,107.86562482200823,81.07606207791912,95.01199910693876,160.92385827373064,162.54909777715724,0.0
786,3597.462615709535,5117.507799809003,866.5803137483406,-3191.7054168334002,68.46992060704068,106.14899480940917,185.68464656025157,149.4331596977517,0.0
787,11448.438112198388,8491.351710730321,2970.332077753638,-572.1474441833201,78.21072256291339,58.13337102987664,157.70646425156994,170.8017229049931,0.0
788,-3795.246363189067,5339.3968357417225,4617.630771459881,12226.69876658294,71.7535864076597,69.02623915899294,159.51802554367708,161.6611101749468,0.0
789,-180.57434761946655,-43.14473629216087,-1332.9698414418797,489.6515799140606,71.30197538943544,84.5849439359917,160.47299692691544,176.1341198921698,0.0
790,-13932.879584932407,15223.537741973088,6544.941866869672,4885.2439333259035,74.15485861595992,96.92066206099953,170.49615343547063,168.44788372603617,0.0
791,-5180.879150839581,7105.720613480185,10211.518666386404,-57.84897795730481,81.35950216409788,104.6064776416179,176.65566418676056,148.91141361884266,0.0
792,1882.3461671311081,4401.955704056823,3130.5213143009473,2382.34390106737,83.85036768062442,87.77331992477883,178.50801919915898,150.08262577418998,0.0
793,-7037.843586084551,12151.443656777381,10452.542267026784,10353.990013106686,69.9411888368109,102.74895580516146,166.9712313938238,162.0048121489855,0.0
794,-6866.927162621913,990.9556227079896,2876.378361332475,-138.6670977472475,91.2905756739026,62.69579063106527,156.1873335048193,170.20230751187083,0.0
795,1646.731345316376,-682.3322376109942,-139.9609100123467,-709.7682714399514,80.38270061027085,87.83885804706401,163.14245288503145,164.07096537453293,0.0
796,8397.644302884106,-2666.22992429764,-201.63904410481103,6927.747452003084,89.76392391355384,66.6028840922774,154.9579128522194,157.2397477746639,0.0
797,-4506.6188184258845,9055.990772548017,9944.451849604951,6762.958798360131,88.56647228301605,72.11046934972426,159.8148345781149,176.07595010914088,0.0
798,1673.497442249397,2030.0144615719526,8546.883906828622,2730.2813108320274,67.20120677485212,84.76440669526018,174.5898049411454,169.15492183730385,0.0
799,-1157.1516853742146,12625.891328230142,6495.237535050167,-5081.290011326326,89.43575926134191,73.67710450629454,168.06394678962278,158.14314367702465,0.0
800,9643.381684236329,2581.0852167013463,-2446.7617368059664,-7544.489155166786,78.02648179608146,107.85669172726627,180.0072582086185,165.15052169353277,0.0
801,-5857.146283020216,5062.9817730700415,2269.36788138609,9973.629458830905,89.70078882051425,85.78150697650374,170.03631288262864,166.45020646918604,0.0
802,-6850.588837026267,10724.236731458705,11880.216324072167,7784.251876520385,76.13115289929061,78.78289562037742,167.76440801457946,176.71937933100605,0.0
803,3195.2426224688174,9664.11965485699,4615.041412965198,-3138.2643879780426,75.33919271024672,85.71890369873704,162.4035945470145,176.3122710287215,0.0
804,-6075.776102320838,12337.686473381118,12456.051330149457,6453.322636015608,93.49201527111735,86.0324681096879,170.1745221885686,165.02572307603737,0.0
805,-14600.75713583612,11543.352085297185,7945.787401898144,-5076.959469681253,73.5746943335947,72.41805007306343,167.5595862219741,162.2705002044224,0.0
806,-3497.192183233064,-132.69929571632932,1649.4409591754384,2391.339128832346,90.15853535804553,101.55562225671622,165.97022752253392,169.8673432585881,0.0
807,1144.617804085017,4993.694153392141,4184.238978414271,1422.6271810378526,70.05832687273752,89.54035319068977,168.8445751429294,166.65063249351283,0.0
808,2384.711347156248,5304.02008629481,4137.252428946717,2069.4156483948263,82.92454568048973,65.5921471576268,154.04615894026645,171.0481031440834,0.0
809,-4820.414972874917,72.03400020255168,657.4499823602804,-3875.6394173231265,69.74717191284846,102.2894189307226,180.80984408242296,158.91180401798255,0.0
810,-2971.129572267124,1379.5638247975885,10162.324637022319,-2381.003149644011,75.40554074669818,71.66500884680165,156.23123424580587,172.58014529500858,0.0
811,-1070.3651185052152,4123.469457361695,3252.63434141985,11554.652898871322,76.40769399916715,75.3950170319682,161.27703292817748,166.0752581707076,0.0
812,3470.8350149634957,1202.1329985772034,7149.8949095222015,15535.481241312727,69.9336174615955,82.44140473252763,174.4795566519157,166.141016899455,0.0
813,5515.78665879615,-1266.6725900302818,2838.7688793289367,9081.482117059708,79.6449055606244,82.08083653485818,160.48073573269733,180.73203771925944,0.0
814,8601.660446467718,288.7559110450404,3097.356212776384,2780.1487501667825,81.97157529742807,90.37289530006717,173.09805379821728,161.17565677018686,0.0
815,1608.6463205390555,504.49342215840744,1565.775933566226,-4159.571109835733,83.96130780270514,90.9443241946194,168.85590534740865,173.47257494962452,0.0
816,-3900.1017647235917,14539.339328473743,12950.194215459098,5332.859905192109,75.86512030516955,82.24354949363669,166.1206096679791,160.06101212939726,0.0
817,1738.5796940076914,7861.211764027741,13548.962343024887,18849.073108839268,89.20698534212633,85.35207406417271,161.36473880512796,162.21617333197423,0.0
818,-3673.521745953297,1383.032264657625,5335.137833543796,-3742.5070982968555,79.5180886482024,90.60247527928905,173.9052515326638,166.6946232322209,0.0
819,5554.720060522859,5480.13984375301,12995.341535061883,10293.679083396843,66.77667753225747,96.87557555929921,174.59548212477472,165.12776864541834,0.0
820,-11249.86471690395,12604.945812022568,12444.362152655945,837.1215023792082,81.0860253938873,95.21356186957576,171.84962305124296,166.70959317559948,0.0
821,7550.526177803931,-1891.4971537915037,12.853614293834692,4288.655655297946,74.00234568154387,88.71518563949287,179.9294303205166,160.05557264117752,0.0
822,2730.1818531736208,9022.138903872175,6330.984211846312,2584.9968259954953,77.49654866822549,86.59160563195826,176.79126577572322,156.89009731235768,0.0
823,-2034.8325013011506,-631.5448460620768,1045.6797217200742,-915.5795246860365,85.19543883562474,77.8181387415837,160.86394491159825,176.74089191454584,0.0
824,-3454.3917924963807,2746.0768993168585,3575.868979744614,5495.213419568014,78.6595678557844,96.05488165740798,177.45211176664068,151.95001832960472,0.0
825,10.357178108582055,10042.866233952183,5215.245621577775,-2254.2472092519624,78.76936805120522,98.42512708044211,182.6179050206914,150.22543023138505,0.0
826,1452.629356400463,5316.228447342625,5846.567193681007,5033.324498166415,86.32455606588229,102.32974566094583,183.55545907636318,155.7083358079636,0.0
827,15762.956789078744,-9822.271413117121,-5875.7033499198915,9915.454354907797,71.50953486262695,77.82056937587163,170.8560375483428,169.561963618379,0.0
828,-7626.089980673944,4004.4984597862426,-117.99604840689204,-6563.818667845561,80.37979890910131,89.55852884064923,180.135533559656,159.2428137063412,0.0
829,-5680.817985317127,6144.126125419587,4260.718976742957,2194.2896110823635,81.95460156880188,120.45198870646024,182.69284953833753,162.36428300893112,0.0
830,3670.403110434956,-890.3548479670013,-964.1096600817663,-201.22496919324462,76.67917746030164,101.3206873203492,174.09396577950187,165.40215262166217,0.0
831,-1912.2360930264986,-943.5229904128292,7721.443444843626,-679.1872462399433,75.71575635876435,86.32884047722337,169.22847644412863,163.10894548880364,0.0
832,-7108.045109025471,3029.9845816441816,-3087.3969536385066,2003.18233342127,88.34204260211618,69.04350807127909,168.50471483681451,166.78615824593024,0.0
833,-7296.392780611507,2073.395550929207,1316.1970337099779,157.32959371075862,87.89588208722284,69.76543150135645,153.4965843413404,192.16955576714724,0.0
834,3543.972442666364,11593.878823713383,6491.903180547023,-1667.0361913383292,76.74523539738973,108.96541827983599,191.84605221217592,142.1252389533515,0.0
835,1626.7665380669407,-2897.9181746270942,-985.7616390904407,2566.4795668684787,72.24314228389545,101.91717345046476,176.42678685510901,165.4154220478464,0.0
836,4540.033046874015,4331.938196073726,5812.559398807204,8342.025005811249,84.06783955082857,102.4777445409449,190.10367784306987,161.1696862488982,0.0
837,-2321.7844776187376,572.8856463854388,-2885.3938218731623,-678.6457505412176,86.51819260905413,44.924888113640414,154.89187225025947,177.9844021246756,0.0
838,-2774.4762776964976,6582.83725685942,7807.197767397516,8305.376982847058,87.18850706091484,99.33557489961478,175.57242046957805,158.1360784964259,0.0
839,-7823.427719454182,9613.22019682486,10547.273424524203,3944.578511217161,84.95472248494544,86.32680220722118,169.4747471486183,164.74806693934556,0.0
840,-2496.4644521743407,2866.957226781239,6544.978685044189,7761.996715464703,78.17464384756086,85.00761424817902,168.57467500209378,164.99625535659936,0.0
841,3795.686942304527,-3171.044697045281,3205.276437958451,11033.410317989224,79.55044146705345,87.35821390052047,165.47028153846915,161.97908834845958,0.0
842,3149.044308599873,3234.9020020943944,5746.896610966573,9220.37867407538,76.93177777973135,100.81355446610934,180.30145391131785,160.444597171769,0.0
843,6855.124864908165,11889.318261821081,5881.239235156999,-2994.0737784359003,77.29945314701575,72.09460761549727,155.99792020398965,179.72229875211374,0.0
844,-10001.997349060253,7766.027261216608,1259.899181585789,8770.127839306899,65.81546506263169,73.32755395893938,166.42150592158896,162.2302586601039,0.0
845,12650.49383640342,2575.4807021550537,-2702.850017022611,-1917.7149278032348,78.6694761785148,87.24182908035762,174.19896016233645,173.07994339325893,0.0
846,-10330.57032634836,5016.399657849346,-6075.630533432724,5376.877907871787,92.38475041112098,87.40635258567761,175.4646130430045,165.82056561820272,0.0
847,-1187.8895280512168,8711.719113874511,7071.121849292523,5255.262952087435,66.88767723091871,98.73235104070775,182.3688270089744,149.47687689408357,0.0
848,-9369.099627334122,5340.919782851139,3276.065036209903,349.56308524438697,87.78882810132781,75.41536009195096,174.87660310362824,173.04422547613038,0.0
849,8601.817489323783,2516.0695601980674,475.4780186622405,341.9805380300063,73.45469727000898,90.21673521655154,175.34639096060377,171.9411680658642,0.0
850,4207.762487947931,1755.522832694799,5718.9570600451125,9971.552458572287,83.03958197703983,88.97727894869601,174.37872722804542,172.0894029898601,0.0
851,1379.194426966221,-4797.45746630331,-4084.7423546521854,-2243.8339832882552,78.34296977922776,105.59025995309842,184.92780756847733,161.48275593393896,0.0
852,-2268.013051500524,7159.6016270807595,5239.789205042634,-3214.9033309210668,81.5000004526057,101.49429147296983,170.6823409249469,166.93708743246393,0.0
853,7935.540474461858,-3307.0047483078138,-1739.7909523564708,3314.183047822872,73.52011721255877,60.29538346303623,156.72485406638194,174.8634612107776,0.0
854,11576.48283579224,2165.5076191325097,-2147.5016483755794,-540.9290282335903,85.15847185943684,78.83540670442937,167.73166919492795,163.50512991740646,0.0
855,-4418.564526748067,16.175290563666067,3074.1018381441454,5057.20058802596,75.28636068635731,117.30523733897137,188.4049811664312,155.24932248056155,0.0
856,-6313.756168142698,6341.002174113862,9320.652198506252,10959.826369548497,69.2885562279262,103.47401348333136,184.88551010229483,156.83066692540285,0.0
857,-2916.452943274028,9243.72593954004,12587.558317503728,11669.803983143674,78.04165007006993,93.34847869743649,171.68740420790823,162.17416463292693,0.0
858,5492.301615349623,840.0774942835274,9836.08349819679,2859.4837091270024,69.27882100887663,101.09302696662776,186.77131595017545,153.6391631980489,0.0
859,-6355.628036411792,9787.481421586686,12903.06945880038,3877.4462974149246,78.18702870749539,101.76820913950054,171.90949296828,172.73855915045135,0.0
860,-4479.222175082994,3091.652204301001,7317.595609593097,-6029.934691834463,94.02837872273486,70.33454217945494,164.9625582653815,187.20348602937705,0.0
861,8269.558905451677,-973.7911479272454,-679.6550541485975,3878.3188110729034,85.79997242986319,99.46493650021527,174.70714630391168,167.96864736297093,0.0
862,2368.731210005122,7030.089013851609,5029.324123524217,2543.6656536152827,84.52876568730164,89.18097938273064,169.5115527919047,154.23662694727992,0.0
863,-502.76845381240554,5013.925677101956,4250.2411954225445,3179.3059064444465,82.6339172198532,76.47996377031815,162.86914892982688,173.55631950868982,0.0
864,-711.6940226178383,644.9304966301108,433.66556969302206,3008.509518921983,78.67321979003788,58.4294175635492,159.81788652354837,174.6801376716398,0.0
865,1877.8279439472064,140.99138256085598,-992.3402036843813,-974.3196681851454,76.69601584217604,121.80629623885288,191.14115346986637,146.56559850786607,0.0
866,6865.8241541265215,-3122.789306251049,-685.5458176135012,6599.382686621297,82.40068048856126,82.72941120964292,165.53022013756336,171.23970012051842,0.0
867,7570.982568046064,-5734.418218326445,-1604.2452001175884,6242.788307056511,73.11729020978724,63.19609004087348,163.21822857767592,166.02647234349092,0.0
868,10149.91148557626,-3365.4603449065817,572.0743297143081,13373.040433853059,76.37622382425984,106.22616539331081,172.64893132993512,174.9011603600659,0.0
869,4163.28370248886,3593.064796446221,3626.0926773388214,7215.105622720235,85.19128399553652,98.85133996729382,186.29209792335482,155.4642904583135,0.0
870,-8423.270649877859,7888.869919399401,4917.0650368662145,5863.3486940509665,77.32375602830113,90.71057034142953,172.50465153563107,169.64539862369546,0.0
871,-2811.2496446291498,3291.1658906872267,7381.666735424022,11263.029357157448,81.53925616761015,88.67759307771378,173.44459517947146,165.69462678976382,0.0
872,9924.58579115794,-736.7715493999101,-3182.0920713032456,-2760.7896213330732,88.35494125236453,89.31765623923862,168.42931337171655,160.73519122151401,0.0
873,-3808.1397880807936,3719.7284275762245,7982.916062475127,8347.71475636366,72.26952053172539,84.67711013715169,152.69306869073864,173.95427537860323,0.0
874,1469.0920650351736,12163.816796144632,8401.011572147334,2905.335417101621,79.39505862977731,101.92792401665005,172.70108559645314,154.14109339814866,0.0
875,1122.5601191176647,5164.41426729561,8206.71984286283,11723.799192327817,84.73568953610672,113.28221573877711,179.3850464956476,166.50972358841898,0.0
876,-1684.0371525541664,3705.8213003228107,808.4460371072618,4476.447905854394,80.99178078006398,75.66242601606719,163.27102067237783,188.93384508859074,0.0
877,-2469.014488077042,1386.1473745223157,8917.654692167906,-6577.234589119725,70.18989709806884,102.02108396184867,178.8008991291092,157.47572617885072,0.0
878,-219.54451234773666,6707.591715845789,5781.010686702489,2742.823809480503,71.38849007566668,92.57759979157825,173.5713830256815,154.97914051064694,0.0
879,4413.430466582976,730.1746254835844,2184.66603986041,3801.6154689502087,68.82125938848196,84.89973548545771,172.5813737634265,169.92482565369443,0.0
880,2167.4190636896997,-411.71268291218735,3926.7178768214926,8228.135016576562,75.1959868969099,82.73336693378421,160.9562871804578,167.70810246873012,0.0
881,3624.797837681155,2508.867935141252,-3935.5518726782657,4478.999234693138,79.70911978826514,73.41614573537254,157.81432779270574,167.76009450497423,0.0
882,1513.6762219900568,4414.199272366957,-5132.068182347222,7234.744073858654,83.17896198992649,65.07231349222462,158.69163225385975,174.11777755514706,0.0
883,-2238.6331972634825,3486.6356217170796,8779.508338363303,8736.070707887196,72.40276558927647,107.41846700021438,180.8420456352333,167.37191355955133,0.0
884,-4958.266281118583,3199.8406614527526,4383.815359718607,2025.9705063483673,70.83858143852957,87.35025892915553,175.47125794374392,159.52030649451078,0.0
885,6529.475945937099,-1882.9876172504014,1125.6043182338744,4988.46618216929,79.47575238069446,76.53199129768737,169.6624977401459,173.974173379297,0.0
886,1227.6544663667273,1955.4629920223988,1483.2140851342642,-1161.02000617656,92.84504250471775,78.44392005977345,168.96386365623462,165.41052009573582,0.0
887,-5822.086145164629,5116.055469110941,6601.216058314804,5096.00006627789,76.90219713549907,74.61834833646832,150.287728686433,186.33863128663273,0.0
888,-283.51926490632496,2786.9844812946053,4069.2357068427204,2328.9478628026463,78.13587227927658,78.54037552213353,165.71746257500246,167.6155408375214,0.0
889,-172.37782145481395,-351.8085236339714,3719.348554540868,4817.543578573746,84.16899495199424,80.52603139501348,165.9785399079598,171.5979968674532,0.0
890,637.9289551381979,2533.5661074288637,3246.125525776373,-520.096777039559,86.31170972135496,84.29668340870906,165.2960134374423,181.7176618089151,0.0
891,2984.9441364879535,-1399.7652451156548,2228.199639857027,6784.761880014817,86.60886789135849,61.39547152443024,155.01547668422515,186.63191796890234,0.0
892,-13650.726783247452,12061.89823498227,8350.097708859283,1060.7785827702648,80.03195639891631,83.88852799751675,172.19618644094098,160.93309369194156,0.0
893,11483.928810682835,-3004.0299511471367,-1617.7363171952704,5507.71268324907,84.74774171870317,92.5882812778431,170.99645378262932,175.03009167508193,0.0
894,-551.49412084134,5066.588680285128,8545.816341781865,12668.353543932539,84.3720277978243,113.3292842043332,188.5747910913803,160.4989279287662,0.0
895,10530.32902477374,-5845.339234876271,-3200.6018282844325,4026.2048593838235,72.82104383418005,82.38685655413869,161.58575427200162,169.81065521755764,0.0
896,-4065.037138946363,8014.6983630904615,10245.409391197492,4874.192211610309,69.59339921517136,101.19867696334015,182.16843539583562,157.90759893840243,0.0
897,-13616.561400695693,9842.628226589313,13446.207434059801,-2149.4232073562284,86.15526676625186,78.45961035015301,164.52230144585698,177.11212720761674,0.0
898,1881.998664312329,7.788221754756464,3752.8594866754192,8744.767648911899,72.50316811196865,71.87365959905488,157.8031940796361,174.04713450690286,0.0
899,1569.5725445023786,6296.357501645469,5820.166960733921,5842.751101342811,89.384744305012,87.66992094858115,175.3328549995386,161.4599669040183,0.0
900,5858.874774269575,3598.1941072158434,4386.083526705711,6207.199025355301,70.6018083742377,103.61956647608731,183.43380551244852,157.49853065897904,0.0
901,-2908.8651511537873,2905.347344573617,6590.678591666999,66.84203927432053,76.0133161204632,102.24427036848503,184.2585148459187,158.148184389193,0.0
902,-49.40670872820574,1202.8408391122994,-3463.9330942455335,8919.498528656663,71.01264236335223,98.07296098620172,183.65992585468788,152.1503325894941,0.0
903,10353.346542723404,1768.5545027825162,-1198.9437391916372,1022.9465604872985,84.58643186034735,74.87979187517787,152.16404307533435,176.92626129986758,0.0
904,4865.8209565211855,5906.200159458671,4589.223726852848,4212.787596005611,78.07906394721137,105.09190800015088,179.4673371537629,149.73979113376598,0.0
905,7631.304125573706,6515.684501157844,1324.1429124055983,-3956.388060264944,83.02222379289275,86.59116652544037,171.35623845782507,164.87937002514715,0.0
906,-6605.143699946126,12612.214419692731,13641.509282469118,15194.654434870732,67.1210200206948,88.76567896811592,174.71476545390166,161.22930206786734,0.0
907,2044.0680588376465,-3985.627615664544,-455.38909713378973,-644.7599510270767,79.85878827817143,117.33682728856857,184.88283403801714,150.1338157708381,0.0
908,-13651.678516694077,13923.281323192472,5193.469070774645,10835.451242700448,71.68057517204652,98.11074053697094,177.63981880280164,170.7349806706663,0.0
909,95.14460273489034,5894.925282552695,7539.082692701175,7106.496306698475,81.0461925475787,120.74917589228102,192.34833540237074,152.4278871555612,0.0
910,-10636.84660557886,11211.026948669838,11246.830575497846,-3239.3082914086267,87.40725690331665,74.28360547158402,160.39219437288085,167.92056764765152,0.0
911,-1386.5001522652628,9416.334626070256,-10314.479009496743,1429.6522486217027,88.84094411860498,87.41564952699318,168.3570470301406,169.09443011482588,0.0
912,3372.0908843561256,7363.319262844966,3969.9364499164167,-417.77907489943055,79.34577611044952,86.35597390071183,177.98609592861777,164.227155092653,0.0
913,6395.811925358391,108.99398968010843,-428.94166652748436,-595.6072853048818,59.785966690581446,115.44729429798356,181.09777809194424,148.93583877703676,0.0
914,10552.682300363345,-11304.805693802846,-5708.619495829401,8228.253689600948,72.68183368973718,70.57003091752674,161.49380693179404,178.93378656232807,0.0
915,-5970.829791965897,2839.2987522310577,2942.968508078158,5607.900588977084,81.70175627393073,106.96563357603262,185.6017608086358,162.256746538298,0.0
916,-970.6617219723071,3094.8198154907072,6893.2302330877865,1249.9801257525824,87.48129709730036,96.53143971236756,170.8747174646944,180.7342656151407,0.0
917,-6995.95151784723,8220.155444035838,12501.288678486577,2847.4399329631483,80.44969169784586,117.95934958477046,184.36649402912917,165.00806568428644,0.0
918,-9001.759917872245,9659.490332234995,7955.182565089597,-1535.378135422603,70.33577958753541,81.51625566724339,180.74189011753282,170.19744315244603,0.0
919,189.52031991850137,1929.5070709783608,5344.630206391256,4669.509664764872,75.10231431728086,80.50830365098909,170.24331721414916,170.41343600380412,0.0
920,-2993.2098230213505,2736.200549649694,8758.391700541548,9625.646101933422,94.70658843779455,108.21408561809366,185.5926628124985,161.05823406294675,0.0
921,-110.6961297478648,13367.076343095803,8161.681057491314,1794.7196105654332,89.16062518469417,75.3498086080659,171.32322204116915,174.45144461992558,0.0
922,1111.6550800940863,-1076.3222233915574,1846.867776400031,3730.9451933027026,84.33231067035751,70.64239547504648,151.5246170956207,171.9144276255044,0.0
923,9464.542136201464,2246.3664372401986,-2759.7616729395722,-7613.701918720047,77.39206151278684,99.5218253284295,187.08574422778494,153.77775137831725,0.0
924,13438.672532077744,926.5839017635868,-1789.3934467777792,-1021.4199443460496,83.59477516554855,87.00517810693532,176.11916922761927,163.06144288267146,0.0
925,924.1195099779432,-544.3537446904955,2073.2517942374234,5847.123686387425,73.63647870959136,83.83692980706577,161.46187483257737,174.15906159137725,0.0
926,-8807.814611824042,11441.236328230048,11980.270091515384,-3216.645257385818,85.4850338297569,93.94066252260696,173.68525188963713,169.00523611643712,0.0
927,-7540.219798076065,6088.079058641789,-3042.207783617084,6947.7525077544615,68.73245328301778,110.53714889434687,183.33540070927182,149.47204375805055,0.0
928,-220.07510734095482,-1164.284435896317,-5460.542503694397,9888.996308603153,75.07953714144612,111.36678666799997,179.74345833219036,154.3433771384233,0.0
929,3770.3925919542326,1900.1329253590816,2366.5448776585436,1214.4521339606422,83.48164679435072,81.26000101908878,172.32546762458844,162.60677407243105,0.0
930,-4162.206786025944,4847.028814438616,2014.7714337106568,7863.922416093176,89.69331642136486,100.30466987290335,172.37193806823996,165.10269474470172,0.0
931,6228.501209992142,-813.3092228923844,-894.0455466856477,2137.8320812490565,82.727803864516,92.11955612571667,174.25861957295183,168.78574547601875,0.0
932,-1105.414781219456,85.72943701542223,6767.601494812076,-2144.55501861525,77.84206967005136,78.75036447363533,171.32230721584153,169.2213946531461,0.0
933,7280.200715764932,-182.01746298998867,1671.972596798743,8492.36713512528,71.48422780762323,89.07363454248846,174.44086031274406,174.65517086883509,0.0
934,-13274.539476135564,10440.565987515314,8991.98257592628,-7255.573918023412,78.59536595558072,93.8478486566736,173.68912740600214,168.47500089909784,0.0
935,-7656.004491343752,309.5328801634243,4658.599323153902,-8975.562598447084,74.24003031075863,67.50054587805518,158.0939161918802,163.76721556197742,0.0
936,-13198.457500056747,8171.631529343686,8970.294432096192,-1358.5639585882627,77.77790796956822,94.55896695127835,173.07561147875657,169.71342184925243,0.0
937,1100.9938527023069,5546.657469063406,4795.386524605995,1247.3337462815591,80.7402746290161,103.62275339301813,183.50129913740832,151.38962806897368,0.0
938,6216.586313680069,15100.883102344764,2065.9045912280376,-16516.73481935895,80.06248886737345,101.33477470424741,168.54114606739444,174.49654080357934,0.0
939,7948.366226575786,-2325.1585786069227,1724.314384319773,11017.17996382253,69.59981643139834,92.45847386120946,174.4773153876528,160.38675557821972,0.0
940,-3760.8212969355227,14727.1017177956,3933.3101697444213,-15227.386640807897,84.35564130615276,74.0281521701833,156.7628692109893,169.21993658313136,0.0
941,-6254.199698964482,3059.5619065190913,11701.586608770647,13558.654371657127,78.01728800943681,89.87500873464694,164.05063773469806,166.58097241679067,0.0
942,6534.178280869026,6274.673907433374,1039.0302405160216,-3931.2244518451425,76.45442444412997,64.18773942477603,174.0113218160085,165.3387928023641,0.0
943,-4741.399983997754,8551.424367883254,4188.865622846318,8283.21482422431,81.06385047730323,89.5114309126315,162.83903962526486,178.7374200929351,0.0
944,7065.519260620146,6961.649422767843,4266.406920200049,3670.949275893699,78.74660900694424,63.0085622001144,152.08227201385347,172.40303460123366,0.0
945,3395.3630466685113,5595.177727608563,3029.714761115141,-1016.5817537704371,76.92376676083022,92.55009187451587,175.1082508226846,166.71605999897199,0.0
946,-12057.793785740949,8929.44089465878,10263.606859228315,4881.426447551406,71.45943560653708,105.5549294544201,175.2824068635479,162.51054919394625,0.0
947,-473.87229145844015,955.9572534633021,-3253.372141635916,6877.120847877873,76.97554279332307,79.16028088132798,172.98766107793048,165.91364633005455,0.0
948,-619.9394501075207,512.2609568660463,6023.91984185147,2043.986749921282,77.16545670766425,71.19065492996555,150.7979423617615,173.07997922016213,0.0
949,-11135.609838292898,13127.714467270673,8710.485695571357,9314.994146535819,79.6459189146463,98.4681305355812,181.9622449867395,160.8098056040855,0.0
950,-1666.0387847436605,1309.5992002861299,580.0502397780458,-104.59223248770311,83.18861484874735,89.09679731796264,168.12813802732722,174.72385724053908,0.0
951,-6749.305995767683,8907.832826604148,4916.05793642454,7215.883384231743,83.29258978486581,84.74846912944763,160.50326276874281,169.19603710938821,0.0
952,11.867338512795644,-633.1685766941378,5523.840419851695,4468.936677899808,78.4411956652147,81.74779161115384,173.12116059274084,182.42746250659698,0.0
953,-7616.670873718877,8290.669634129963,8730.14374473533,697.4450665992133,81.76098564886851,78.9762176169903,161.27469990054115,171.77918127824609,0.0
954,-7687.854037443717,3189.036134420106,-917.7999246257342,-1408.6334868582182,82.18011480132616,84.88482030051239,174.14778469514602,173.41333103056618,0.0
955,-3551.2056105352144,3462.1030802682876,-4875.546310583385,8747.31953432399,66.65018847926413,110.36216311607562,188.1476788261268,169.26429851670073,0.0
956,12880.857192054935,-2748.8488578382317,-4839.948645630937,-1900.2574486732997,69.75677759111115,103.17451547724073,170.5952621472632,161.4491804316645,0.0
957,-7917.277138375546,8007.302020862871,11658.093320543232,10446.904758792209,69.22572068210732,99.8943595286266,174.37688825699854,175.08656166506012,0.0
958,-5771.374647132399,10497.830007917506,9540.226940145822,2284.3504168631375,74.7012899865996,83.00923125969464,170.0127164339122,167.22308365102623,0.0
959,-4444.76142314169,4973.493498637894,8469.483769884437,5299.4117406287305,75.42543614902124,107.88305140876633,192.02741239563505,153.54866246207746,0.0
960,-4148.05080450229,3471.5558630645432,7181.461433314931,-350.2094229069979,76.6938799965514,86.23670281154314,168.65348044683685,167.23784340919946,0.0
961,4678.427231190543,8846.950961442366,10476.685955234097,13974.177530251745,68.0728461251555,89.64192058667706,172.49242883063863,151.16914500490776,0.0
962,-4483.669840140509,5287.57299818935,4771.502261859846,-3421.971468413936,74.87228422447662,91.28730016050577,173.60117778054357,168.0565304674842,0.0
963,2399.2667438051503,-1731.6117349811511,-6608.14021504672,13004.481419203099,83.60105869840612,101.86376371028193,182.92891656170391,150.88109102635767,0.0
964,11822.051028327414,-37.751037170921094,-1826.44053458325,4445.511712540036,71.48984622358037,99.9138672220069,176.0114646437617,155.00760610678475,0.0
965,-1701.2340051351175,664.278180507738,1310.6780774829158,4215.304177513811,87.85346573561274,83.52463418462159,171.1235812725327,158.15634227352376,0.0
966,-605.808942178132,10729.820655500562,8464.632053155103,2665.8075942953524,79.68498814221772,82.68713770824937,160.65227631994432,165.84105389109567,0.0
967,-3193.127503973746,8535.505654374616,11418.471545287257,9845.943275975642,81.93401746319812,88.07995982492096,173.70374183153342,169.59334784726914,0.0
968,-6107.24633889191,13496.51243988622,18808.763069533445,5729.448623968111,84.70449955605967,83.78581255772224,164.2113972753388,166.00992070278124,0.0
969,4880.268693577097,11277.159243120564,5508.044309810471,-3861.1411973129825,76.36785383083628,101.64787193094509,174.87277788871012,155.90980076123722,0.0
970,1131.4329449543395,145.3284905408232,1132.9333925333035,1293.9500402266506,74.81627583086022,95.27269849226354,175.91925487688127,152.72782029566454,0.0
971,2230.0459535899813,-1364.9740631548323,2381.903178331883,1390.9533202466714,84.64659069177276,103.16845239692084,173.8448716811832,166.56184872203926,0.0
972,-994.2631252861366,2376.3576531720896,5677.41636561311,10060.309129498646,91.01370438021813,85.47439523760907,175.10106368387704,153.5291232264858,0.0
973,1523.8424003198795,7657.658114671587,4194.510764315907,-2127.610749548221,61.74140537561591,97.23457195866219,174.38403416804712,166.18375001225155,0.0
974,9767.457192698444,-9878.508186287054,-2908.261653647225,11256.759777294441,75.81564125165956,107.90428015688339,178.1764228009771,150.57606500111572,0.0
975,-2247.485845320587,5894.0650949799765,4264.705745911483,15059.998167064261,63.96848166482769,99.50001474497921,181.02740190563188,171.29646556131513,0.0
976,-768.6045636079526,1321.6096656852105,1651.3162468121816,7128.124217752647,73.01210316475726,99.5639913098871,166.70973494486526,162.20993123803248,0.0
977,428.665212516691,5719.094341416942,5964.364659063987,6590.28703618041,65.0413503589803,91.39236016698398,170.6193188258084,167.55061567612373,0.0
978,-2253.1703437319698,-277.53922714532473,-160.53080517676398,5555.181253829127,86.21106145566186,128.93713205210165,191.50817062127317,160.7895520608192,0.0
979,12290.178017961018,-22.47438665608703,47.54336933570036,4767.576398106505,74.66662535793147,74.98520849914728,170.73858206957865,171.44080512336015,0.0
980,3818.2791848639695,5568.635226580445,3453.00071058649,687.0315497597277,73.17019632080138,75.6162406694372,163.40031358151745,178.73405251292183,0.0
981,-3597.3546447294,7839.8779789657065,15118.691345648986,-656.6913306032549,75.98695833445028,88.3150981821129,168.23549960860473,166.87140802233043,0.0
982,4331.344540210334,-1179.6309354720936,707.5206271190079,8325.282152313997,75.6089851584787,91.06020251349953,172.0204360948956,169.33650315980634,0.0
983,4651.961925106777,3672.0941612356337,-1583.4620583930935,5333.156705433442,80.41746935568925,85.4867668509838,169.69665158648706,163.19495278524653,0.0
984,12743.017289581689,-4270.335187396738,-6262.292699856142,-2629.0341010754114,83.42857598642506,76.53860597918373,166.2885928216027,174.45295445040574,0.0
985,-7430.741646509856,6649.383060953224,-535.187515526307,6205.106823814285,84.61298895174585,120.35784081730621,187.413857347362,154.644232716325,0.0
986,-3687.432270313116,4716.322132380868,8806.794206850678,3984.842713464374,72.71007003393511,106.99184875593726,173.5871836850211,163.71715303376354,0.0
987,-4638.67788605493,2923.2703703019783,468.6164658939669,3844.16877077215,75.6715708356369,107.7308191519944,185.99217336261088,148.93665620636148,0.0
988,1384.6115465258815,6022.171529100438,3810.151744449948,13024.238616701547,79.72140514753434,94.46896879921525,172.35653585154898,163.68807570000024,0.0
989,8298.93728340481,4088.7709206269546,2870.032024598825,5215.694966331338,77.24444217275423,63.973613815612595,156.9524046355539,181.36919919958078,0.0
990,6526.815350408459,209.09969836996333,416.501256898294,2762.513856892055,74.54685147773587,87.25397627445896,165.08919274890968,162.892915346219,0.0
991,2475.7593712371167,-2014.9252434321804,1350.6242568547857,3843.217898841096,85.01996299865351,96.31782134830428,182.72680275519104,163.22699124606316,0.0
992,-2548.2657317393077,6995.763193625047,3733.0665304091735,-3911.7311547047443,80.56115450266205,88.42246033711093,166.93096440394282,156.93463738967793,0.0
993,1455.0186357646076,12496.787570077613,7321.517027345945,-3162.8205378011003,85.8656080661616,77.52409869661703,172.06269403497305,173.2202101645701,0.0
994,-2882.91060178415,944.9850464922424,9725.441252077815,15175.58476026149,80.55353433534768,88.87382133416938,167.56963041791545,172.29894901320205,0.0
995,-3439.45786706935,6743.450927822307,7923.830307347456,9148.259553157672,85.62257501441555,65.42475155262079,166.09465634796715,175.23180303353425,0.0
996,-9687.30379471806,2524.2093835216474,2789.5251334043874,-7758.019404765884,78.81486713039435,132.38207621033013,200.45571836132314,135.85005718289742,0.0
997,-2485.8206898784683,6891.796073639137,4656.8698564127435,9044.962495470783,85.03925131798596,106.07311231510329,182.54669231441343,172.44434971885335,0.0
998,918.6164165727364,9039.62427917235,7322.11498706332,3165.486072519303,86.70455005254108,74.41260458258343,155.30469450182315,175.51435057234437,0.0
999,-6393.585422349698,8148.665694894584,8222.72543501118,4992.8468979593545,77.15227175292029,65.8252440395331,151.67325457455263,178.12577328388517,0.0
1000,-1701.0139187752516,2787.1529747807513,12443.195242974547,19982.720869896417,83.59580703588477,112.9012838832329,186.9659067406639,158.67475924825538,0.0
1001,-5281.271863551142,5271.40146809325,3330.3067915671495,4373.100651714937,82.27701543783846,67.66854138472854,151.18064418213055,167.38242743651278,0.0
1002,5554.025682799716,-2661.67866388542,-3160.428905024891,13281.675980691021,82.12006726869133,94.0780024267236,169.05232732607504,174.96738642160807,0.0
1003,2354.2848308845787,5325.838629865944,5107.296420762312,4078.2584171305675,80.67953920835357,88.51786505378179,164.9715282325847,163.5421718975552,0.0
1004,-12577.893537342774,10844.468871011524,7899.141383902212,-4482.86857340211,76.8175785389005,76.1239674059274,149.68863128016474,172.93585402378858,0.0
1005,-1072.2389139763773,7662.516829438689,8004.550220566022,3619.020186393059,81.31750991997203,87.48730860176927,165.2908013220624,164.37742953301156,0.0
1006,8814.395395829177,4950.893471815334,-646.1024290315147,-2860.752477589935,89.92313187427823,60.43663086838194,160.4568921174197,161.98724114645114,0.0
1007,8261.021093846026,8327.142923798863,2329.9141830143676,-2609.1420954226874,87.20577882712819,80.57272324000186,170.0309362659667,169.270363835452,0.0
1008,2817.035093464128,5732.831833488792,1705.2670746732656,-1094.5582590617726,86.77778443980905,92.86500442180775,164.16171025423648,178.47655189322606,0.0
1009,-8730.188938541352,6179.200086058918,11637.05848166675,-9516.117148909378,83.90717026022196,88.9811294154571,171.05749416660393,165.7437243258996,0.0
1010,-3666.3878516196078,7585.375664329215,10131.689065411525,8382.23864650594,81.12268811565215,84.15653645807767,167.39929066193986,167.15120877130778,0.0
1011,-5055.725834588122,4963.503953586274,-1718.7658666109571,633.7741127211891,86.36660726387821,87.38250055930658,169.69941671773597,172.43444266264498,0.0
1012,-6267.353321021972,5665.243916146884,7398.209661212517,-2760.422487391838,67.43575314163346,102.32739865079893,172.09954267658276,162.0566940209911,0.0
1013,11603.495938118642,-325.04509035028883,-4082.5636901809617,-3126.3867678964157,65.87675839776412,123.7098356753512,189.2700063279456,144.15160165074968,0.0
1014,5729.556280800035,-80.57068905067588,-5161.490319446863,798.4689012202066,81.95812302009858,94.84026277212575,173.75565355409228,167.58150436184738,0.0
1015,-3234.6243349983124,12302.418898399283,10006.129031300256,1770.6726395062328,80.34000500212721,82.60838530101172,177.71662203056408,171.64361411836381,0.0
1016,-8299.018730198204,6065.55899539278,4594.624757812175,401.8730301675886,86.75328259489457,81.84396810165191,173.31686248871014,172.07581043165635,0.0
1017,-11939.384154956333,13462.209337286502,12920.927643414525,-1224.8588786422467,79.6583788096603,66.25743625121042,155.89977499039225,167.02012427436458,0.0
1018,-5295.519420581569,-80.07039613498313,10354.241744024044,18209.282095074792,79.7139754557442,82.81303733495152,170.62086490439773,161.08933619354278,0.0
1019,38.165857933722066,3941.809203183499,305.7454300570961,3398.3312633688197,71.8303124534396,105.69981453803032,192.5035384439383,151.94987582359164,0.0
1020,8642.462817396967,-7372.836052630221,-1700.0993465958447,11313.280227635507,78.52785721331745,87.08853108273208,169.58072516520005,182.98526212812845,0.0
1021,-3121.8567901320584,2700.404007358175,9308.11760562328,-753.9600913806975,83.60807572411883,91.77538135435316,181.17574108260717,166.85502525852036,0.0
1022,-3406.2183914682864,8086.2631950036475,6960.719812748946,1524.670843046548,72.97985023028035,117.73192957816555,178.7853559770952,144.76519422578974,0.0
1023,-564.8657781884272,12627.473970369221,7700.171147668051,-680.1894196029408,67.82344585609889,94.78123327401384,173.46885398209733,152.87708309967311,0.0
1024,-132.67195086062333,5509.3841989602715,6257.401828172413,6303.2390006936985,82.45666941621249,73.38970144456559,164.7177945494611,181.45263895142782,0.0
1025,3171.0662255570996,-602.5468377282954,3432.904369759561,4615.673143222796,80.45351236620671,81.357065729554,173.59561331746045,159.0762529392935,0.0
1026,1778.2218609214,844.0354147773647,3179.658493264956,8210.22592038678,80.29567041770476,84.15943958112666,169.16024929544747,158.08291939416378,0.0
1027,7140.895140622131,-4703.706353062414,2399.274151999011,11278.125172715025,57.39170765284447,97.78752998696918,185.75316494444195,141.83811806335893,0.0
1028,492.39066283047885,3908.0287899165614,-930.302877966914,-7094.473647231873,75.35099705507159,106.79762136151494,167.1815426833422,162.6938322341375,0.0
1029,419.40717219123155,6267.313042627507,4330.583859804422,-3818.117708474624,79.12089715631974,93.29890362222442,183.20356429802086,171.19403203025362,0.0
1030,-3772.925497876314,1233.7868405088795,2054.8061038062956,-1546.5728552281316,82.82135791036279,72.07204712657193,151.48459497770244,167.47957317362258,0.0
1031,-2120.796461586965,5865.265000185283,8127.710017184993,5405.404345847777,75.6484699068887,104.10224187324695,178.1967957437845,161.75029604125152,0.0
1032,8825.79147657337,-152.42776039431894,-738.5458405983995,5244.130469744972,80.63479040387053,81.36827452854497,173.21574426198438,170.02113469474637,0.0
1033,-4375.067188469467,5717.392490826282,2728.482482225502,4175.330452432335,78.83873339274066,91.34588609791102,179.57369656911453,156.5838664548928,0.0
1034,-7395.432637576068,3976.8769838608196,403.59340516371043,3878.2946192896793,73.2675530642739,73.901893768066,165.42854505153707,177.5487555453949,0.0
1035,9243.376092404269,-9499.04691899741,-3656.8069144450415,9823.0680970617,73.48996279471262,84.53867895525622,171.7879276211437,163.32995805706753,0.0
1036,-9000.34531385179,2334.6803711010984,-2129.4243041468267,969.3894462122001,81.37775509345646,93.9922524869175,172.54390496449662,153.73133998389426,0.0
1037,1674.2526874340997,4861.472877116272,6305.641176745942,6270.081235500125,77.00437622176993,91.8901446570062,170.51444029502494,172.7485403027933,0.0
1038,-6561.281186139416,1736.8024126939335,1232.308254982111,1900.1089351585626,78.9446765324995,45.9877849560817,141.0819332516613,204.05970430953772,0.0
1039,3497.075316032388,909.340616578175,1339.9697676958926,2268.1894016310434,94.63220989708613,48.55463722650785,163.11848312246326,182.7715634999027,0.0
1040,-7891.104968904584,7316.59014715814,7454.132879026448,1331.1698590099854,79.59728328287684,77.99048256632851,172.05711895702268,170.031160637243,0.0
1041,-3817.441462112636,7273.365930687691,14539.16384612351,-5550.687429291444,79.79778552086519,86.15424005571339,161.75136730527,170.3033855422797,0.0
1042,1110.3478350293706,-1117.4914446059945,1154.6040903647668,5174.135496321544,87.21295252474243,72.80021931524523,178.34722368004404,169.75603416986343,0.0
1043,-847.0965901957493,3693.8526161266213,6373.791918814231,4285.857715743659,97.6945924419302,92.08647607585165,173.46246216062858,162.2696350719968,0.0
1044,3503.9120292414577,-6722.650544783071,1659.0165161092834,11672.313520900776,72.76330492512778,109.91427527664597,179.72522168269666,145.11091405227853,0.0
1045,-8343.00565684757,6094.831074747863,11754.041433695118,-6714.990117701305,74.25059684095241,81.03119447660566,161.61422135835934,181.30318368002193,0.0
1046,-5018.676593076321,6256.853050009205,12023.567554185358,-4327.828901707548,63.47677164741438,143.1775320928876,197.60146633763011,147.4297605393747,0.0
1047,3806.4664043221687,5589.165912551154,4109.180134503235,3114.741084096759,84.19199271642793,82.86565025388198,167.4100467595418,168.37063574491194,0.0
1048,-3478.8271474133157,3364.8185907706493,-164.91326704445353,-852.9112561677388,80.5254522090963,60.13534514137527,163.98848092940332,182.38574214030874,0.0
1049,-8007.788781319238,7736.437446026059,9619.199680112688,-6414.120921861274,69.01256325643777,102.62297061286708,183.30706696112688,156.72963606512633,0.0
1050,903.323704676048,-4461.897987614485,212.76849928978203,7749.472964466577,85.35463600579334,96.62464945212248,187.03669931053435,173.31202909541608,0.0
1051,-10707.87189683907,14246.178415991493,12624.954697756604,587.3369823099877,69.4565087901932,90.81635855818169,165.91451665435147,156.92478272800182,0.0
1052,-6307.765218730788,2866.453415516026,10943.990674191273,-7053.468235283129,80.54686862563244,100.72849744535031,176.2596148113337,161.1412809150489,0.0
1053,-9126.581557975936,2904.6192619140147,-2217.0897603613685,-771.8984775422126,67.86580247184476,84.56209471502083,170.537152050189,166.5189373543737,0.0
1054,-3537.5862395343893,2273.986450512248,5893.487866729252,-8036.776192951836,70.60930764885043,124.4152697094954,196.9162724404171,161.3646255469754,0.0
1055,3235.2124729478473,1569.4181922580053,3349.7884607699752,3484.072317342685,74.86118218409814,76.61439160246147,164.11336973981915,163.75635841272072,0.0
1056,-2255.132689176923,2041.6999240085768,6076.773421803393,-577.3356431081207,78.63907996882882,89.58462635327827,170.10834612761965,161.9744893088227,0.0
1057,8916.535078701103,56.463954284361236,2583.191964114805,6853.666496900699,88.13693362732378,115.05308432597525,188.06412029030346,148.58765108228272,0.0
1058,11286.336684340273,-2172.196408150073,-835.768695565982,3783.090278961054,83.16280314986287,81.88851876242184,166.4267120639378,160.3709135127476,0.0
1059,8030.051107394851,-2056.8666648348626,2419.2903338112633,9907.112676551775,84.10600408341897,83.09918527966141,169.9335693681102,193.8617746428205,0.0
1060,3305.0549470770325,-5994.092471415113,-4408.884614646027,-1374.3936799927208,70.3822195881526,77.63591483908517,167.6211561301283,165.42787751709167,0.0
1061,-3659.773805064153,3298.7065628848027,3146.338778002504,2576.131569840718,76.29988717880809,72.6535731703116,159.4797162033625,178.40899108352247,0.0
1062,-270.99106669663445,7594.315225634238,4646.383135266268,-2477.3610752550394,77.46975738918484,97.11427211490023,169.27796421803615,155.36056640075648,0.0
1063,1541.1147176913103,2483.500914937127,4659.769171946116,8168.903540953831,73.1386195066146,94.90251447096298,183.3513332254153,159.73540151122472,0.0
1064,6687.375364401792,-4990.650467962022,-248.24059495065498,9708.446298670928,71.20295503895271,91.14843818821369,166.19973468311153,166.35400824097428,0.0
1065,6935.392824088643,5000.422744803625,-3875.2281459506535,-14165.566452570938,83.16140177384739,97.42403006416548,172.59812176943166,174.21023352228158,0.0
1066,-3702.4615132325075,1846.5074046924894,-4313.528934999036,2350.452054989147,77.68274537610193,97.4594905243224,180.5412869930087,169.51087256693094,0.0
1067,-8043.309177273619,7592.009627285432,1344.7320198812681,8980.496975175614,78.08257768257904,60.00113976788506,144.76476585324698,186.24225504605195,0.0
1068,3258.284963820044,1853.9286072951918,3925.7675419375078,6627.640434228745,62.35379271722486,69.99699529202331,159.3154730949437,176.93430002176396,0.0
1069,-3125.6730561886375,4454.732979169504,481.7212578868775,10370.991779983295,67.0014678313947,120.33992256199251,182.26895912049204,166.22321835411125,0.0
1070,-5058.749043765946,8987.585343148949,11489.243818465779,8364.304930342394,76.9818748016076,85.53410811320727,169.74228520161552,169.70629855034923,0.0
1071,4804.573476158786,1007.578887988624,274.35661309864565,13198.375590400972,74.15975295821696,101.67390495698473,188.77464324604188,140.08697260578572,0.0
1072,-1778.2259945306537,8395.19989920517,9006.05826501377,9486.691205937559,74.90517910536256,96.52950696505664,177.44266689764476,162.27264299519885,0.0
1073,-769.3752611135669,5946.07502724811,4186.959682134288,6810.745604383226,72.67279878653265,80.47595921798074,171.18557940346366,161.41368210342617,0.0
1074,7519.632208773969,5711.9788860999815,9176.678905019297,5315.225775665853,65.44588027473709,102.60725157175078,165.03249906053372,169.9357579809347,0.0
1075,-1225.9898081169492,1146.4296102631101,-8038.266540698375,15748.713162281383,84.49568393000702,95.27068761664813,163.2250649932682,172.77224502262487,0.0
1076,2695.743404935606,145.74029953834477,-6731.3388290808425,2537.2774227841282,72.7729435150831,71.8937076703111,164.7430934122629,163.31469628372793,0.0
1077,-805.190861166066,980.3840024516726,3137.601963976973,-3007.314738261956,75.14310019565374,92.24951177795687,158.61765657668673,162.2904937750335,0.0
1078,-1151.1957794172254,-586.2977798638425,-326.9045763600884,-1325.4288414571067,83.2852531828183,82.24305932211297,158.91047438022693,180.97241134652333,0.0
1079,8808.81964973978,-2073.4555613303482,-1137.3177839065183,2588.7963257996294,82.87778999808657,75.33565721786839,177.30183161164038,154.72338646900408,0.0
1080,6247.200652236633,1874.7219534246578,-336.2395771831812,-1664.5641228861573,78.70576897970166,100.4457119800501,178.52305266821355,168.89827773481622,0.0
1081,-2862.6029885906833,3128.672388118907,2755.4126131735243,8497.208359036573,88.9416930532128,73.01208825618227,166.62713617260982,185.66629581785637,0.0
1082,4626.663001288076,1560.3054829899152,1644.5370969262747,-392.5113010326693,83.03155960689617,86.82625920453968,159.22301281690736,163.1402150096045,0.0
1083,-96.59095896006332,5240.775971501481,7433.39463498277,8505.315204770432,92.3492838502553,76.13921876757708,165.66790381362767,177.10441987560728,0.0
1084,4726.105350735608,3756.3807178805173,873.0854772445871,-2544.034886262734,83.23274199749441,85.48528284503602,176.16477240586724,164.19567772378494,0.0
1085,3185.021356450464,1292.7904698134728,3081.8093977997964,3959.1085972112373,74.74488205057044,102.15540978251067,178.0277570721291,160.67464120231705,0.0
1086,5411.741258177473,-594.6558929452679,537.0516079138104,3192.7490141118233,72.66968347424192,91.12115042774266,171.77579882852243,166.08451224193584,0.0
1087,198.18713174015824,10110.334601110484,4347.135081816549,-5621.88254563125,76.50987658217082,84.18760441119102,173.41958999246927,167.07713999182872,0.0
1088,6855.370239372283,9157.18042490371,3780.6803382602016,-3264.8597606358558,81.9451415853025,90.2885049946211,168.89569236566658,154.1062636902783,0.0
1089,-6792.120803484527,-969.4559408355334,-655.3889103112183,957.5781274591071,80.65883691096471,85.05787430877618,175.55965994270997,167.83838586643486,0.0
1090,16964.57124981605,-7612.918531269967,-9370.86703726997,-6787.376523047474,77.00571104641102,78.25781488377231,175.22102928027834,173.12384403885235,0.0
1091,-15524.497464890308,12300.330494891574,15886.195651713846,4407.516859458032,89.55303060027335,73.0530956291267,161.3893997689278,162.1544145442427,0.0
1092,-1198.788756821965,7122.955503537279,4999.689976474289,2783.3508974392166,81.50586734760188,99.90301575924562,169.07505829611839,160.5267984788297,0.0
1093,1835.4797846849576,7810.391183549864,9062.570501199974,7014.473302630251,70.91200716307561,71.95913247739875,163.95918282070397,160.29582456042291,0.0
1094,13039.292985171149,5677.0479643273275,1151.2790914994366,3632.677189753159,89.75405876604542,69.70892816184913,156.6606435261854,173.87957518503794,0.0
1095,-5915.606845049547,8966.040872746142,10628.576534235448,5194.791270574668,81.37830614781527,79.75290624179415,167.14716450643587,165.20748760002718,0.0
1096,-3897.497274796572,-950.2883151315804,2445.7553616570326,-3636.7925190082688,82.95124287374962,94.09237451075438,169.1400574042299,163.7045039901177,0.0
1097,4102.712439672088,-3365.524959948152,1859.9630817008506,7559.616395924695,81.33177783941147,89.43632871651577,176.68001600785425,157.00811580740307,0.0
1098,-8002.087403517096,9568.749053872221,10905.572267451638,1904.7406129637304,86.42991132374614,94.80010421272786,177.78611085155492,159.53546124804123,0.0
1099,-1621.1177590121788,15784.599470659865,9123.412351686446,-5078.422720588818,77.23638011001115,79.76933415662461,165.18785266762964,170.21567500438388,0.0
1100,1801.2159275384788,9328.088388553022,9147.441425568419,3499.3160658968222,76.42581591608148,91.37912604407947,169.47440448920406,167.66851730256576,0.0
1101,5797.921144466493,4580.097068592998,5723.562979922116,6991.847260767402,88.71508824694423,90.43482894824494,174.62310540072508,168.95778233874154,0.0
1102,-7842.264032624723,8562.460307291018,8169.027592440145,5267.220832905002,78.23837534511796,102.09446412056543,181.16377545335774,165.69158830639464,0.0
1103,11797.098577480754,-4080.930537211069,-1221.483134698628,8391.247322927273,75.76533320070996,93.58800807675294,173.98836370238345,167.26826063333627,0.0
1104,-1295.3239445287124,3260.9039178533844,5642.401299579172,5817.175375877228,76.85881456541935,119.66138792451025,199.4883066565269,136.8563185366954,0.0
1105,-2371.133733168236,1361.9336454895827,214.49798047456082,7830.53820498668,81.34395461595706,75.9560480104797,171.39721742418718,174.7179107755812,0.0
1106,4395.581496248994,6940.333009429229,1476.0626711659245,-5492.071039932916,79.194219011265,96.2659837982068,171.0148800096296,164.5870555181184,0.0
1107,4984.134749107196,-132.91253925644008,961.1575150485647,752.4549413820232,68.58650472584499,116.09192639907633,197.16200626762657,154.92103536080322,0.0
1108,4948.758976177452,-2054.3700323450767,1915.592210566111,9271.531534231284,75.87043229347988,70.48033386614861,173.40712362127772,153.64901746736274,0.0
1109,11855.346773303054,5568.614987230574,812.513750086234,-2493.2744124153196,75.47043057151654,76.04753678840912,160.85207360531732,166.8161617692419,0.0
1110,-3090.037143495853,14092.290014908398,4704.963979079499,-12993.006573003518,75.37627889019902,72.99333580638246,164.4737959929949,175.2898106570015,0.0
1111,4058.273459674579,8057.8456207924755,8329.153542519085,7154.789390712521,92.87792792498443,82.4093122499649,157.9329612544494,168.4369691623048,0.0
1112,9387.554142896337,-3167.134623385748,-2802.839548376252,1495.5839047722263,86.01037999963046,95.65371687533876,185.9219203101117,165.59814741241178,0.0
1113,-1339.3748972695375,233.4449737264035,-7723.5024422935685,7418.4285147504315,83.6557585127188,71.52659381982966,155.28636566629265,176.18399943424964,0.0
1114,81.20662671071655,-392.2885418249722,-5846.712716649117,7612.817417997153,72.55590024753418,83.66313172803319,174.14375300578902,155.46489594276193,0.0
1115,2992.4543991211317,6187.8095224446415,7239.982061934026,7669.787405997098,74.62561802690541,89.64029070436517,174.0718377546282,162.81242168342712,0.0
1116,-2739.218781949055,1620.808783161665,-5158.454083034201,8717.639962060703,93.64348054815156,61.06759459148539,145.753135243306,195.51522009354758,0.0
1117,4923.26605793596,2810.85020978167,5414.789537564056,7569.057818613274,74.30598202016837,84.44687056867181,172.53494359152378,173.38152474814476,0.0
1118,-953.5890017553493,9023.09355674563,6688.033595357632,548.5107605886697,82.20386952053785,80.64493011803593,177.53155706346675,153.56464513606932,0.0
1119,6195.220624296747,-2066.1288481433658,-434.5336516307223,8147.748916584115,82.97404531996975,85.79346059354218,173.41107382288683,169.10004806558942,0.0
1120,60.07974889015833,7241.840303777792,7173.907524795155,3608.7791471268597,61.92796684847861,106.18060417248913,180.30728218150813,146.89807127115813,0.0
1121,-5198.273255493955,9947.249960133733,18367.807108575576,-3970.8435290235866,81.7977795926484,85.77155416933238,163.52310380265885,174.82931633650426,0.0
1122,-4457.821109033312,6240.542866257986,-1299.901084079465,15458.74144930586,63.75141650532412,90.78605048468087,181.7401267304968,154.6597439414244,0.0
1123,-5435.497849250886,5524.890337106624,7689.645384462663,390.8607635643064,77.49299636754277,93.08522188085557,174.473156410843,169.6412066027747,0.0
1124,4029.046744120931,2224.6700806748363,5130.484177704352,9531.795388951597,88.10077060086263,84.22310287908914,164.87494089952105,175.3240337570209,0.0
1125,707.3994344411161,1398.7371829958017,3188.294269346139,4221.258731570531,84.89225555303865,96.60085221854615,175.60459124002202,157.88275393298827,0.0
1126,8985.97917781303,-1478.7764569519425,-2656.2308800286423,1785.471097181792,78.72954322573969,92.74244057940001,184.67082402376715,158.32292615204184,0.0
1127,1470.2560732757477,2609.9975169917816,3084.642008422689,10979.057599862788,74.83288484040878,117.54351517052439,182.3671819188708,145.9450716648911,0.0
1128,5550.443559121885,-1248.8288982125364,-123.28351096162393,5214.148274682675,73.50319054821698,71.80576006574361,170.6923050023043,175.45506245876135,0.0
1129,2157.119470968601,-1464.4951652060558,-4449.292588731334,6169.031437269311,74.60066773204417,62.56937018763127,156.6227984352112,163.57257934854104,0.0
1130,1503.2895907438797,-923.5445925402623,3160.8903939862435,10716.97006638572,70.74134249926182,92.81139720885126,179.72344710167016,162.7920169559277,0.0
1131,7177.304969175861,4333.3853414595815,1839.4423661297888,1981.295294590752,88.36427698480337,81.44919215024817,151.48161492602472,176.03337069016914,0.0
1132,-6956.419109545413,11985.456746373888,14128.261516661802,9699.12353869293,81.3840943527261,75.18008709403823,170.52406499012963,177.2628543253846,0.0
1133,-8438.504885560018,5454.830537842519,7362.601915515077,643.5112469682887,75.88951476646781,108.1730717852318,185.6240810257338,163.97265733996676,0.0
1134,7277.210467064545,289.1819602924377,-3228.2508032362193,-3623.1027964225996,75.83872790292726,67.4727021385506,151.6997586316547,188.8825253103384,0.0
1135,113.39703314646243,-45.24204068886295,717.0295377766261,1922.7923026895312,81.93156877127068,89.31236177423496,158.63862329160764,178.51186796951976,0.0
1136,8200.80589540566,-4718.79258797812,-4794.5465596087615,-1051.356086419283,65.76756696330283,93.34883823847272,169.75518495047797,152.64481620952935,0.0
1137,855.8171981521245,-2530.6627357491157,-2519.9218378397313,2144.151508698674,87.71795211936043,43.92405596428666,136.90526808779208,201.11636065526275,0.0
1138,-6534.426973690918,9361.646490474388,7108.1185668431335,-2476.005640707281,84.32867407605619,92.51535906065864,173.49985803529054,176.74238558280263,0.0
1139,5815.22127386021,3419.7976575322095,3419.2857485969475,4736.104675340665,78.7578448157609,98.7269270607183,179.17946523859106,160.24379539688942,0.0
1140,12156.15962611786,213.2042999263857,3884.62383091098,-2311.2194074078593,82.47278359841613,72.32770510674186,179.75677442703358,155.2765233936385,0.0
1141,480.67378797787217,6380.024535782525,3956.9191957205085,-1475.18557283968,70.8778662190414,103.64888555806974,179.0345191308425,164.30558274872303,0.0
1142,11095.702600522625,816.0659846570563,162.55179674700892,5746.5894882218445,71.89808667791229,72.89016974479007,155.33385152892052,189.55113884551022,0.0
1143,4424.762606061328,-1179.5420263902581,2579.746978106188,15664.564960178861,69.73995985853531,98.7777838026676,173.00377359232695,164.36279981085463,0.0
1144,-2960.1275361018866,1289.9571147633114,708.400857005953,4607.664395958089,87.4492362908754,72.10910622783521,166.11829565603247,170.25470388554547,0.0
1145,-2594.7926472616946,13373.842501187824,7910.467794760883,-2339.6864974837713,74.16536420454328,100.31778299140588,184.39646754072788,160.9192390034235,0.0
1146,-1520.7560556956282,3414.2431998713705,2694.80728647489,2740.121492405966,81.293364854894,83.69437479956368,172.69412228296196,160.40065600960315,0.0
1147,-8250.856916307845,2864.4439227545517,558.3044306518219,2715.397722658496,91.27542255901129,87.93870853164063,179.91707345523176,158.77592619675417,0.0
1148,-6931.757182632238,8124.601447831418,1219.5432818318252,9433.142511809123,79.46404646669956,78.2111709605018,163.0101979498207,170.4121983775724,0.0
1149,-408.409797648364,2848.843682255431,-4553.455900301442,15546.136942789066,77.18896006903896,58.40335808140767,165.36939448528463,172.96014716614474,0.0
1150,410.16783148761647,11011.3085892336,9311.556260872983,6030.8838019699,65.46467408655072,121.78179313151692,199.0106736176921,146.57383821401464,0.0
1151,3543.0618818878843,9736.143904920442,5265.432669700408,-423.62758262415537,87.5249780622932,65.93772975601759,155.75681727064472,176.01328577405633,0.0
1152,-2773.044682997656,11403.500563784257,7529.278467868861,-1449.6771828637552,76.99037386823848,75.18292452340502,162.43059855322107,163.4049860692026,0.0
1153,-1923.0111106960926,-1058.8544477383493,-1697.4240245523542,4272.033821982671,77.27113521266067,91.25773848180934,153.32262853525376,169.95968009502258,0.0
1154,-7617.687929952141,5948.595977035408,43.499598039642876,2821.1039515287544,71.78330399305672,85.70296425888125,176.78531879835856,158.53645394716656,0.0
1155,-6727.2367489493945,4937.026071448383,-939.5808228287294,1255.066675038222,77.32145876026583,107.2032905451697,172.19728692926347,168.8424100614491,0.0
1156,2023.3215286010711,3415.354163389767,14150.007565625252,5463.259063797902,78.36108906896236,104.75738918673326,181.60927626051242,159.05766790353488,0.0
1157,-8047.444811261318,8543.288352591582,10391.128849491768,-2408.8286726320853,75.38467119001275,81.54245963020115,165.5969027972095,160.27356696108296,0.0
1158,1044.1590031603353,-2744.311413721006,742.4608110240607,4692.835879068544,80.58220760341275,79.95420606608539,157.76628164910665,189.32415606915956,0.0
1159,1263.2802480039027,1420.882601391049,5019.770372657146,10546.475786966043,81.26243564628092,112.30374563759176,179.1899307911048,163.25136743719384,0.0
1160,-2944.8881962638125,11655.880392470497,10131.701566369878,3400.142694843537,85.84602857486145,69.32901818378714,165.14500028041124,168.46226519864194,0.0
1161,6886.085895818665,-1895.0135347040891,-498.3009088463013,1824.6311592165296,74.49677427660296,88.28413652298543,171.83365530776803,166.9792747281586,0.0
1162,-13854.484944392829,14169.961419559228,6614.120199195421,4699.839279685362,73.36460333002915,124.615367455426,191.5197521262946,148.88472329239872,0.0
1163,-2689.1069898254887,-1256.725421801344,-3173.1574595817665,6122.225739916662,83.87328906810264,73.70100810279777,157.80224836533898,195.54042707250554,0.0
1164,-10299.776706471015,12155.704693388558,14326.562989068623,6999.933036865363,75.40767528732066,80.57983361738094,164.13497255237917,159.5254184008443,0.0
1165,-7680.648447465415,6769.891833804479,3102.540377144038,3012.4340115338555,78.63516945199747,84.02336300444068,179.5955140446163,157.85214007803748,0.0
1166,6565.32681589734,1065.669375227778,2298.2976830576777,6384.991976028226,79.703243851605,85.03459342234565,174.9244307961517,168.1601787471831,0.0
1167,6016.3099844446115,3242.2921009295164,-2554.8186167565536,-6146.373097289748,78.72648114938558,101.83067384763838,184.0498991616671,149.54731365260645,0.0
1168,17034.388368706226,-667.1583913850224,-3384.5268013481564,-1203.6972900137175,75.91686625101096,84.24337960127843,166.3492520158975,170.65318834087955,0.0
1169,-4073.271174261938,2379.7666242894884,-296.50042509742616,7506.459484493113,74.92213324820409,97.50806988102676,162.88885027277155,175.5008158633684,0.0
1170,-4931.413176697585,5444.483141002483,5676.374902274757,7074.5563057614145,88.32100858291508,90.56747776461914,174.6213663838831,177.22602106128872,0.0
1171,4948.19825877189,4580.779723280938,1744.8082267336513,-3965.8898591736206,85.11885267485829,78.65472231294278,178.2058088426783,157.41062474956627,0.0
1172,4489.3233905403595,-1548.0729578250591,4443.205908578596,13790.383138857425,83.81256162780562,70.34536252448706,162.9958717439553,188.4781842683205,0.0
1173,-1412.3088205401725,-1676.160854773817,-1327.743414728284,2341.4573389605775,90.46734844643427,70.01542719306717,165.3399710341457,185.02621062217665,0.0
1174,5519.977417071443,-1003.4541133586586,72.65457639933759,4318.504487518324,82.48008553885708,83.55013990003252,166.01538104199213,172.71132584788944,0.0
1175,2345.224503972964,2689.63481018735,659.4925083132756,-1032.713858422579,87.28967872400591,85.42884884205775,178.61172133059117,150.81088735106016,0.0
1176,-7.282263441686698,7817.5373437721055,6382.3843495609635,981.1921865587898,79.98862898012588,85.375069894241,164.48495471532723,164.4764634548019,0.0
1177,-7509.291412784215,8623.525157237913,4679.320072760578,2835.100824524488,77.88346313219715,91.18819271796386,182.07286733856768,162.97215048069413,0.0
1178,-417.90089563494837,2106.0066228195437,4151.91083090619,8628.954831006284,82.57271281245717,94.15675096124878,172.37536158636777,166.56930479742903,0.0
1179,-3346.633532681831,8148.378412290237,12902.372845873913,13537.32369384368,76.72507743803241,78.51637928845349,174.40608198037106,157.3356920602155,0.0
1180,7753.141240893081,-521.2965926319044,664.3369537669321,2341.117578387838,70.44176236932574,134.49246045911292,186.2048371031695,150.18411247640847,0.0
1181,-4119.573026553417,9017.57982648803,14508.617167758188,15973.46470968661,88.1541208846166,68.08975772771397,146.26270094168896,188.83904830759226,0.0
1182,-10875.472361409167,8816.91628339311,8332.230951676112,-6964.095645845562,81.14816224971227,97.19122180814588,171.6015697511842,158.09404122969647,0.0
1183,411.6669156397377,8185.233753303379,2292.3625802704055,-6430.749986721523,96.7266706937413,63.17610542041736,160.86415884433669,187.96044390030679,0.0
1184,-12184.94977351574,10979.3081167928,8695.883882424858,3396.642727833865,92.14585601651987,77.1414995112457,163.73219617255322,177.77846695140875,0.0
1185,11529.209120162372,-3266.2515954412765,-1670.4216197642556,5269.032142475197,79.43408606852603,98.77361970670621,176.15028248401626,152.30099198715163,0.0
1186,-175.1925839959405,-956.3367695499268,2599.507316767217,3927.4368275194847,85.34146522202111,90.170536042543,166.16034968797342,175.09911754357069,0.0
1187,1740.2663186528753,692.9803733503062,-1131.997116163475,8267.115420039772,75.20388856686924,93.64357641650477,170.15119679135384,173.6326393094433,0.0
1188,-3959.346431685565,17881.953202523007,11834.059371638143,-2750.600892989548,87.47885647318458,97.6189526557559,176.95846267896837,156.38936408181175,0.0
1189,-2208.6922729370403,5587.658550071403,9316.422006892608,3251.1244128930716,82.57364312124014,88.45673276232962,179.6293809091641,154.28748156248014,0.0
1190,2298.725617224075,4240.965438875862,5416.238462460182,12455.346336365055,79.46180610134327,108.98038994793032,187.84632608878667,146.70817293763852,0.0
1191,-2123.687375549457,1147.0178306819437,5044.898937059985,-1038.2666127316652,78.98739914009816,80.44818824736201,170.30092836432488,162.11524661188426,0.0
1192,-294.652288129639,3176.0108219142194,-5011.806852641512,8660.534614544831,80.19100397235349,103.99992418969788,167.41618865284704,157.7466345953481,0.0
1193,5242.487866697323,6286.091872750692,3969.6984571167036,36.48890465298882,92.65964227704431,77.12352363376516,166.42564880481495,177.56341440862704,0.0
1194,7000.409220103648,1762.8480958153577,3815.567663397418,6545.258876768376,82.33315499895046,90.85094912087585,166.91105745303594,167.73924041002917,0.0
1195,-1378.7401841439469,3936.1941252255065,10006.049311561905,6798.71673947975,80.33665310199851,108.59033180055675,175.8479059186941,148.9142800621408,0.0
1196,-257.9310351214219,-132.02543784050926,-4119.8746538214,6430.998503657222,80.78483769771137,72.60564874003701,174.34198990578918,167.4327309927495,0.0
1197,-3205.087041638884,9394.728478214938,4934.004466874476,-4823.408584219578,71.64988116742498,109.85552997615099,170.53384201783453,157.22398029205252,0.0
1198,-8475.974034511151,3311.6538252329083,-4335.02808369944,3582.6852603526795,81.53733870471211,114.45709801084062,187.39557336242837,163.33734073050903,0.0
1199,-756.4063022744842,10114.314919469365,10155.109101671549,7807.251523442945,78.76326780914373,109.1836126799269,184.2165419806813,172.7486849890863,0.0
1200,-2283.369319220788,4710.469602818783,6057.519203224756,3093.51161727213,72.58896636924078,95.2896808973437,168.4041698963974,159.61367746187514,0.0
1201,-7789.531069585546,4351.672742562118,7368.6604384093735,6989.179002424098,77.62440135531519,78.44620469793776,164.67952512371215,155.5450288428777,0.0
1202,-9721.065099349782,6875.413285106627,5152.164016642905,1139.868335571275,77.50101989475456,111.58529701879905,186.06616933222455,158.59457923049624,0.0
1203,-4267.815999234482,11717.007084035331,7351.729207474691,10344.480192253626,75.32801689762866,98.58624318227766,175.75436519659496,175.00924910374604,0.0
1204,-1939.7813315660435,1646.3508287726968,4600.852684542103,6874.346135011491,77.29307739685342,65.28652973134706,162.70663577906706,175.8981061134554,0.0
1205,2774.3294498002183,-3280.494122664799,3388.034270225928,15032.239788632092,70.24269523644081,84.06707218187768,167.54703211261617,164.69760594489054,0.0
1206,2411.7408281106987,4040.2164784277206,6910.331366583179,11572.929754703226,84.59585799896674,67.50419119957958,156.20710360048196,181.6442765245432,0.0
1207,861.3728945502257,1127.3770855004548,173.5771787166356,10067.681339333507,94.15585047878845,88.76728683068266,163.56617500409354,165.1164116665669,0.0
1208,-1332.8045223002962,-257.8014891663356,589.1614118459767,534.3918294906391,92.57337587783447,78.99250430191071,161.61973666230236,171.5911768719717,0.0
1209,6324.372277575461,-355.45980389792396,115.1622797589944,2312.190484787153,70.72283025803138,54.85226934390955,153.20633402127743,174.3442406618695,0.0
1210,3315.392171984489,4801.402638582895,3009.979405649565,-620.2831261675254,78.71939208747882,82.68354379569388,170.56955046918787,175.60466408261192,0.0
1211,1868.8071564032036,1207.2084833810025,4940.198858946459,9987.415733184022,84.481895792487,84.37456140908608,169.29789809734262,175.33377074381136,0.0
1212,12521.31910231517,-1960.6304064651217,34.173652842286906,8621.736647590958,73.25044258622678,92.4658960650151,167.3073241104441,176.82989452192882,0.0
1213,336.1642353102714,1023.8856878875881,9397.441780838788,18471.89158203102,79.06104628921193,92.49286436507279,171.79234501230113,158.1592695465928,0.0
1214,7459.735586605698,-549.7254781990688,4770.719308652388,12225.524809292305,82.90667145921356,75.41083635185034,161.4697168169375,157.7812166245317,0.0
1215,3516.454904468902,5689.464963819879,4080.9939453491584,1967.2753113647543,80.5581849512446,72.36905398363034,154.92224377424364,182.7829731752221,0.0
1216,-1759.9133006917484,4950.546637036746,8756.168855669908,10499.357891340338,86.03924549560894,80.52886559355885,181.73171880425338,165.59627658859503,0.0
1217,-9372.794335775654,5433.6284680161625,7847.095257382724,-2383.746255917154,76.64957688456005,88.21535510327742,178.93594424916554,169.12957757011787,0.0
1218,7740.435178382526,1531.7020547820568,-4312.324625055449,-11852.582665014254,80.20978183615091,104.3998299635886,181.73691619946916,160.21514186797728,0.0
1219,-1843.8077984096708,488.06764218474007,-6387.431136173483,6869.274951735621,78.94946997756111,97.37552508962857,171.20848342987907,167.35913805466433,0.0
1220,288.52516056109323,2679.833700865179,3233.8142163995735,9917.762822434455,75.83867507894658,84.76511293316385,170.0644148675666,168.88411274086883,0.0
1221,-8567.52348423815,4604.475749178859,5552.695313217747,-1601.3897393441473,85.61134958588357,86.9670442851348,168.2156481128464,153.3515989194696,0.0
1222,-712.9557442972541,-793.0827987007656,-2134.8853285717346,3018.831405136257,61.59944796942883,95.76082124025801,173.54694583474867,154.20270832373774,0.0
1223,936.780769477866,4640.1745541484615,7621.889601308306,8423.28224653948,70.42600279918973,80.61563569460894,175.3222089566665,154.1770200262055,0.0
1224,10182.503939916342,2692.1867482930634,993.2946110650636,-2981.1234045199694,71.13557409291906,99.56547691811849,173.58404099688954,165.42770660009313,0.0
1225,4962.698146039539,1867.7174475389027,4431.559414679003,6300.669342463191,84.920734677916,81.43374647336991,165.09837282055045,158.4733757491206,0.0
1226,13096.864786014417,-5585.939960982629,-974.0778831360974,11553.603523607218,71.27162668624389,86.02338009110827,174.36614916810007,157.75676774324327,0.0
1227,10541.320641991595,-8693.707398247087,-2469.161910864701,10005.129418922299,84.11332798138109,59.25189612369286,157.8250747355573,177.43462332443215,0.0
1228,-920.8596824403754,11.78470357134298,3177.070092569057,226.85421310479947,79.44575393399114,116.41318163910242,176.33409052316424,167.94472435255767,0.0
1229,2918.152403822841,4194.730736184637,3431.707992310967,1486.4359101018297,68.96638594546013,89.46667228645325,183.3730596981412,159.4898069674535,0.0
1230,428.4862061260917,-523.6227291634177,5546.970094545789,12562.456417382007,76.69320385955396,56.35332007666201,153.1951037037465,161.47912340407953,0.0
1231,-4688.092036949275,9827.709788313045,9160.68953948362,2777.079967690221,88.26416718254792,76.93519468758575,158.82168893001074,175.71189756714406,0.0
1232,3879.235722844937,2613.0764605064956,-119.23368014390601,-1992.9542553735237,77.36166964616869,105.40661097324617,169.09837206804593,166.2437621817686,0.0
1233,-15954.788501281731,12749.870355151745,8545.413622836159,5740.734326623769,70.98591988770667,112.96712804597296,193.67172676224854,138.61021021221978,0.0
1234,-2391.5488287290705,-2325.967582314228,-4002.70174289936,4999.602530674881,75.18483689227247,113.17405088702306,185.5147503097909,163.4008903327365,0.0
1235,-5743.598058013955,6020.39852092391,9386.59622507315,9130.610191084954,83.476538204418,81.93320352339065,174.44614332868187,165.46678019032166,0.0
1236,-684.1654809893414,1115.5459732413333,874.243179276379,9767.45526102411,72.23030784944136,101.9663338869194,165.04296057131373,161.50259569552938,0.0
1237,-2894.014720390277,3787.2116625581175,3049.0977993411784,5766.1246567175795,85.89896598162842,75.72721380584196,158.35731485552608,171.7000226920058,0.0
1238,-6086.912515168346,5418.613562267272,7421.0004165227765,9029.88962898379,68.51631269023295,85.88434450045854,166.55540427909276,163.26736317768427,0.0
1239,-6833.203607247965,7538.365425256734,7677.238589725357,-1947.0944379167706,76.90255260550617,90.84976643067317,174.49126320255172,165.39477163384433,0.0
1240,10335.811874474814,-1394.341943184537,-3665.400120462832,-2105.283587725068,66.54756242027634,96.44542452311238,179.1733027547552,144.04553312172231,0.0
1241,11019.10610689572,10777.74822027335,3221.2615803937747,-5970.583601498775,75.01035951077233,75.63758759846834,158.53105819845192,186.21991619489097,0.0
1242,-7326.152070506616,2715.445862111786,8381.62726492436,-6315.222164231644,72.62638310207606,116.47947790468189,201.02746199316448,143.5258840937718,0.0
1243,4719.954398692137,10458.980838202486,4566.552522158889,-2275.751579387117,72.4097821774719,99.83407588796908,166.9580934703451,158.92977875473687,0.0
1244,-9014.632534742275,7797.561944801666,7910.237149511392,2270.566534061062,78.42237308343367,99.86990575123727,178.20390257578313,171.04166760465134,0.0
1245,5114.575047140069,9213.53739106817,6425.135084337123,4378.5890828026695,72.36621128087202,90.01856928140184,174.57999854391775,168.64928079335155,0.0
1246,3707.239240885428,-952.1371818988559,2900.6768571881275,6894.301689931318,81.07137271100925,87.15594983675732,161.64248119930065,163.374814891541,0.0
1247,-4409.438601416124,3207.694585922125,1048.1385373439025,896.6881432347735,82.04483428365747,74.01812061494016,160.14445390237634,185.98978528712607,0.0
1248,-8347.787314762627,6041.090729965502,8400.217602096633,877.0224792310102,70.06217045038395,80.49047946053808,178.47210328078341,157.99480651489668,0.0
1249,-5109.919537552771,7922.047477780444,11089.794386882786,2164.3064751447964,82.58382057937673,65.89213759659036,152.8671561267627,188.73042225765974,0.0
1250,12541.641606405607,-6181.077372037757,-6056.117213139392,-23.663102955167048,86.95167795587449,55.78106954820594,159.35063716426592,178.7295248606431,0.0
1251,-3450.1334004790924,5049.105429178568,6904.717216147049,4558.356171705215,74.84251016367979,66.28218427811939,147.54663875984687,187.56705261992013,0.0
1252,4522.647163405351,6992.397860536892,1715.4972778329325,-5610.997180191967,84.02725766550421,72.9576429699572,159.11354462491806,184.455807642001,0.0
1253,3714.2385458440754,1544.307219634542,-4811.815077640757,11296.7232037958,74.30549230754768,69.7620032506413,159.94547317385624,182.18335246612446,0.0
1254,-5813.61624432214,4352.646653828545,7827.334601349761,-5417.52017244783,72.7455699232575,116.93356344179745,178.0428562752538,152.8776494230258,0.0
1255,-1054.2685787746273,3745.2533529141256,1850.3210688083263,14517.426461347915,77.64849647350958,83.79234380457044,174.32848145030155,171.29286780446105,0.0
1256,8660.88103521994,-5212.796862063639,-1978.5213540519383,4494.1928587052535,84.86671088645866,74.13963365717218,165.76531468639587,181.91236588334147,0.0
1257,4884.479298433373,137.2675238313028,-1787.4795699281974,669.9231447456735,72.25978589134479,93.82149641211629,169.61726978647903,154.60167441798626,0.0
1258,-11071.529299159252,5654.329846616152,4630.027502148647,-3545.592456390764,69.28810871498894,96.54300695474176,179.98400426072698,154.85486826116207,0.0
1259,3179.8166375196383,1444.4053726906873,-4658.919364818919,17899.393758456503,83.67997401548709,76.004857386174,164.86827047336715,165.9978851325167,0.0
1260,14058.477646171861,-3845.225148742988,-2995.6164884496065,5438.317946539538,73.63104255615585,85.469418907579,167.1658872194571,168.56749749259305,0.0
1261,6522.68049961721,-2539.004082726547,261.2397420656043,4830.896373402921,81.68784010148445,81.06327353820495,166.94674860371774,168.18159586331166,0.0
1262,2235.2081187568824,6810.340641180561,-7294.8926923387735,-3602.3021322191676,70.21179526536238,110.91271339010729,190.67412211935024,154.5681877553716,0.0
1263,-5727.944222664878,10002.712496013593,13079.01779761857,-908.3255066940459,72.6147863896541,90.50471609450773,173.19461765605763,174.63123682994862,0.0
1264,-3735.5842743575417,1470.7496050259192,-5371.685467366163,2740.4105122819765,80.67989100911966,70.77630937574739,167.4616063968342,177.10214805522583,0.0
1265,1198.8352369553104,11556.073059104,6450.64517867717,-3495.1316903242523,84.35395332427004,82.82003408638444,169.2336681691863,172.10834875542008,0.0
1266,3675.211107828393,-643.6100836265628,469.1158951113907,11579.274255552637,77.06608946367572,104.17803847579196,180.75327479145312,153.55473041383095,0.0
1267,3498.8972942272026,9746.778888113871,3037.390447064314,-4814.341620744976,96.55953074110926,73.1910524910945,156.04554099749774,177.53470921059798,0.0
1268,7324.149138708961,-7423.3821143856885,762.7215703236518,-2092.3820811729443,73.19133842505057,91.93371364839183,180.9400497325501,154.948600751853,0.0
1269,-3320.2399547282653,4661.736529743373,127.84807250234387,7366.13098964692,87.15221704492222,76.73686430436695,172.31445523668577,179.3968545573335,0.0
1270,-9498.550786771766,2546.32281627177,7334.082033882484,-9680.850879406378,88.22767704352377,82.49503877679041,166.6461960037131,166.4273678042727,0.0
1271,-1469.3049485792496,5159.835507093846,-1259.0479737453904,5487.416755165775,87.63440499189454,96.46754774980658,177.25019238708134,178.93521041723744,0.0
1272,5579.801871132283,5791.536420395355,1597.299402669604,-3843.3001222119524,73.00599282945952,66.80865820136734,159.1406789084874,164.70489983415038,0.0
1273,4411.47845827897,7894.888795472475,5502.81292497459,5038.106228311317,72.9260376712129,92.19632281010644,171.41617811713405,162.3515023635633,0.0
1274,-9974.505565944586,8338.695207299743,8908.438979647824,153.5777329596395,87.29639776741463,63.91216810506563,147.01525222139304,181.616711296662,0.0
1275,-2539.3580703677453,-2054.321485808161,-3522.1082489386613,6290.132806951642,68.97506075991585,66.69629130695749,150.58702948432352,171.0631550576434,0.0
1276,-8565.852535853424,7703.146331783707,6740.662357304694,-3115.761656707155,80.17432923318944,96.19024075700369,182.31572552818136,141.84503254319537,0.0
1277,7127.037690831942,-3443.764564093867,220.24994392075791,7077.420869810999,75.12472852576865,82.80301288233086,161.71492205158634,175.25743576200955,0.0
1278,-5346.671337089765,6153.508579410333,1709.1935697333074,6325.195500004996,68.56772846528877,77.81027484213502,171.28608063100728,172.93219748407296,0.0
1279,1516.5116423014654,4250.830071119598,917.5036578638034,-4721.145353259052,84.60423481848102,45.662854474290725,152.57756350443321,176.37692505412508,0.0
1280,1385.4297393795084,4697.310332944025,4286.199843625505,5690.347629370544,67.49011628265791,110.84611451054383,176.1643747436503,159.94947469187414,0.0
1281,12011.119763049026,-51.30051047418949,-2353.3644741258395,-3857.1634247425836,87.62537440496466,68.29980020059352,167.1410578565777,160.783983341078,0.0
1282,-2561.443472999388,8416.07139326245,5721.645557605138,-47.183262882837695,70.30000897669491,109.34033278686249,175.07808099935096,170.20995349097012,0.0
1283,8229.785348569867,4436.755502087869,288.2882066642209,0.31945605233163477,85.06335224035925,76.72662241637657,162.63837969422332,190.24245969572883,0.0
1284,297.60286361180687,3421.767975742971,3891.0830578273685,1156.6860666257628,84.82931791588112,78.03340566169372,162.04807796054777,174.492738512603,0.0
1285,-648.5963289933618,1739.4458441720835,-9184.796363930946,16472.425555129954,87.05965919000546,95.5859310071688,173.716138774431,160.34905278372295,0.0
1286,1847.4776879319743,6730.893903544605,4527.2529887414685,1642.785314896523,87.02682184007027,67.35333887260552,161.51471960304175,182.45746024404494,0.0
1287,4684.638923308952,-659.4691251171389,3802.655574896242,13877.90893303374,78.03013345537595,66.78364410279143,160.22425298030146,172.2644922181714,0.0
1288,7822.841043866637,5389.282946521962,656.4115549464686,-5447.074815918841,85.92914798291172,95.12321502753701,168.45585396371712,167.8703117681588,0.0
1289,15163.38542853824,-4430.11670630652,-9441.200963928526,-7309.13106741769,85.71048318759256,112.52129197096043,185.41720479783572,155.50829995116737,0.0
1290,5769.009990493098,-1447.4200075910085,1844.8024754111023,7390.507932631859,69.62693007224296,98.68660461393482,186.8575923078831,153.4195093217868,0.0
1291,-8940.983700860992,8655.092477214796,9310.871529105756,-2560.4498826768063,73.09587957412667,89.95948782767655,175.94446307574577,150.76775072318787,0.0
1292,6892.918769049182,2922.324281527066,4885.862605312871,11217.605567795179,89.99263420498494,54.2591258680727,155.73871127080866,175.04057504525198,0.0
1293,3925.387012228744,8515.751407100925,2417.020397647092,-1583.9732286976348,87.32530811189294,79.41214596257235,164.97498129091088,181.3912146354017,0.0
1294,2280.2110723654578,-1710.058239492978,431.05335179208157,5475.782593476863,71.08297401645979,94.93440376706927,177.77557985550726,156.98392357509402,0.0
1295,-7688.588406928688,3351.564786304339,-4241.163090949243,8008.743391842083,75.31297397024198,98.44771229521913,177.00398150147004,153.9258187978283,0.0
1296,-5399.28453488238,3954.6968689366918,294.1386569084732,5678.954391579766,73.92078224972711,85.74858728934343,164.632890034534,168.06871892345575,0.0
1297,-2599.8551529549977,2317.981887923248,5098.6144378518975,420.3997055131872,84.8403880471447,97.94981361392408,178.28901180317862,159.78834757829668,0.0
1298,3735.127450370634,11280.07654917486,7846.771626053922,2192.9634020570807,84.89645214993143,81.08454119264132,172.04514287202807,178.52642177425594,0.0
1299,22.83381700921039,4598.966714047208,2956.783356052159,8932.543325517214,81.96524943574973,97.05402756197034,172.1313275379504,163.74733156792158,0.0
1300,-526.9866894246236,7973.12664234298,7937.765140209552,4910.822924319313,75.25960824088047,116.43670755273621,192.21862369879906,148.72662316253326,0.0
1301,2622.235007202867,791.165736770009,9773.669863768448,-3537.9292093010386,67.72530603013315,74.04438401312098,164.794021936773,153.96904724036935,0.0
1302,216.07692156611603,2493.2038573090517,10709.876938539048,-1520.9433898571726,70.41257403105635,101.80680802859487,169.98434055385766,168.90573572994916,0.0
1303,2818.2361672398665,8335.534770001132,9093.389360698668,7763.810120579102,80.07281671061956,124.69101221503463,183.0471915800179,157.17113935689156,0.0
1304,10104.781304599037,2441.276630529922,1722.4238648603946,2206.545289214998,72.01346950178115,71.26418480941503,160.9290768645067,172.56432509091704,0.0
1305,-8011.041770625644,7935.568202875521,8318.009198217811,7896.413363370791,72.53091183377141,91.29105402043305,172.24763569877902,159.2892887508139,0.0
1306,-4636.966956954971,5921.900584679626,1819.5049488735276,9031.542508465467,88.87180324408305,76.72275263662048,162.9582904532712,167.71555969726404,0.0
1307,-11461.008633580293,12344.834067001231,13022.610570231647,3441.769640009764,79.50226696717091,95.82284206417347,183.7600018455257,142.83025637981643,0.0
1308,5182.238200795235,7190.028997182158,4235.693406123981,-2099.1011102650828,94.36259388248989,84.82726654112216,172.902295204328,155.01000246873954,0.0
1309,-3789.98287691604,4106.277039798036,5452.15412409292,5309.41329332209,69.82417574193438,96.98332218706264,166.82956525722062,156.9273663606283,0.0
1310,-3880.1168828556933,2127.3674477920513,2980.4854436882492,-1047.6289997314088,75.22851597994456,98.44170407466466,177.02959937011832,161.2654530806959,0.0
1311,2663.056793407753,4725.2403970767145,-6025.211205949851,2327.5958585507365,82.0688309436127,72.58478094956227,160.706715752906,170.71772005050528,0.0
1312,-9231.398970103335,9691.670695583109,7168.861233335926,2870.919441208882,84.53694107735646,62.79412543442821,158.63205534173184,167.58666180002118,0.0
1313,-1564.303237255135,3163.712467198155,8493.747207290966,-310.36769947656404,83.45410424693706,65.30631555318011,148.87562021128647,177.68645719519142,0.0
1314,5532.566418745182,234.5847331249753,1648.6726959417197,3733.0957337622485,79.34329873634523,81.51676297650353,162.92191895033324,165.9675573065649,0.0
1315,-1900.1642940708668,3989.0274055409723,5759.570066888383,2811.656125397263,86.74961585504697,98.19579050281504,163.17543370442138,165.76289463095793,0.0
1316,5256.063421505054,1023.1603793336324,5221.959168360095,10935.905304450254,78.02008174308972,64.64937761113565,156.33299895676922,179.66202691315289,0.0
1317,-1210.6129351320808,-219.34144849191873,7397.792768369146,229.3094485494911,86.15147057937993,82.41885778515056,164.50640271264646,166.61552769812957,0.0
1318,-7500.74298232703,4719.441368171869,6667.222555754137,-3105.7845747225456,74.51320387886024,114.31657446915736,182.31240340243437,167.81194498349873,0.0
1319,-3321.504708944581,505.9026436658973,-650.1164368381258,-261.9663386123285,81.50871510206147,80.8651128898726,154.90028997608,171.09996666578147,0.0
1320,-2456.2651117454902,4571.735721856963,8197.21473965347,1171.8190836962879,86.02575365029602,54.799925827830975,155.31280746402294,191.079971898472,0.0
1321,2808.240804670615,-468.5120078650482,5891.503580245557,16154.766397917016,86.94538997179023,88.64924050172668,173.9469631829663,158.8184931256251,0.0
1322,474.6606039593511,13271.971147804557,6977.068091000825,-2861.949766155813,66.41991479739266,47.89927150610335,158.30770850081188,164.70262159715128,0.0
1323,1441.7891589596184,-5202.409167422676,4234.511596563944,-9591.03813573825,83.12506392547613,77.43592850832191,172.7096603642622,154.16984372115633,0.0
1324,-1148.197121431885,330.6738400083984,-4421.614593685419,11832.784161069616,69.33216314244994,97.07032703256932,176.24021306328197,168.03811693758647,0.0
1325,12057.551951740568,3297.1493161484796,789.1908836665822,4474.583974240719,72.92892520853859,87.3608973685776,172.3911614126132,160.93605363354644,0.0
1326,4050.7663170135465,488.35545447587594,-462.1487216270084,1094.354595763813,78.10056708154838,80.94716613944361,162.10589374550992,175.5306959355398,0.0
1327,-2899.327190422049,2983.015480241048,913.4095724136389,150.4365040584168,77.54922342692976,58.82998031031655,153.09064423486876,187.7975827744171,0.0
1328,-2418.4097363192977,2313.9395885064982,-174.04547396972347,1530.2043247065806,69.10689370433562,89.99291623700707,159.78817353499497,174.20485995547216,0.0
1329,11149.778149800744,2537.0005784206883,-837.1763423880751,-109.89827044279554,78.43313210301343,81.31757513080859,166.9891746596494,181.64524647338834,0.0
1330,18491.914807179553,-2856.2518204761427,-2542.1919246988477,4179.043510663098,82.02609146829249,94.42350149251476,169.83803864024267,164.27260610216305,0.0
1331,1195.1858368658263,2016.0092114241213,5133.187594827544,7810.479451499143,84.27461640123447,83.4898565866132,168.7467835967492,172.21776156090345,0.0
1332,-2697.975899686424,3028.0218792587616,4520.902237027744,3517.6918038647236,76.94818923744496,88.69382365902771,174.2969785203176,159.0447215605423,0.0
1333,-10782.694223614577,3672.7790864148787,-4070.7988326764876,5777.609396836512,67.84711576509088,68.98390666652209,147.30391668549518,183.0666621845959,0.0
1334,124.8267038902724,-2577.634194970048,-1864.665138117347,-1792.6089070195962,84.16442680700244,102.83588759245025,167.65250966475688,175.7879633928564,0.0
1335,-8585.638599790911,4742.10996123073,6939.349206516152,-207.16794420496942,69.34890257085391,89.41923775987905,173.00387523502863,164.61087721375156,0.0
1336,1886.2773017476457,6621.9786479191835,5191.756296842904,1111.2913646953352,90.18301859473029,74.96860588809304,164.44909744833123,166.09409611236472,0.0
1337,-4708.9313658556885,4138.534280251909,5133.137481769572,2131.9973643187363,77.76001022955211,95.2359273131824,165.28663225376988,171.2792763580586,0.0
1338,-3119.8546504670385,5395.287971968495,6592.421963735936,589.226186762235,71.57570356897972,110.16721287626766,187.4416474217267,156.79051123552557,0.0
1339,6164.330968979847,862.8200104862809,-1900.6249767156592,1111.0564552858616,71.9506976237183,91.69378983641245,166.8942452774665,166.27582388198232,0.0
1340,5997.737689665193,2373.077883123271,5777.7659033972795,6814.071831335866,76.34754200651683,91.4439174105008,179.52289430357555,162.22033448189606,0.0
1341,4030.1871903971255,-2591.6155820925533,624.7861193147202,5120.432441595936,69.98463968078059,104.6783751533595,170.92833309873672,157.60076848780136,0.0
1342,568.3456234322394,1926.5779771663063,-1824.013249419489,6823.2604507221695,72.81436419418333,112.30258480060651,185.77315551464343,152.37566640408423,0.0
1343,-1519.8817428512723,3254.1379216385817,6615.848380197052,1354.5391219031505,85.71870647203241,107.2356131263214,183.08604447206318,171.83691498428823,0.0
1344,9000.131194810574,-2885.022949300824,-2728.947208892212,1855.9303477870105,85.62445892785564,71.46203318426271,165.48369555459635,168.47034508796415,0.0
1345,8500.3099726829,-3781.5781881352495,3089.6264765102205,7692.822723442381,69.3335129915871,79.14794161193419,173.3053826662503,159.23367339602385,0.0
1346,620.6936593584218,4204.396699363568,9828.31711630502,5162.596158862208,72.92129316347312,106.89393270046227,180.32467562444313,158.3143814104863,0.0
1347,-4363.118492937379,2036.426254681189,6848.806733933034,2758.7966269034227,87.55482803372256,71.24478337549938,171.5326387671969,162.3207237130081,0.0
1348,10599.496109718772,-10603.515258809042,-9149.950094071814,127.94462775415604,82.12264681312348,75.40231520958802,149.4042734237003,174.57098392433852,0.0
1349,13367.41494075631,-3568.89657163005,-3376.826567964075,2992.948805812115,84.62208104886236,66.92770656058312,165.5804776442016,168.4208319731352,0.0
1350,4033.2791134871063,11015.231211376766,6519.504963243044,1051.548692764539,80.66306739104581,82.70855991111155,168.7733117646855,166.84061610927867,0.0
1351,7844.099725435717,1751.295595683254,-1480.2019859790253,501.11206700079424,73.48817050934122,75.05484484815628,169.75638642401753,167.53588919474356,0.0
1352,6535.669581083617,-471.5627072833786,3724.1877240452336,9618.204809834991,82.42140976614645,69.99689716687165,158.6658266762701,167.70203195090158,0.0
1353,-1473.3073624288647,5085.225580811746,5031.890545411466,4838.567186109474,83.59497823297275,84.35111575801429,168.19287994530097,174.00342092811408,0.0
1354,-3267.617085628382,279.5823592550546,-3745.9076558183474,5100.804389355968,82.44795643922812,68.42732254262413,160.83762857169583,178.68550690779603,0.0
1355,-1715.2787911074897,7461.270794183276,5091.850796855588,-239.02737879879865,75.54326971955076,81.0532208431447,163.66846977947864,161.79836219715176,0.0
1356,527.9900153565338,7737.782745746612,7817.963519614196,4658.078855429009,75.91688531844186,86.5032080906408,168.59503327213514,173.35584025020196,0.0
1357,2067.565021819539,12131.216267014763,2467.4669930983137,-9003.481628988184,86.44186010600535,72.3156885420761,154.5580743289829,180.9196605869187,0.0
1358,9250.211048258456,-4823.757262193567,-1543.0737057308534,6894.190437434086,88.05429962356249,52.872253104417496,150.81711348932023,175.890293908152,0.0
1359,-3834.313904876295,1244.089187285955,-5154.8435269184,1798.9479702102356,83.15467326674636,82.12132056969939,171.42055375506183,163.71716027653892,0.0
1360,-3157.5556162025478,3351.5011562051563,9398.270326723852,-3470.0398383609936,80.0924799460007,84.95964851980516,163.3920505153371,159.43787107318124,0.0
1361,-837.9335150212945,-785.3883813475684,3678.65905582133,1259.6340588639973,84.78994535327296,84.69879318953954,173.09206373751437,152.3416701971259,0.0
1362,7867.620739522813,-5896.8161788352745,-6521.179214588383,10252.567348285545,65.99159591070583,93.2841838087465,185.5512721509418,157.22408920609462,0.0
1363,3693.1117555088344,3341.63741496338,2687.127538151033,1771.1491348653628,73.68410798754593,103.2239264650342,180.808630546992,156.90412108597206,0.0
1364,-3964.2573582496066,6186.3643502738905,5375.904993694764,10764.107851985687,75.73172417538542,93.62675669222519,173.63791135954384,158.97032076741542,0.0
1365,-8616.756146149019,21464.139788301858,16039.193065905898,-1017.1268284702663,85.2518853454134,96.82078119443791,176.03166281886013,169.85953716476223,0.0
1366,-492.69423179554605,977.9505335744823,-2107.1657117970167,11026.40385153096,62.30371774190159,104.46681470893441,179.65946339339027,154.44391709376538,0.0
1367,11807.085641823995,-11616.408742367743,-4251.379379206519,11594.609937842984,77.13896375046403,75.80213908085645,167.23770686668504,166.8167711837809,0.0
1368,2161.3230049405524,2513.949122759408,1866.3492766043069,1465.1832137134088,87.52790541505036,90.32382249321424,171.70703613440168,167.16506979323458,0.0
1369,7345.479300329597,403.0746515140526,1176.6603222734054,1951.838721797633,82.65912834650801,70.00812439339299,157.48614682702382,171.65090525841615,0.0
1370,2456.129628179644,2123.304639349702,5839.987431799336,11306.07478088437,81.40523227717287,92.40769894856709,178.12123039746498,173.7807144987451,0.0
1371,3077.526335251464,-5240.28468474987,-2585.0351465465883,5570.978980695636,77.64983272901132,85.34189502260918,154.79957748872803,174.63047963740695,0.0
1372,-9556.359063922164,8805.087594919329,7871.185874577262,2537.000463101194,83.43401258656066,73.69781941862718,162.05140601224443,171.74741944627752,0.0
1373,3091.5239879894552,4792.43578901775,2842.3135932790365,-29.870778407904197,85.13553690791831,97.67209687340622,173.0429240568795,161.7817784910936,0.0
1374,-713.5829024322567,1923.927955154278,-2833.4998178368287,9424.756625156193,83.88370940594349,92.30389472161814,168.3440574018319,170.03558086456044,0.0
1375,-4214.331724207464,4655.135429417104,-7112.539437581063,11041.303448646098,72.66728994935764,93.16474706570713,171.85653601610193,152.1477485932624,0.0
1376,2227.2082765246087,201.15273296275228,7119.500349942923,13686.144954454843,79.69994674046117,91.98280939642764,171.2404816122646,169.28932799568042,0.0
1377,-8752.753928043974,9239.287652159652,12907.95817654966,1019.7092372797907,80.15862423854783,103.61334471900689,176.18039585630262,166.25143702686327,0.0
1378,-3164.8537667788783,9072.900716996486,8729.336569206878,3729.1583764757856,69.70652115707891,81.26095493428004,171.5033346216409,165.56934015202773,0.0
1379,1190.1750709523658,5581.897991586616,-10175.056749277754,3459.1208083208317,74.0839169336605,72.84876379412447,158.58296986264853,174.96554372896873,0.0
1380,-3837.4341516826034,5963.060275528587,10341.006426638045,1597.3707853910435,83.67736352032524,46.25587634240248,149.05486001436694,186.94000551232926,0.0
1381,11512.979747737352,-2349.9353409803666,-514.652494899401,7182.934015708387,81.99647364334066,83.99324203551376,168.55104294600736,173.09003671248342,0.0
1382,4443.8518414973505,2021.377367599091,-2264.1229656574296,-3878.4038092894575,82.78320747914012,92.27245976460009,158.4830437812579,171.49584023937442,0.0
1383,-2622.86355070695,6142.583278995705,4574.0056126042855,7510.0711922216215,87.218306170355,95.00089573078367,177.08799693465514,159.88692379102108,0.0
1384,4950.0979525461025,194.28850211599746,3864.751228478254,9849.229497005192,73.83855565810114,89.72664005260647,175.19057161433332,172.0598820041665,0.0
1385,-4405.738282721156,4161.120263872899,-756.7425111049872,5548.34131312283,73.6259314699562,106.44876120032401,174.36897803998986,169.17354032976115,0.0
1386,-3326.8324351654937,4869.050261272067,3560.928196838057,5701.280462527731,89.42619065995598,75.54592028841725,162.2492915385499,173.40834932547966,0.0
1387,1949.3271769878365,670.0890403982149,9177.489305611449,3131.3948728272967,90.89564956764525,91.26128268541456,165.38302300298176,162.7941372035886,0.0
1388,435.2600029422935,603.120149227844,5305.339993405323,5500.488611496847,73.95376019118119,85.42323939617339,161.0342334728398,173.35754154895426,0.0
1389,6362.974947580261,4048.996043837212,-4346.890245616537,-95.35307966215889,82.76319248039206,88.80725538159929,168.6456176718954,166.18354379800388,0.0
1390,8377.677529344963,-7720.159306109622,-4655.341086286231,3181.932685588009,80.22577012545356,73.5200512888066,164.60975914173991,167.8482658665524,0.0
1391,-6246.921690983885,1340.825711134416,-1525.6981417459153,-2875.279779255719,73.5559683684129,119.0349589804504,187.50267296042796,146.7088013831391,0.0
1392,-1310.4108931095268,2347.1057073033894,5249.012361132402,8883.375395941008,89.99495945245644,90.9469413323188,163.11875738135151,179.20563844613207,0.0
1393,4096.386457897192,6705.234191789389,4228.86726613441,1576.232005032086,89.70225110101678,70.01173043278143,164.92554760905443,150.49211954309635,0.0
1394,-3671.9727458176794,5205.566935929919,5198.509266452035,-378.7630562150679,91.4898167771977,70.74690698081426,165.78371285744555,174.47726896239973,0.0
1395,1725.9637938637873,1313.6668291956926,1306.896776876877,2322.977273777469,69.5494082824047,104.97448559888312,185.69893400420455,156.03987373606742,0.0
1396,6633.981525089085,1198.9134471088087,-1505.0224394106233,-1486.0958685073276,79.15788494789176,102.8666299591844,178.80633790226346,163.16588905477502,0.0
1397,-1819.041353043106,2158.2955385526816,-1781.7367236746607,4597.014178965868,82.06683740474041,95.0749179622781,171.39296861615375,161.09373859735663,0.0
1398,-10143.085541627483,6823.05278740755,1140.6080877626205,1482.711085318999,71.86517046846694,71.2005341678351,166.27171556380108,173.085548855212,0.0
1399,-6010.5664473971,-212.89898651635752,785.8011331822161,-5952.41063578291,84.3531187605329,80.29718375010636,162.51885626301845,165.70182500801877,0.0
1400,3682.4529127122933,12547.376682986132,6394.081614289832,-4092.928141933955,65.68033956357482,107.47909019269557,170.1628078917781,166.4436376806338,0.0
1401,2156.287850177306,-1549.9779056862315,468.46614891619834,2755.3980452583774,95.53755042718615,81.53639979967585,171.4669017284064,169.70673036032548,0.0
1402,-1170.8906968299834,1714.8928599108663,3080.7238637787723,4075.652015019151,75.06452040461596,88.195301269164,181.1658071397756,154.2404304835826,0.0
1403,4511.0909924907455,4830.558051488259,2547.6948058453104,-2126.733002358535,75.98280051725978,97.52891490809881,176.1074350919325,160.14890920833102,0.0
1404,-7975.353788931875,4508.773908030359,2763.7217879904224,-1345.7704729795128,87.15967874761313,74.73316215949116,160.3571263781649,175.28683450500722,0.0
1405,-10333.684719706469,8889.900551151844,1697.554832288131,3863.5028535121887,78.48617049093488,78.92368008937406,152.49221854958066,182.71609469020134,0.0
1406,-8546.693563018762,7636.685706665839,11479.218674198573,1084.948407639708,82.43295403239243,113.53297933989448,188.71540621571833,147.47717439632078,0.0
1407,-12165.124708792413,12466.237238973528,11137.068751804069,3730.141436103338,80.71654204912933,83.05762851596171,176.44721287586123,169.21909497096985,0.0
1408,-5342.74579732423,6620.533776992324,6025.569927914771,1053.5834936637648,67.46045826164163,83.340571667234,179.9523506149871,167.1278409758408,0.0
1409,6788.398274606143,-4732.017210253064,2941.6996142413473,13533.892744867439,82.39099778653635,115.81589622375955,178.74985705877376,163.06871636811593,0.0
1410,-3963.500411303009,3776.0132118591564,6809.332706848711,5406.626572704642,82.54917881390931,78.38910528388304,161.10562772797246,181.97843933672314,0.0
1411,891.8542185378402,2184.34050869483,-1108.7537763674154,12102.91365411367,78.30562346831485,91.63871713785464,180.8918074435318,162.67930915060208,0.0
1412,-67.74928764518017,5882.366049679044,8569.992577920819,10190.401596714551,73.36257357065898,93.07718344381257,178.3130972935338,155.8000645166443,0.0
1413,-2584.8855629364816,6862.4189559026245,11659.315185301693,10669.874223473504,80.53690523957133,87.74629034759383,163.5015973250427,174.4227609098441,0.0
1414,6171.765915063247,-9549.680918477094,-702.1921820668608,10935.276026992951,83.45622695399705,80.76320493319673,158.2182241407682,177.3366576022736,0.0
1415,-2998.135775002241,-3068.989219033393,-6231.985485960353,1373.1219963835542,78.40271411171196,79.21785282401815,179.5012646094791,154.15427478654817,0.0
1416,-7318.693567488813,7390.909265789123,10585.466436805475,-1568.2971965010215,90.31286631664747,107.64774488304116,186.9409069681532,152.7644233590877,0.0
1417,-7909.5399288081635,6844.277220668168,7087.583716585485,6358.938262994349,65.47289180451034,120.80859254428108,191.6170761139926,149.04659469291772,0.0
1418,-6992.944239018108,5537.315922138832,2178.290295538484,-2522.3855109007336,76.81308906619681,109.94052486420223,175.0661851522386,161.89310764083504,0.0
1419,-3368.2878362593447,4425.521768242594,7406.103230064123,11596.459511651885,73.30314188986625,100.87885292203747,170.07444923724907,156.56471281348394,0.0
1420,8745.862074390028,-2913.7218224196035,-4561.519215434608,-463.44671849252927,73.51090924042116,81.15101867713894,160.88757920936754,161.5917842004071,0.0
1421,11652.091028685352,5400.384666328775,-457.3529056746106,-2836.2568979282305,81.44772432256597,96.44627143886326,166.76632587362153,159.32292638478165,0.0
1422,2505.3156897786507,11414.006928866256,6036.569577852026,-3858.5889217472895,81.92187180188719,92.91629725303244,178.95244156547787,164.90314417005683,0.0
1423,-3841.861518123621,7159.718088792271,9514.406137189302,5404.115478811508,81.78945791797676,102.07946122266452,184.4500644001246,155.01996386733137,0.0
1424,-2211.90331388819,1304.567925846104,-2092.8266189758015,5488.715201379832,61.39840868808286,111.67333821029857,184.2861676010825,153.54040178758984,0.0
1425,6244.76898856853,-2697.8822253912954,592.3574626627817,8413.79708050393,79.25235748893716,69.82782985296502,161.97259132767897,174.7159669767355,0.0
1426,2783.294124074986,2353.6930207433484,2828.6590011970648,7622.89215412876,79.07483245980377,81.90222963506585,161.04017730650995,175.09383966532602,0.0
1427,6478.975086188088,-2259.757294667629,-372.34875780394015,8549.346487666102,72.78947477545064,67.00854373331084,149.64753903443062,182.5078321248888,0.0
1428,8335.253923563127,-6568.333089011332,-974.4376690346708,8050.355597397296,80.58602945988635,97.26107480434852,171.08745703864778,152.5501395053904,0.0
1429,539.035554844082,-30.596274579345994,3484.1280391992714,2901.8886367145087,84.45042474395645,92.36194106220283,175.61827973378684,157.86690362693918,0.0
1430,10166.79327403306,588.584522198079,-2116.305575789354,-2474.543858702097,83.39138770887541,92.50486607170089,177.7215589627785,168.3461607577987,0.0
1431,-275.0279484835243,-5724.886777213742,1340.0782626624043,7996.374811589943,72.5422057568015,90.44160765087031,172.93615172488416,176.3764883232538,0.0
1432,2683.47256748358,-281.42235119549275,2972.9414413844665,4145.612908472823,70.02458546781072,103.51068113053911,190.35464612511748,147.45588680365003,0.0
1433,674.1159785837306,8210.065481795602,5804.21868035352,-1067.9743873176596,79.42042214683875,79.00154993843276,178.94089517432118,146.77913027681026,0.0
1434,-4000.3802136402314,3584.437058945666,2693.112141440967,-153.89041910917456,73.45645324002778,81.71585744717909,169.41607723655386,165.2483558011017,0.0
1435,5421.472169233431,5037.1443493963725,4640.851726005094,10246.798685374597,74.26998688150736,78.06732766204568,163.48279111302136,175.8777804021934,0.0
1436,3241.8333483540737,711.2228086635355,1080.8797307137747,2090.524161142194,79.21128441304215,92.11877998568401,178.24737435154813,171.22288975325026,0.0
1437,-4869.487274137371,-2211.361290895361,-3373.517120396684,1141.5454608904395,91.49634049314176,59.17896114159612,153.2124473675058,171.63617579929564,0.0
1438,-8779.031901884964,8561.863345326206,9503.656000030609,2109.012003805672,83.64776929016676,116.80926231799302,187.12868937521787,153.2431348349415,0.0
1439,-7522.499091013684,5425.4431227747145,5735.030980253184,3469.567451355664,74.8303298180079,66.3152266488483,159.2132158146853,169.18524608267595,0.0
1440,9242.605511753502,-8462.53563193456,-2022.516748376089,7625.5581690387735,66.01820582971881,82.05714471474006,175.52268848872646,165.58519790441517,0.0
1441,11533.372026881632,3367.387655161849,-680.4048472866673,-1745.4353381801027,97.16021556646095,66.03820457555436,162.0141980154771,176.11829682575313,0.0
1442,229.5559442903592,618.8302239030086,4986.073241798315,7716.589003187952,75.2687232646882,88.4706320766956,165.13704687648357,164.72785348036842,0.0
1443,3854.217206371942,5620.373059532653,3965.6060364482546,72.64071977261955,75.16565714468364,75.40670131811703,165.6971646882197,161.84345368630252,0.0
1444,-4633.092028968617,6521.231900104405,2438.6503543957883,6325.665618615037,83.32880489041503,92.47798396769768,178.07514275223144,168.13092180767873,0.0
1445,1104.7566092187383,698.3876509551483,4201.834906570315,7696.285473349816,71.66865993286788,48.700728373501946,143.56996335030655,190.85496504552816,0.0
1446,-1011.0968149125963,599.5346261722334,-1292.4601757686687,7289.682260569834,71.26363342160703,97.01410089324433,172.60470952389213,151.37923412958102,0.0
1447,-7713.893283792824,4347.283544990801,1077.3819084043082,8695.378901888358,79.25422187634067,85.35190795247428,168.45474600932894,169.27066104481176,0.0
1448,-1694.6180006375807,1722.547210783335,4917.927127218022,4707.808270075568,73.53886173207582,107.82673835958558,168.63595582186653,157.34515515307183,0.0
1449,2932.48459504477,4700.460607896828,5270.357968900294,5305.1936670286605,74.49689742786387,98.22990909240998,177.7829601871846,159.9086227280742,0.0
1450,-11062.030907549728,11947.392091053336,21111.757122598443,-3914.1788412258793,69.94828832323353,111.06402135892162,183.386050776454,168.89867509163724,0.0
1451,-1890.479809632788,-2187.299059298122,6172.993808186488,14335.162415770943,86.51043697081701,64.69341631374701,148.7225841484926,181.2181943908132,0.0
1452,1951.5352362062258,-3206.7658711373174,-4818.869387370328,7497.257732879077,91.6152319154379,95.22363941709933,168.89339672672256,161.64598201863598,0.0
1453,-4782.259564388296,7904.64741473354,9760.028671363256,3809.825682929451,79.23268667279852,114.22125510716833,181.59861744424836,171.10123904261062,0.0
1454,11764.0448834778,-3348.507080706107,-727.8123261761374,6019.664187140938,81.38305090794225,96.51534371590515,174.9937922671188,167.75910355874748,0.0
1455,-5389.564057901161,1055.7667158699257,-457.3414713334203,194.7424920569376,71.14691007010406,72.88676113191232,161.16391984761304,173.08159366585113,0.0
1456,-1981.5811934509406,4086.870107000105,3978.049043356996,9146.10984057633,69.05981311213588,73.5243244635446,164.1623317288702,157.5284919063546,0.0
1457,-2712.686812575166,7040.404266921419,7731.207562533948,6963.467393061232,87.71045112413765,77.3736142153235,164.196275447888,177.56087053339704,0.0
1458,-9739.498997125305,9103.551227505568,7785.537969179158,-826.3899970341427,67.85800850907856,70.40196575830075,159.88332698071162,172.1037034165761,0.0
1459,2407.819835033111,1397.0061923477926,6770.343895686548,13189.6346515491,71.53390467221084,137.1119213259197,201.8629828848253,144.4310080851476,0.0
1460,-213.55995055347822,-3675.1212236540023,-6043.295476072766,5284.8596410766895,79.06858513135967,91.89661026484234,171.96252304522443,175.4726084808536,0.0
1461,5813.09425952316,-2607.8286865480213,4356.473355425358,1864.9902442459845,82.41547417383174,66.89331486016457,161.1696459181991,180.54507931140802,0.0
1462,4206.658495997584,960.4448691525076,428.6515664752852,471.0621872112668,69.92097230253336,97.26900012758485,174.27576027515155,147.27178814487195,0.0
1463,4411.71171147448,-1629.891989967032,2820.0613578464013,8917.489543607897,75.03159190720207,92.33535115348575,173.16025942411235,162.8827272948756,0.0
1464,-4585.53638165524,-493.66224778008893,3913.047909065875,-6448.201426916111,72.10876697686373,113.29278504677966,182.24612738084122,147.32208414947547,0.0
1465,-3493.5621105474665,240.19640083326843,-5370.428207945508,2500.350211567252,76.61808631735556,96.77874626291495,179.5248229518275,161.68671641117723,0.0
1466,-3370.6133077880154,9708.95056962711,14451.967760052592,3639.8485746073247,70.30590254310867,62.36248037038118,160.26477188430812,170.0794890318012,0.0
1467,13381.068047929179,-6113.819721941965,-2289.2250266562555,11724.5649995721,77.66271929353609,78.75913259640977,163.29847845357395,174.0229098384566,0.0
1468,90.30210123044569,-2027.387627225282,5369.0917945676365,10634.69867204182,77.46758318739091,99.67191908464405,164.57422276207473,164.94119854750542,0.0
1469,1565.3975146197076,5154.955712856371,5763.852017236209,3913.185478400872,61.20340509671197,103.33071784121731,181.85344254482135,148.06853150648377,0.0
1470,-5213.649442066345,1253.1638951349269,1903.585528562288,2227.491240247062,63.94037113641737,120.33734167718532,183.20432100276287,154.3619033635703,0.0
1471,-4710.813971887196,7846.123160797872,10951.128698386972,4852.0502385585605,69.45683175496859,91.25415887864274,175.478297010446,161.04920018810043,0.0
1472,10434.16129237853,1537.7483282825851,935.4690127867316,2863.960693692238,69.16525835899547,77.24599261271803,170.63811247536347,155.66189630257378,0.0
1473,193.1847716454471,-1256.7803574928926,3391.9547306432287,9834.60157284172,79.2685992807322,88.19073693971812,188.3919858166213,155.6019830837887,0.0
1474,-1384.0574193047107,2937.3188805611803,6486.705468540431,10387.428909187252,74.55419816124753,108.31382936912851,179.77775599808064,163.44040311000674,0.0
1475,-3907.6934839644537,594.21728764681,9834.589935249056,-5792.417758447701,74.73534913160748,90.69615988022079,168.56325718542158,161.61541144029485,0.0
1476,4716.844909656956,6969.330693211151,4894.652642003024,4008.053990660202,77.08180291961695,73.5939869335844,160.1888684698805,177.10488925672834,0.0
1477,2648.251532074015,3207.540974509728,5749.050932332526,8958.456595067433,75.41892918748144,117.1398087256146,183.16400922169026,145.3393046512049,0.0
1478,-12239.363842209992,7040.507899606454,599.7151842983528,-3260.8596731430484,74.97821028132698,89.44528680350913,154.22035419299968,165.8462778672032,0.0
1479,-9212.922519124448,9926.528206002473,16259.865509826006,848.7850645856572,73.3187827404087,86.05318383528117,164.11482067707632,182.04435468774187,0.0
1480,-6037.263699654744,13648.277060698758,15611.653958646548,11654.369903385706,74.25582848556746,85.08852680239123,168.391641189113,165.2906945582092,0.0
1481,-2600.8758564228483,7233.019692800612,6419.322147230265,6583.944436957431,69.16415960079188,80.42109592903287,171.63561769031753,172.0323317980747,0.0
1482,12108.231548884867,-11041.571607700196,-3797.8960774801894,10349.200322377781,71.15537035992743,79.82983648897297,169.1571967238347,156.1100745290122,0.0
1483,408.8607777555926,-922.0328223262908,1842.2706419252145,6318.651312014305,83.49526268801533,75.85308125941779,167.337441101306,181.0956065333137,0.0
1484,4209.666643632541,7073.813957718132,1716.7378820550844,-6951.6366591348915,88.22195244446561,73.03777354872359,157.80145282368733,174.32050365419087,0.0
1485,14825.832778386368,-3375.2164936091885,-6669.324473416637,-4051.8435182946087,64.43684531402084,119.2397870192932,197.0950445943228,149.6507751680369,0.0
1486,9252.03185801349,6062.336871058424,83.35613725213742,411.0452970411962,78.14846439833927,85.53434167104587,159.66862750533758,174.82937428246154,0.0
1487,1157.4115588666918,1239.273759244912,9939.288974072342,5630.08566265969,85.752888994261,72.06731060152188,169.26330364227547,183.58789768806008,0.0
1488,2981.661012430264,7905.767588770754,3799.2073885981117,-1629.181872918154,77.94506254941996,80.24772136813985,167.09687755366417,155.47492964097535,0.0
1489,9721.087339280859,-2085.603721456277,1256.0861007067565,8692.480377718926,82.09349573543066,81.19065945917447,170.50061683718,168.69542728367753,0.0
1490,11181.092683949886,10493.602245690265,1806.4049739651773,-6601.960908021883,76.57242149694073,87.0450468736824,181.26560920813313,159.2855416840521,0.0
1491,-6336.84136894599,7229.450099084751,-1746.1246043331457,14636.176011807927,83.57512360360954,63.929868375015374,172.014320293156,168.3681757270607,0.0
1492,-10166.218016146548,6687.576234899039,7011.9623612988635,-2698.05866657085,63.80437948827411,103.95590078472632,180.71067433297733,158.75457087704012,0.0
1493,15638.294376476813,436.3307102492415,-491.45815050692175,7883.164041436714,85.87659545920958,90.13819311155146,171.37395538057072,163.92553639087137,0.0
1494,-2289.7179746575594,3381.425526006544,7602.494500897812,34.503959519073035,63.51589892181278,82.81948511010559,164.06258987211672,153.6669734320763,0.0
1495,-3849.6608712969855,6220.286340445829,5361.899437278715,4536.520458827847,74.83358603663744,95.83213028203652,172.44581766997015,150.21463202679203,0.0
1496,-3499.593115092777,5196.958229402315,14759.605041055618,-4699.871720683227,88.30446102353321,70.04641837782565,163.35811080355083,165.53985651006784,0.0
1497,-4078.7356127866187,4808.078552148699,2324.6896012382604,5983.565617675455,87.84225035172624,78.74507635353223,167.22393045094228,168.75762028773545,0.0
1498,9991.245720980947,-3880.5677010143645,-1518.0781667280576,8983.015151282856,91.2493005083011,78.1050023333671,164.67769618592914,177.62612283396882,0.0
1499,-62.529944815211906,127.43042067939925,1221.5121364535566,8311.926743116437,77.74306597875625,86.40844777578569,165.78709347681118,160.02633895138305,0.0
1500,-2269.69329827473,8588.366337021329,8655.363827752517,6086.552353013525,86.55421754260833,73.45094278957494,164.41446872210227,171.86122592713156,0.0
1501,-9930.198841749923,8869.476837987339,3622.147999099808,-2443.009667519131,94.47867017508827,92.5729780541261,157.2963667691518,170.30092256323425,0.0
1502,1467.8745183174433,7337.115135015349,8092.479572444715,7256.2595821040095,72.57646584879188,93.1178574973862,174.84431827811915,172.6807152116371,0.0
1503,-9024.961395931838,2981.3897427645898,5093.391727467194,-3061.6093111166047,73.53098630519324,120.98397141485987,191.03471625727272,141.65671964764684,0.0
1504,4208.345616510271,1239.7931061381273,5579.1484601991515,10613.937564573389,72.54115771265752,87.39118694668632,168.2913735974113,159.12030860644109,0.0
1505,-5452.38956669927,1215.1535516258077,8023.89903288455,-5434.237349779934,86.15103344606972,87.93920461062879,169.8822414324403,162.67109718214908,0.0
1506,8256.253376085353,-9153.624202853445,-802.0025956883754,-3731.4243066079534,68.13616730549201,88.17823026487403,173.84084071994744,157.5534267579291,0.0
1507,-6223.00319327021,7462.9870142512755,12658.601755142168,-2042.0541189845571,101.79828855172349,91.3119849348794,183.00774525915617,152.66864343895801,0.0
1508,2685.3776965499915,1363.9661158206038,3708.964697266536,6347.005917225065,71.15262047102053,89.59974603924019,170.40635805920533,174.95586570594685,0.0
1509,-601.6057427193795,6010.61017688923,7630.373555369128,11784.007862604443,78.81786901182576,88.46015060080991,171.7629567981579,160.4763670115642,0.0
1510,-2944.5053084355477,2097.683631351487,2218.3878024035857,6073.376395271186,81.55302550296337,78.08733166246539,173.29895633263004,162.48647061552893,0.0
1511,2527.773211527496,3718.263705222314,4884.568008182353,6346.834510579619,68.73953072167805,77.77026593946903,163.86764036646528,170.41943859578217,0.0
1512,-2973.986612233197,325.62734482058795,-1283.3068338499322,5178.7352713160835,82.77214211863725,88.28748357301146,172.90091994495083,169.71561723459686,0.0
1513,2748.4778082350213,1136.8696066311497,1049.1044438682463,-3419.4976866285924,75.66034034518024,103.8074455695182,174.0325667467461,165.94846282513546,0.0
1514,4435.3243178559405,-5587.047997083367,-9158.179291603854,1192.400091961222,88.45114944473876,62.72118612635487,149.77432616561126,187.28538641078757,0.0
1515,-4641.155486826157,6188.931898039391,10114.904958537785,10693.504668327118,91.31848683161982,97.62237382747286,175.82823012610123,170.66304621784536,0.0
1516,-4084.4175705133293,2939.4755587663662,4212.755895630542,-895.8141101954218,87.48908637956163,77.15972558396295,158.221149965751,160.74923221729935,0.0
1517,-4712.70039655744,1124.083451548173,-1589.8289014434117,2895.553867270915,77.420708315793,92.95899541387756,172.50579472648369,166.64121338759358,0.0
1518,-1944.4932786707611,15800.199412555945,9262.339592791888,-6794.277933885846,61.98255035632137,118.39967239053846,191.9454691556467,138.00663963797567,0.0
1519,3514.8582549145235,8982.698674459612,8377.187711189594,7171.941028202385,95.43941329599143,84.77603695227754,159.41147292714712,173.41666851238008,0.0
1520,-11406.897172919991,5412.969560161078,7189.9446571164735,-6827.446203936356,73.02823890951795,74.59335578230429,158.09918599666938,171.34634024059747,0.0
1521,13894.085459442973,996.6349251111,-650.1887714557299,448.061526470815,82.15458841416451,73.80658989100642,160.87645323220855,171.94277822075784,0.0
1522,-4906.348963921909,-1543.0216817607466,-819.0064134253645,-1371.5851450361413,68.71680536400211,69.94495245774239,165.46272121275825,167.62052330062633,0.0
1523,-1627.3276161846106,9948.296488346228,10726.842142536965,8204.286818468496,87.73007062938726,106.83966116598396,184.03289646294252,162.82048441498048,0.0
1524,6065.068899187821,-4608.314129394429,-4036.3640984787244,558.6962748178425,87.75855123614927,83.64387004738371,170.784584508942,180.5623843453435,0.0
1525,-707.2132009261315,12696.243586718272,10459.940792201887,5079.585651423383,70.20395004026608,99.93170137757156,180.32692612177598,161.41213556136924,0.0
1526,-3873.454841022801,2770.3969783504663,6826.918266633092,5480.173844888713,69.80754742917492,92.10020623553325,178.74672166803003,160.34272612704473,0.0
1527,13816.96881650607,-561.5117595465384,-2056.549514126947,3061.074182430107,75.3958088835467,96.0401994027316,170.122401566049,160.46463777679602,0.0
1528,-2536.120772531765,3519.119693211809,1621.4841639119536,10103.223060574333,70.1536700673675,117.80094475436157,195.22695257668994,154.93023604876868,0.0
1529,8974.055634131879,-1943.367436951831,-588.2104013576588,2333.7933013551833,65.7447047831858,98.42741611936779,177.33108503213916,160.96518583694262,0.0
1530,-2952.7071938677254,4022.266522876885,-256.17965971121714,8482.228698961433,74.68443699476131,89.20746731161373,169.98434305067502,158.81435335607202,0.0
1531,4197.484737324276,5417.726581884317,7216.6371647557,8346.13949357073,82.31940040962476,84.66050259935349,159.09096602644183,179.06270610563544,0.0
1532,-601.7127981732897,7747.125249361256,5624.374235625726,-323.98573122064045,67.84010504023496,90.5721589175878,177.07606366644396,161.7644678750353,0.0
1533,-4496.520280974989,3156.4926717174667,109.05057945376927,10143.427238235448,80.57551450291653,78.25783335954821,157.01232003535787,174.38245578135113,0.0
1534,-5580.769807223332,343.40752413934393,517.9475707691435,-3828.350557710342,80.67680790375334,84.18427777392976,176.89690539524307,160.93090353909372,0.0
1535,5493.219859727881,5456.735392895609,1783.3219350620304,-3992.509583673346,68.09896702834504,80.79542364965553,179.86425250439186,152.30723369176556,0.0
1536,2610.292885280534,-1585.754629765852,-248.74020833746036,4353.895121021048,77.74334386447335,93.78034917358592,169.4518681688319,154.33650625842762,0.0
1537,-4705.403601825484,4289.748435040584,5143.559213382819,457.67504646163195,78.77672927741634,79.92974429223038,174.2589263122594,158.83266900908677,0.0
1538,-1980.8642238034158,6833.972004952673,5648.2128512751315,8124.775219606942,72.7791385008537,64.63111901811538,156.1551930765001,159.92254626505198,0.0
1539,-6332.005790056064,8287.772142322177,7046.100192459273,3030.363909558873,80.74549116655058,95.60647809031171,173.52820670927417,163.3121813933464,0.0
1540,13703.509499256012,6243.850430194571,-3333.9838252195473,-7645.572832281021,72.09065806166691,83.43404373400504,165.55410269656758,166.11162423914425,0.0
1541,-1238.9935778351248,8016.389186194502,7791.862413261138,1852.3172246351628,82.56764641909574,82.04768924065306,175.16018839096176,143.83672556444392,0.0
1542,1191.3962074208002,5205.324720613125,2044.0141359583617,-3108.6054141938894,81.30744444986969,68.67377658870728,160.14096577454492,179.7388599603424,0.0
1543,-2528.573924235889,3412.475840583277,6566.207793579487,6995.944173042678,76.29033259508793,86.51079303061428,171.12725756842914,159.7943436256906,0.0
1544,-5362.966072041693,3488.328048653712,5366.097036307681,-1311.6617225995103,86.4897882454593,95.5040071040983,170.063180836473,170.7157529296308,0.0
1545,57.6119310206944,9130.582734427397,8345.770376884911,4613.407850000438,81.64141672269105,72.19978842874787,159.68841379203621,178.2823220706817,0.0
1546,1477.0110214551057,-3434.527246105206,1479.1921222180483,8548.087330659466,72.35758735269576,87.2521202074799,170.0200663005822,163.63407195392077,0.0
1547,-1410.9345326039881,1520.9132680849812,3195.815657022005,-3446.655957074989,77.15127098558108,49.74263952514216,152.35590005138974,176.5310233363059,0.0
1548,3739.156061764608,4183.449670951026,236.95473016265066,-4663.1784826128405,71.86535653184227,81.44790725165451,162.27943075919546,162.78698087931767,0.0
1549,-3805.088956770366,3945.182615445824,11129.356094135168,14607.077979584266,88.51208836661517,71.1927680871239,169.724066819869,163.19876358403062,0.0
1550,-4249.838551958779,7257.510754660499,4335.580729412423,-938.9374347699779,79.44776821016212,66.52031475082491,151.71634864241946,164.3838686163345,0.0
1551,1853.2954763012795,802.8795006190461,1349.6097872723828,51.70218475595823,74.96360570443677,99.51826619259131,174.59025596170775,165.3569035965718,0.0
1552,-7634.307726525351,3644.5066504283054,1017.5297269150514,-3880.4294504389463,86.77851800733374,103.52719249204364,183.7370175083121,155.77577523625175,0.0
1553,3353.4239586625495,-1792.1152811253758,829.941446774599,3959.8480867884637,71.14831779390008,54.83303935382323,152.1304627072227,176.16911879468088,0.0
1554,-3494.1788372108763,3571.2784068965084,3881.731208560153,7470.738900904031,62.064957152859776,78.48801575338608,169.39936526914104,170.56837847649027,0.0
1555,2771.6463016833436,7421.769859212828,4473.771921830451,-1077.3375584261014,83.38292570752238,93.96888435015158,168.29499542382055,166.0896427661482,0.0
1556,539.4924462660042,2723.258721833183,7365.583978822451,3064.239395572031,65.69889994681971,91.11680305066926,162.0061809961281,177.43628258380474,0.0
1557,-9650.993244258381,9599.224769319368,10402.403970123096,-6864.378956770757,72.87936939566639,121.89412185374823,176.080940921872,148.00979867310397,0.0
1558,13842.608167892904,1364.721906962557,-4435.696583536542,-7986.258141144155,75.63957947514224,83.8051449772178,165.52052212797514,167.06612457170343,0.0
1559,-5512.222822939347,5650.690380256986,2433.400910698543,3066.0053869398316,74.61716704329528,82.40760323679473,171.3370165017014,172.7293963791646,0.0
1560,-11713.843916669528,6240.405328838175,5639.6083805106355,2136.6283153217746,88.60286904330566,80.05824890063026,154.31798576428545,177.24195321585609,0.0
1561,-8872.012135677633,6893.234263022528,5794.64810517985,-1095.4016043816694,67.96652136733591,99.30166925516039,179.50279885935305,149.71101236767436,0.0
1562,-6679.87296719347,5979.181552475538,1679.9475116989142,1599.584700697087,70.65971219769366,103.92265852805569,187.17935375040443,146.55664639835499,0.0
1563,-1377.1003101105603,3478.6770998428656,6475.365897953246,8619.69215112521,85.7959072858527,46.17090076126857,148.74679042023627,186.2019473096757,0.0
1564,-2891.494264423451,-3638.6476813212576,-2397.7064633543973,-4403.756785511032,73.29057328258175,111.38220201979316,181.303409764305,164.67498701943487,0.0
1565,-10012.762906932392,12483.501115980487,14661.223427815628,-3003.2701282286757,82.73756821831358,99.50467787618337,176.81310850006926,163.5862821490932,0.0
1566,586.7514840102177,6641.769015483174,3018.6237089006213,-2361.951408999048,76.44916957340195,106.9005860793058,190.14775020370607,155.3473471132013,0.0
1567,-2884.4296791445236,2480.764246981241,5083.480865595478,5434.671427351513,93.36476638618664,100.57950359754274,178.11418602943002,160.86526108625915,0.0
1568,6074.736836056967,-9522.645652906202,-1434.625218075913,13650.979378868367,71.02945756183507,86.99546751615162,174.37848263172393,154.70077717795883,0.0
1569,-7290.554899027725,8455.354668936647,-1819.5074946465702,14091.75970796714,86.95966820825633,76.98835494547193,168.70898047387777,153.7536744421373,0.0
1570,-7647.313661189516,1913.1361651142358,11062.438981520474,14823.647723654964,80.9280576851096,94.74645792164803,180.83210547603395,173.51281965080625,0.0
1571,-3117.7348532467568,7710.848086151429,7883.770906083253,2654.190692070466,78.06841858491416,84.69160595893736,177.15267034179735,156.41619958698686,0.0
1572,346.21539859163966,350.8768229146377,5182.465146633266,503.7211506482597,75.34899271278505,76.68687292702916,168.61943439476005,159.75401024714864,0.0
1573,4531.568349639884,-2051.3198634797363,-4966.963937138819,635.3698618768414,81.58325990508311,103.81068577055107,180.6409152377643,151.59872687703103,0.0
1574,1191.504321980577,2070.6635851565156,3212.3987199238954,8642.870853370147,60.37378554066389,115.30712764601314,191.11034260756202,155.28636809575457,0.0
1575,-2844.248870333563,1770.4024652556643,800.3163648707412,9980.01167958301,69.23259564657985,98.75260209646632,170.20666034343486,163.5549401128217,0.0
1576,-2985.3771057137046,3338.516100217716,1610.589179741719,7538.941318223434,71.423136231439,98.76611451922066,183.47330079146744,161.98850976802441,0.0
1577,1464.571087981016,4988.164568383952,5549.643650605963,10534.664299669901,76.5687683209716,100.52187939498565,187.67981286298894,137.26391529211605,0.0
1578,-6804.188883862974,5609.85761851796,8047.393813609851,3233.7929471299303,74.9454550585572,94.85525566854848,164.07018130121364,158.67696666818517,0.0
1579,-10441.294549047574,6280.371011143204,4106.954685216455,59.31051091585804,71.75119825720418,80.26266834171503,156.34383954581932,172.05787651122878,0.0
1580,-1913.4441049710015,-473.839348138593,-3899.453045383638,2974.4483474037243,83.42692208550994,80.49125877447611,166.21248356805359,149.49606878900687,0.0
1581,-3880.4518531264366,-1268.876953790062,-1978.9093250003175,-6265.587461119415,66.10149677471216,91.46479934276891,168.3712418457146,164.88974137885927,0.0
1582,-2448.728483065633,2078.880492716828,7632.480395133652,10304.393970712857,77.92788600940531,92.40347519733449,173.78950969740865,165.39499622749221,0.0
1583,7028.5787811944865,13506.021551908003,3884.0324268088625,-7958.903984125167,78.21093043109904,78.60442119718951,170.10636510180683,165.50592641486458,0.0
1584,11609.79718783097,-3023.720159871646,-3069.735206783326,-426.51170095093295,78.37750515181285,48.228621726191534,149.97729594411845,173.8015722665364,0.0
1585,7781.635414860116,-6878.669024091517,-1515.4434978416816,7532.309024985797,93.25781945974771,71.13619861800942,160.51842053765085,179.0412171786582,0.0
1586,8932.936968435166,-575.1836713081731,-3504.8840780981545,-1686.1736675037862,77.109625305043,80.23722628612396,164.86246832260701,158.84941467968912,0.0
1587,4046.54174863293,-496.77177623276634,1320.7901327224404,5309.3461649908895,70.42878888452739,94.21744864014828,173.65637217738686,165.86449965443853,0.0
1588,-8365.27239672238,8219.142483974254,6773.987881529106,4067.51243521314,71.5482331038778,114.57253287801224,192.02504312672028,158.87463290567388,0.0
1589,-7036.54434034285,9115.28044617406,12994.81877769819,8587.88374060744,87.82535123902919,103.5138711512413,175.15076761349795,158.73624959903864,0.0
1590,-4831.346513588834,-924.1480869332936,-1329.0376848003152,-1896.651417707924,79.5628806122618,97.80069314596037,179.68518179668752,162.27153674217672,0.0
1591,6273.369776057114,-4956.126815872882,327.9776881027336,6269.926756652927,74.27739937360029,105.16093825615309,173.19381981355363,156.0816838418081,0.0
1592,9133.713828722812,2241.0860397853066,765.393829769923,732.2292610061543,79.33954869345898,93.59710782430962,178.5468305134983,154.20966051773027,0.0
1593,-5050.025039602998,4319.206622490621,-5720.434218458053,13033.696569103116,84.4618798817202,49.58149060239681,146.66158222607234,192.6630718243844,0.0
1594,-2326.782361846188,3905.0246732825603,6974.105201794839,6198.913184657848,82.27989568551608,77.27629635347651,164.1253931605239,167.7305727462131,0.0
1595,6666.630592139197,6228.98490352356,3400.6983024433885,1054.6359570032657,65.2106236954431,83.42329917169852,164.5729467837034,166.2949125489168,0.0
1596,9267.255762817247,-5067.551534747531,2793.1664504158693,15463.190822369867,71.4198154588748,101.96864315179384,183.6481908742551,162.29028671436123,0.0
1597,-2843.711696893947,-1685.4098367664014,8456.948521316053,16653.131899964195,83.59427610971638,98.9434093159213,180.81503904883363,154.80026799905065,0.0
1598,2682.944349026092,4133.809654126386,11811.334236271547,8526.391733012584,77.06162986877662,82.67067709684409,171.1880982110233,153.02546081741733,0.0
1599,7842.487328880096,6454.403947986421,5036.811316336593,3717.373169662398,77.58910180842297,113.09036363260932,183.35984014426597,153.4377115819002,0.0
1600,-306.43798455953197,9291.0416270006,8304.029801060846,2363.059412576589,81.56764068722151,91.54507050314417,174.65626287949166,163.7242071644688,0.0
1601,-6323.69525567115,10112.04991513287,11660.293463955413,10863.830683806871,80.04135566000961,58.697590474733246,157.8054595847658,180.88331515509424,0.0
1602,-5020.776277202,5853.168080109375,11823.780441760737,2039.7716405545668,78.0387462792699,65.64361707317002,162.19304236277353,167.58058905472313,0.0
1603,8799.802820520541,1089.9677189887695,918.0268746638776,4345.718677996268,71.26996397095887,89.12007480174125,177.1532083176077,157.52081839864928,0.0
1604,528.7754378780219,-1083.8207660559065,416.71593973113465,5728.038693141542,83.98569949875379,86.07226408658039,165.7450699914077,168.5995327292692,0.0
1605,1364.9496275279223,9278.725234791387,6396.591019993501,-2601.34026375257,79.25592741428257,103.85727478990826,168.07885276027827,175.29007764617637,0.0
1606,3620.475590235639,-7030.521492055112,-1100.0945423879416,-4090.6236948699207,84.69086996741535,102.20433164935257,180.30671286322922,156.0345960662914,0.0
1607,-4575.392135783081,1964.8516496920956,92.56885092792855,-13264.838483588097,66.22738490024079,103.0583674182991,177.2975118104262,161.8535329533916,0.0
1608,4811.297936783106,2679.753053091265,8172.115141221482,14932.104255961593,79.05826146863066,79.97503914142625,160.18945762191814,170.50337624413356,0.0
1609,6681.436738879338,-6646.655524496616,-1218.6116207049947,819.5803332607384,76.52292100494114,91.80369579368784,178.47399359711318,165.53855006187197,0.0
1610,-1294.6721012131661,410.0317759618588,3989.671263866481,1903.4790676012633,76.30292856824673,103.50052617648258,181.40929462693612,163.78033395541817,0.0
1611,3777.2086301504414,6961.299566298634,3523.2253599227643,-1247.5805706725275,73.98018884254795,68.23510639112226,158.29110789003883,177.95543620055574,0.0
1612,-9268.729145075478,6116.515802625998,4766.481052132921,1817.994675333069,84.7208675494015,74.00190447663539,160.73053195096787,173.10602990810767,0.0
1613,-13720.914641843188,14668.130947389885,11289.996804884464,137.24643900071464,66.53196398575369,93.97538608183291,173.55631900479793,135.8624236151783,0.0
1614,-8256.065007047442,5258.98023356804,2555.057248393884,2938.182964745697,96.76694023741551,98.22525541826658,175.24056242635407,162.22374709832948,0.0
1615,-1716.4584578397287,5715.71565497291,4750.108631300441,-2415.4069704911058,74.92035930896903,101.68638304998574,171.294924893485,155.68165341180924,0.0
1616,1254.0663960299682,-1284.466148502324,2256.124097260126,4719.830328731099,76.23594208260619,104.21801489403445,173.44932768676458,164.5880200400837,0.0
1617,-548.1582808741767,10712.155135289759,8595.298092499215,1249.6786451128469,70.77719274466703,104.40149120233065,184.22554047979122,143.46832484423123,0.0
1618,-1395.577446146022,12307.876693531194,8902.44041113622,2963.1524961651367,95.47010076491517,105.80066039213455,177.25822001224813,155.15258435334653,0.0
1619,2337.611706708001,-1188.957015924538,-3580.8055366051153,8500.541673247759,75.32447025617671,79.59998850974787,169.42996540663935,155.02628581470628,0.0
1620,-1075.0335145993538,4930.853535933639,6087.804981322332,11070.730426469965,89.66598633321348,81.87103993982979,169.23649244181004,166.79277783688755,0.0
1621,1688.334928786375,-4434.753897343688,2657.0655056215974,12005.080636792634,75.1095785466043,89.8375660379442,157.47976030613307,161.39072270450455,0.0
1622,2445.1097318843235,3529.1044826677153,3914.265484747181,-899.6762027921776,80.83231100898368,89.18740104608808,162.80272862914916,158.22006544354517,0.0
1623,-6564.814963794419,4933.443933064707,-2038.4503671266602,3580.6601406370487,69.30992729904149,102.16078544879186,178.6041314931953,155.28351308829863,0.0
1624,-9253.723239554283,9122.367724055292,4529.019252797387,-595.6998238823528,72.6501257465677,108.08787537571996,189.04269986181467,160.4146860507275,0.0
1625,559.1717806355146,17066.979830618267,11238.2993673837,720.596126202242,71.06342175275621,94.00234025264989,171.71341168407392,160.39783402910246,0.0
1626,4129.737134954108,4684.389346004807,6062.953852465355,6742.958556239509,62.29783076936182,98.3333118583784,193.43197840364965,155.67156869023617,0.0
1627,660.7316790902433,10499.008334691463,6854.596628807961,-1572.8603410953776,77.99594128838346,106.0222120042688,190.67517045316401,150.998794566014,0.0
1628,3205.5344472249367,482.9363506677882,4524.475053855954,15067.935295749958,76.04961620461972,72.2228179168554,172.93378239649257,154.5246272510292,0.0
1629,-9822.037782338246,3606.370450566194,451.8810908196187,-3475.6466808772734,68.17915991047087,109.82696824245198,195.3937118327642,151.59381318165484,0.0
1630,8777.08068583876,-2234.900644419789,-1801.412919212764,3093.181016686884,79.73358272858805,88.05108612827046,162.5320061664736,182.3287044440039,0.0
1631,951.9431880516929,4877.432811116723,12956.377925026125,10241.373539678652,73.97438519066758,81.81253674509561,161.39896972724569,166.53084458655826,0.0
1632,-1660.5435383825647,2487.180679927738,-833.06292040719,6954.615909777035,74.68879330653279,79.82694960104313,169.76714189355215,175.28116452846993,0.0
1633,-3519.145329630254,5584.574412615662,959.3786280885563,11640.332953892315,76.5184329946626,89.36004279928343,186.8677874719845,156.87966232685474,0.0
1634,6854.968639986167,670.9461541926345,3051.257637874276,6395.974308508042,57.70505901801644,113.37121092098846,188.00075337456855,140.75928656754564,0.0
1635,7779.1037243630435,5573.730595892595,1178.2554294691554,-2408.1985472848805,74.23230432830707,106.1024657639596,178.3138314348367,153.401396716327,0.0
1636,-1503.5830574433223,1995.9501872781923,-1167.2594532437777,14901.646015823573,70.03136865529328,103.12003728861679,184.5581242031408,155.76294405390553,0.0
1637,-5845.974237887555,6725.0031267461045,4655.257148277568,9041.980457724012,70.72599746272815,76.73578325015656,174.39602714224165,168.26559795147048,0.0
1638,-4061.463584225594,8017.7677233387,12184.038875738548,4985.522534726504,88.88579341907317,76.17294419315196,160.19880923747886,170.22377363729439,0.0
1639,-857.719761121694,3157.1358576951206,765.7477252223455,7898.50414432156,74.99852583225655,83.95617624856277,162.94613107801703,158.5819016679677,0.0
1640,-2637.766832937892,-4536.240442140526,-10962.831847001042,1900.0900813049282,74.14519558477137,58.21706707301572,152.2530378923993,165.77097222792233,0.0
1641,-6189.109305970001,8687.183765496258,7046.2057644658535,8287.306247034423,78.1218833244266,79.96138292149148,162.15697611633436,172.13014235966867,0.0
1642,557.7499753757916,3342.613372280761,3840.9093619521936,2842.4881231398963,71.20374902435623,99.19737639609232,172.0195039910783,158.6533648021184,0.0
1643,-1996.7456385255687,2813.009756282526,1865.399092175699,2897.0479169960868,84.48087556611968,102.16702520656514,162.73677447562306,154.85701216406918,0.0
1644,-3953.7059961839395,4914.225643486202,12021.012084224329,2692.33001335673,74.20195476195792,106.24011570079061,194.97649201839556,146.60327379624076,0.0
1645,8092.42743525426,-5364.317350309534,-4865.567218066392,2458.0550554565425,83.11680250086648,92.61756911425002,172.63376487295707,175.76581791678802,0.0
1646,15673.561977253057,4012.8115778719975,4165.367434539969,-8070.472522163655,70.30618875832582,108.79304672641442,187.73395306776555,138.73096929815466,0.0
1647,-2795.6135907774183,8195.238406426108,9110.630196398772,6209.08350857115,90.86494851788747,62.177428114256074,160.77810432060818,178.10417081196314,0.0
1648,-11162.520276898224,6312.985823872474,419.2044955319645,3596.894532950502,72.83845619750659,103.82227847584524,168.46220366224253,161.33048194141938,0.0
1649,2573.3257352790297,504.60833988870934,-1370.476626774527,12881.635941404747,67.14554560829613,92.6552286635451,175.35404956522504,148.24365861267893,0.0
1650,5527.151533231964,18.30238869101919,2100.9198602670162,10358.815060143928,70.10084366443394,94.105353080733,180.51796366097477,170.14271296361989,0.0
1651,-1406.7184133108963,-800.7476829478591,-1390.1047383432945,482.88704301705997,79.18853402269556,45.10780717227007,150.01765473000884,187.9497562273503,0.0
1652,7897.311882933406,5294.191736440057,1165.8827622397685,-620.3196246525641,83.76204185134976,108.05310286725606,177.33365792740562,151.1139501823162,0.0
1653,-11601.769391187761,11966.725747310282,587.1707944003352,6955.695382732592,86.52039712436543,87.28695772601809,163.10674222772096,179.36158077455676,0.0
1654,-5990.545969280767,2099.4835415004263,5312.833019940061,-1830.0240430150407,88.75622972718769,89.4407298254646,168.66358352931798,170.09211870322758,0.0
1655,14.316839157567873,5673.006367983359,9308.302990101954,11853.266872883296,76.89858816148448,99.17620072139928,169.26192333401215,162.24417886694485,0.0
1656,1850.5969175325006,331.0979600407862,5846.547906263108,6451.018962889662,73.72352314884004,110.67857753271161,179.27095177574373,146.5378691565017,0.0
1657,3687.7764646303526,5452.9378538495985,3232.4805064785496,529.6586780161499,67.81048952235973,119.8611018121119,185.9649189467022,157.6555392324308,0.0
1658,-7257.416121123671,-435.65680540246586,-3466.880495608398,-7132.9000871067865,77.20679890947082,106.63584299271645,174.7244423628221,159.487893258349,0.0
1659,7320.930518605941,3691.0704091001644,180.47841090762563,-1150.4478137421645,82.9537765558645,70.47390069129469,157.49734661273055,165.4114680850623,0.0
1660,4431.565258550872,-4333.449561782878,-10665.54948079027,10274.849111209027,95.85938490948733,60.83983200695095,155.29922281455472,169.9601360527705,0.0
1661,-2537.523993493291,1646.1449653836241,7982.407123367913,12869.409971794046,75.47872586033712,97.24284060503223,182.02207136223015,167.64435013975609,0.0
1662,10173.958401336555,-3679.7327199674623,-3455.0000524635016,2039.2155304536814,82.72534002934704,107.22416852130235,175.10459024555288,171.1630907024732,0.0
1663,-3678.8332621631207,7188.672481751943,8398.308468064373,1849.229862770211,79.0786207200441,82.00329720317414,165.88534397032743,168.23154309366342,0.0
1664,-3586.8191982831095,8504.312625440207,-3017.673549668263,10083.401393974367,88.5454637941146,84.54454214984263,174.54157436141128,160.63308079770604,0.0
1665,-3123.9348896833444,9889.092313440184,5627.399773703035,-3176.687862202103,74.8372333247116,98.62569381655304,174.9365923097859,160.83991496134416,0.0
1666,8752.706110014446,6148.076809917603,4979.264449014697,5344.206677245877,73.871167778517,106.97637333882209,188.907466738984,158.7493700873249,0.0
1667,672.2132988862861,855.0112230250714,5653.357636623341,-1496.1458246469817,78.4448248493734,98.14216108494121,178.01096578751833,154.4110692901689,0.0
1668,2901.0640125467976,1737.3538633168785,-1860.8058534183078,-5581.507524674174,67.36967556866192,97.518001095282,170.42142926546052,170.36244473239952,0.0
1669,-2909.895546303923,3598.1753979395266,934.2459313071241,12454.891323338115,68.18028008977646,93.07730729252219,173.6217875378727,142.95158817816602,0.0
1670,-10694.639627196435,11391.210268468736,14414.57088460208,-3529.2286904255916,75.33411198569085,99.54301889973384,176.56479189846863,161.9699849149968,0.0
1671,-2564.6466495845666,5618.147549332358,12629.293096746758,-3966.436598391662,80.12827976804638,80.81919783501232,173.9077478643354,174.93298424132578,0.0
1672,-3423.035588231411,2829.3693391145816,5027.714204318886,1208.8140233628565,93.35978992173901,81.95053150846529,161.68534443804174,171.52286706845626,0.0
1673,-8678.70741311727,4894.764476910598,3548.50436125392,1788.6223594380206,69.88565502613739,119.46662815863873,193.51256423279918,157.46245109343536,0.0
1674,10485.802808030967,-2692.458297966872,-1759.4685985047627,4127.271296174938,75.78826370365627,92.85471321203524,167.4954062523277,150.44546303554364,0.0
1675,-12934.37677111188,11482.17874548276,2294.8447242495963,2056.9682051923937,82.84332082892688,104.4152854340077,175.16997985906653,159.66962346865014,0.0
1676,-4539.897270328942,1402.963690618964,5273.7111268057915,-9200.388353253302,84.92448867169148,98.60414487125936,182.11064032823614,155.37505047469924,0.0
1677,-2937.1065741420766,4972.113544060524,5754.309199808072,2910.5299855439393,86.61806871222845,98.15378931977781,167.96786993042886,175.9846510778622,0.0
1678,7381.720836297877,-5140.58543339577,-4008.4779672326436,9585.72845006629,77.6393990120061,121.03187513322558,186.77948043412937,162.8196187817527,0.0
1679,1869.4452420310713,16185.761937819998,3584.936578600317,-13963.938936873086,71.83812727699924,105.02647025505222,172.97574171017536,146.02584366349015,0.0
1680,9147.998190617818,-3887.8548443533396,3.865437987144116,8965.62846657911,86.97875593161727,79.64498646899374,159.90236266076064,167.99839161188822,0.0
1681,-1858.0537323247272,-5750.39048167539,-4643.794802532994,-8523.108389490995,75.90847143626259,77.21046042564376,162.605046923462,163.06062834320605,0.0
1682,-3723.8975812329854,5173.29249923843,8377.498204499845,2446.5516457287417,93.96966585416797,92.11778456924081,179.60736650432963,172.93185120786157,0.0
1683,-5463.117893455091,6697.627542939276,4460.770353254125,1191.4349292007507,81.83713624635575,81.2636162495162,168.36483858775702,174.01784724182681,0.0
1684,-4730.485678338942,537.1721419943593,-1380.4592850292017,472.51400568161597,74.6988834627305,100.59994089181606,167.0088376811632,152.3409473450707,0.0
1685,6484.304205082848,-1776.3415164721246,-3695.6762206795306,19136.515943747312,75.20237194919301,109.51121773248363,180.6156455241758,170.7056436694394,0.0
1686,-2504.0495928876744,4150.92566431181,-151.12929143544784,11191.175579247056,66.39692023412395,53.73883968392552,154.0612962563485,181.63734034984557,0.0
1687,1279.620800149478,9428.788988129552,2660.9107169882727,-6800.087735237423,84.60581961411509,96.87083846811704,179.2559000653996,163.04695119074452,0.0
1688,2549.950471275712,-922.3383760973846,2701.6610347184305,6589.159084491754,75.77035252288476,76.50342556776691,168.10472786528658,167.88988489593535,0.0
1689,-912.3636181422286,6937.021411298849,8535.569615224686,8894.191616432447,78.62110445327127,77.8608103922711,169.34710985154706,167.6344552921651,0.0
1690,-2728.2742561851037,6069.557222546479,8092.773879070457,6600.6743181286265,67.96723848161484,103.9760186204106,173.11264133668888,161.60535879164655,0.0
1691,11043.051657605192,2270.2845395126624,-5415.850574155593,-8765.492761065949,68.03712774051665,88.69574710956253,176.75968824626523,156.93194762014195,0.0
1692,1296.5953051713227,338.4108315184458,2294.910961277237,7110.238203483319,72.01070000317695,63.08876133665858,163.88308972668386,168.72785499219611,0.0
1693,1619.8352279088429,7077.25710380664,5377.1220258280655,4034.2360887732934,79.03044866508031,93.06710435690191,167.65083721469222,166.74098380411422,0.0
1694,11016.951792675887,1414.6292208836048,-1977.4955421019276,-1392.281481569039,70.84645741278356,94.2477443597821,173.02680414956012,164.69800372343704,0.0
1695,1131.6310442291142,5223.095228408824,4690.176280422327,5140.049323852672,79.03212047079846,107.46499311325675,183.6489424853633,170.23994139287035,0.0
1696,-2053.3703550203977,-5030.4688703651445,688.4852037089755,-1967.1859102715534,75.06558313631108,102.33590834689618,178.53174517674722,171.7556040253739,0.0
1697,-7635.283437426229,4694.020949229033,9255.891880683086,-4118.631870651549,79.620851747181,73.78451404703353,161.19401809382234,168.55757294533976,0.0
1698,-11154.230347261857,8525.116235548054,15143.153603951987,-4268.481734002591,88.88607034787671,78.70181152139205,171.98435501617914,152.27515030285508,0.0
1699,6917.703836436775,1218.8904359716282,-483.1210800993042,1621.545938435038,77.27599746763283,106.12878185557125,187.92786470250365,150.17235903548183,0.0
1700,3773.7196540963437,-324.70951329129826,-438.9559124560436,-2230.155141473946,68.33008491108178,83.0440354936207,167.70644322768783,166.4901668486228,0.0
1701,-2962.5447187044933,3903.4907455863004,3104.049894759389,3792.1308199950945,78.31122514172193,96.16822358945602,161.78524344825763,179.85617428417194,0.0
1702,2643.043646346369,7110.078794308856,5391.683680973178,-882.9599241050458,71.82228118952395,81.1950850029562,169.6494580926181,171.77375142676098,0.0
1703,-929.1829501968381,5905.120769087098,6184.101872707759,4387.490634127787,92.8003004855378,81.62033487654426,171.61889885111148,175.81096888005578,0.0
1704,11252.182326798711,-2029.562856174889,743.9111417929647,9059.097508099161,87.04588193834478,80.93134466975958,170.77844959873318,170.98223869329377,0.0
1705,-633.848989929108,7232.193266009867,9601.910515934469,12489.177442328175,83.49198647674044,83.9528537975259,171.24369742963276,162.1779986217155,0.0
1706,-9468.545107680875,12833.17497120422,4302.808272494867,9915.771527376428,73.08000049353456,76.3807427501153,165.5966873754754,155.24669302174206,0.0
1707,-9414.380871953499,10379.07499712412,7227.67515729138,7107.694556462979,88.7042201563573,111.2992316461744,184.76723226923153,161.64309348544057,0.0
1708,4906.581303605316,3447.0603757742133,2418.204134948428,-1315.0447981448362,82.03919059306868,104.05853099969772,183.23860103085457,156.37181065463471,0.0
1709,13710.771816224622,-2320.6447000813328,-3694.0825827821063,-481.67724354593355,73.5353552582701,76.4560041443632,166.91946861877318,159.95710163636122,0.0
1710,-1267.2940455613202,5293.023103825352,9967.91401625044,12588.159049122276,72.04468096213027,99.17611512874583,178.27797811265154,153.25987756626444,0.0
1711,-5481.071379298499,11487.109067889145,13168.109593043404,13917.886182871578,70.03892139700174,87.88921748376731,171.45574475926497,164.76113976327645,0.0
1712,1640.9627596249331,-2856.090377757529,-5096.952363287927,7415.199638758345,71.20195388673457,101.66149391535943,173.00040674912617,161.31550835045294,0.0
1713,5932.789905789762,-195.67782542126588,958.2232946806206,3385.4264352327755,79.03806759743391,77.28811992655491,172.79871620555298,164.98376637169474,0.0
1714,-1435.0191217876902,767.2228875175837,-4649.35594605421,8931.26843227736,67.12835233874742,79.96743101761217,163.09889256486372,169.0325193560215,0.0
1715,3851.8489233748314,-470.42694601680824,4871.3600101665215,11474.701019139724,75.02527832454439,99.0486277691194,169.65545562049408,167.1935276718788,0.0
1716,-5732.5996241726425,17849.942313891646,13296.917528232176,1682.3726282650098,82.1449753753365,90.2785695814274,167.7317062230302,168.70264187079275,0.0
1717,7539.347497713141,-962.9122122799542,-1534.4030746496178,14736.890739175868,72.90558201962865,81.78084397972694,177.21066896299095,159.71592599459706,0.0
1718,3489.579898514918,488.3473195573411,2878.7832448851022,6003.074902024162,80.71267337881629,78.33025661624025,163.7052140552967,175.3246351152591,0.0
1719,-9005.281314205347,8942.9433383341,8501.68748847546,-2425.1577662102463,82.90418242982116,129.27109396897993,191.08881821956095,154.54529314717,0.0
1720,-3912.448437034891,3610.2563121541043,4544.827760986377,2656.3529584974513,55.48224941759661,95.12159445028368,176.17549984497188,164.81594631872792,0.0
1721,7088.605635999632,4400.489031723066,1850.765091057545,2508.741594897986,77.4120453279753,88.37562704808666,168.53982063247156,168.60706618761623,0.0
1722,9975.969516392668,-367.93256950729034,-911.344550693474,1729.006009872993,79.48080877302102,88.21963876038093,165.4058573900683,180.94084660278534,0.0
1723,5790.023284607375,-140.43060635948956,4469.473816285627,10084.065939825818,86.83149839257891,80.05464964443208,169.138819068491,174.26718825700948,0.0
1724,-7515.9974174664985,2303.7895299066745,1308.47920147637,-1654.3803139555719,77.95663856674845,104.64188013264372,185.4650844630943,149.73988150182495,0.0
1725,-2608.724665338774,3542.403890378542,1756.845476867087,1580.473125090832,77.96390561975265,87.47346897821758,159.00223564370648,173.25767098754633,0.0
1726,-6362.950924421923,9542.451950703338,1600.4973329073223,14497.187861430502,77.89762074714889,101.7882429894753,173.89336523659915,157.74812963481648,0.0
1727,-357.7434517354034,7385.411074784472,5910.420289161105,4102.016011966893,68.28399575033174,90.51189394036132,164.32969122108963,168.9219564186086,0.0
1728,1229.4942120524977,-2317.2393453091627,1290.6878723849645,3940.0803695276254,72.6811382958079,96.48362682133263,183.99365035718222,168.8113632673233,0.0
1729,8783.266962211239,-1544.0438132227875,120.82787894733337,6844.501572174503,77.0262063185152,126.84018261340827,189.28183850281542,144.53231557226547,0.0
1730,2048.4859126347965,11177.760898063041,12224.065249887071,7790.988111374926,73.38266345098145,89.80556730734418,173.58871797195053,172.45610102721534,0.0
1731,-6876.625953990406,14543.71837973916,14841.089214104904,8470.913078937014,88.17231979039052,77.87262970777607,164.89828842169405,170.73399179243114,0.0
1732,-15068.932907286295,11164.927652911385,11408.564787138866,-5625.116529419978,77.15133963586528,96.43981722979565,171.9928202416333,164.78383108983738,0.0
1733,-4621.10760018432,3249.636739870101,9048.081544371877,9867.504656860021,76.53970030163326,62.260622359514585,159.00920859220318,179.64537558728054,0.0
1734,-2823.612467485883,4073.3851592843725,10291.656272480594,542.8652260523172,82.04675095891119,100.17898198764117,167.01576030801715,167.51928704607946,0.0
1735,4696.583882656457,3690.6906784362122,6242.68429011141,10727.781334723191,74.2094526302857,92.51208418039357,170.851413100801,156.5866482491435,0.0
1736,-3721.4856014650672,7999.241632671125,5125.369775620262,4360.259175205696,69.52952683711428,98.58920807142414,168.56492726231318,168.82965682965747,0.0
1737,3086.9293690660434,11655.235082721783,4226.985968871262,-7500.135508424238,74.29255994034698,104.79031614150033,179.60995651857485,160.12694771705156,0.0
1738,678.1944987860387,-357.63903598171964,3630.7394366648514,6708.267164964392,68.3432974233193,68.73761819950573,160.37227254499024,176.81023927135743,0.0
1739,12631.605370211397,-2989.5710054936617,-3757.0239535347832,1024.2574660798955,78.46938940451211,94.40206016497037,172.88294811291425,156.60495709375274,0.0
1740,4773.127540406054,1315.584630231485,3154.3001577734826,5685.773644744641,78.88974006543721,79.1266372189692,166.8040539657657,171.30322219747623,0.0
1741,966.6700567199684,6017.098315866411,5556.298657916634,2835.6963256328945,85.51914627831061,101.43297573209622,178.39899849865463,159.30120954666563,0.0
1742,17.106278101845174,5384.405141033504,4435.485960188507,-826.6801261204155,75.4385263214407,91.2540450605342,162.6911566467311,173.96582191962258,0.0
1743,708.8838354066831,-2136.0615462328724,4463.371071374238,1342.4414675437743,91.99266492359445,86.58937717746443,157.70788695348966,169.41338360756674,0.0
1744,-6282.951047005089,333.92615701908255,1989.553015549175,-629.6470102443865,81.05621784303851,98.40479810223864,180.8306673757964,152.7454790531124,0.0
1745,-6853.417935510885,5616.76072456555,4984.634645984614,2929.610891254898,85.60675277382869,91.00072269876696,172.82012556056802,158.47679061040682,0.0
1746,-10601.127917832753,8920.863827234327,12460.655819318597,4420.637985629512,83.20489949576833,109.79697695504824,187.62153555684748,162.87529690526802,0.0
1747,14050.664840378056,-3715.52856321405,-5759.074532896277,-4285.128470822423,76.76792893135539,129.46087698593584,198.6539221803417,143.5041911600792,0.0
1748,-8450.329415036818,7873.019844934154,7624.516816000772,7681.393437665993,67.34846357630627,76.77968022617272,167.6398110765947,175.84966390088462,0.0
1749,6344.880070009427,-6004.2801468891885,-14056.275771608414,12734.802107244583,83.08496326253052,71.89212129452724,153.96855484910594,180.890783130875,0.0
1750,8093.598595950102,-4158.748256924161,-4912.424185310211,844.5458586995587,87.29287326626412,111.78699935351915,181.08896934496005,160.010047156587,0.0
1751,1980.0000087301469,3979.8569323516094,4397.125686806591,4330.175975622706,82.2228346542043,70.0157228450824,145.0078112490983,163.01118420478852,0.0
1752,-8129.020930051835,9965.425287486038,4518.9457882783645,5637.90461889446,74.15663216670724,86.71450632947008,173.97305724830574,189.55213335881405,0.0
1753,-1430.797532153679,2758.1759013986443,642.4133899758777,7800.217716062278,69.73853853050704,82.72576873758514,166.98116269558471,161.7246869054999,0.0
1754,13971.922897332404,-3132.717571539017,-3571.5350210356323,4983.447033469977,75.16367999886498,115.67175377165242,193.16407501004613,164.238831405485,0.0
1755,4401.9418165686775,145.15379418731865,-966.3616075334,-964.6804979757087,87.70118240605488,96.89700835332903,162.42175092528967,165.6391437662987,0.0
1756,-4488.0215463018785,7145.8900592664795,11726.92044392517,4299.801805863551,79.99051667815651,48.52760404908172,143.68323526068474,189.1277533633518,0.0
1757,-2163.6143498818105,-5615.871919421473,-9538.155527194729,-1129.1910947633369,71.5000344191494,76.52361002552172,159.7489601259197,174.59010802158497,0.0
1758,-5057.784954937744,9019.02346472881,6361.389515769858,1322.1450781220567,88.10127646653808,109.2922166939228,177.63208386776512,160.05266829686448,0.0
1759,954.9802987211384,-1020.7778078296142,3777.1850080148165,10122.23557563741,84.57137433186286,77.51570829380692,162.9962024648062,174.9032806484162,0.0
1760,1714.6531223489699,-1355.2880445739102,1378.9523769875775,1152.6643671503423,75.31909946337504,70.69440137130879,171.68930796196713,157.71821274628124,0.0
1761,103.53147598880064,1408.5280629218576,3060.2815680469257,1531.0972148587418,80.1461354303499,57.966201746415024,158.20761492046074,180.22961482356095,0.0
1762,3148.4064933408536,-2350.01990147572,-4190.665333687829,13138.735295292867,91.45320567479799,69.99907517853808,162.90159011539683,175.98991648701335,0.0
1763,-4272.4599071193925,2647.6870158292018,4188.277718889701,697.627532457739,77.54519564317454,87.43820879721682,161.7212383424066,166.02434959137884,0.0
1764,-2914.659653826757,4246.111781492554,5976.053311044567,140.49671298901512,74.14873262037746,64.41510853151135,155.5797376632339,182.0020460145874,0.0
1765,-6047.330890249313,16773.610165569688,9407.329765039367,-9387.849085103577,96.13564907748943,88.9377569718744,162.84940069185424,182.40026529230482,0.0
1766,8148.9320369881925,5881.217967017566,3208.3116552377974,3488.6802588469577,77.31721280634964,82.83242509522817,166.36109711628023,164.84870078018196,0.0
1767,5578.416375457751,-4549.356900069995,-3114.156048444964,2890.2951808795665,76.13241063622674,107.68889418674519,177.74083833707124,153.4241269735589,0.0
1768,-3508.9706386579464,6122.423006082319,-5300.991137744033,10533.660811624239,65.68303853064887,106.34020783127977,175.75140095948677,156.23781319419498,0.0
1769,-8980.087934740652,8671.995237479216,3940.7249992503416,6860.746670344493,69.68094679037438,107.20069369169016,183.81955983105254,153.91578485431384,0.0
1770,-1516.9716743037784,6272.842885430714,9855.52638746168,10383.351416359523,82.51800320889998,75.38459474615595,164.79189907978102,166.8508322279909,0.0
1771,-7721.99806871666,9319.01136483215,16597.697756777252,-2424.039844468145,69.18512711112791,88.9475897667096,179.70823901932485,158.38185989371743,0.0
1772,-8996.77950937825,5292.398574671001,11377.03389281235,-8771.580061792087,78.69934637861626,87.16095110228497,174.73909821807837,173.20456122948895,0.0
1773,-823.8132712435862,843.9433710359951,-367.47169812736223,10320.150233427583,91.57560602109356,69.61226810627254,161.49707773789288,173.87631822228533,0.0
1774,4833.457141525248,-1019.1636920024761,3235.2282110882115,11532.757921785322,76.87837978558125,73.2500379909164,164.395598472011,170.3786646603584,0.0
1775,-10340.585740945953,6468.117451015754,-1425.6890102605673,3966.1798240655066,78.15949619463652,74.48287026292714,166.48906895775994,159.1203212062928,0.0
1776,13125.437039767305,177.09035181515586,507.4718932076059,6377.407712283654,78.83559860758005,114.20235180266917,184.6037685433898,161.03904916165573,0.0
1777,-3990.225556175696,5560.483286721294,5061.723976773467,5084.070200814061,89.1488895464195,82.168836681653,185.88004747566757,157.2027338594303,0.0
1778,-5247.94527794814,1019.779976797658,6565.460762747888,-1852.8753090768073,73.61055198216087,58.429279214639635,158.4512023586844,175.31433748420105,0.0
1779,3027.9426525868466,111.17581608994075,447.9496783915855,5437.542651302999,77.00005568588367,119.28185365209737,189.70749316439003,161.06091120622807,0.0
1780,1056.2950323518767,685.8883784951155,7333.659668238561,1585.904146611471,82.72931249348662,105.10189478445125,172.7854663752634,170.57970229459505,0.0
1781,13096.05083872658,-1878.1958807074832,-5296.753457701603,-2892.156899186659,78.50092507197257,97.63553642648148,176.51808563355218,147.10666982787674,0.0
1782,-980.9104458669049,8832.205247839309,13404.608803370376,10554.206503874686,95.8353733015744,82.75426224975327,155.07757972607016,189.79133177004027,0.0
1783,-9893.013786457945,7815.669404110102,378.26222246767617,3051.747198437081,91.41601439372201,54.59730114556387,147.97336205179258,181.65644683637947,0.0
1784,-4677.309445223246,1966.2340293733644,-2959.558918210272,6309.625718076729,96.49454828745696,75.75399050507542,168.14416285987633,168.25039644711282,0.0
1785,-6378.455337118442,11483.593017865629,7230.758170149335,-7088.508201329246,74.80723331982307,103.6392111769106,181.2668859732292,167.11216508961047,0.0
1786,-5653.348081638551,12430.51019698205,17346.4942417952,1323.4437703317278,69.73761339097722,91.38306889158909,171.10805392251552,169.325674505136,0.0
1787,12314.063850312052,-8164.970086664363,-3399.75949845457,5850.6360122523965,88.53514633894862,86.35772218272508,167.09601618745324,162.08743117077117,0.0
1788,1220.0220689304517,13943.749952172091,9493.836198699077,1548.3954944423317,63.992680777348646,99.00665446570983,179.16111663434884,146.464535316565,0.0
1789,-3082.7690428708647,6484.585271182425,1986.616729640234,3985.23934005372,85.06328537999937,87.32676839168302,158.9010582534542,172.85946052792414,0.0
1790,6889.8430434352495,-2151.5975838245017,922.721456182765,7746.453404754389,72.50730076859395,93.50425122302904,180.31581325263096,163.9690806621814,0.0
1791,-5373.444353890497,5958.327267590012,2130.2367332499434,7361.985887768604,79.30691220943338,72.11011185378747,163.4090494303161,160.81379183747342,0.0
1792,-5882.132105519169,6186.484091210148,15446.09329132424,-627.6311352123183,78.26593613807024,87.2784454148401,173.37247737978552,163.11603908181993,0.0
1793,-424.54954590279704,5284.87523996052,8697.942682139375,10537.905939256492,83.77344212702864,88.24530047410848,169.63380463721666,177.53100695495849,0.0
1794,-9414.833522994662,8824.697859126096,10985.071049236543,1064.9802795905425,70.68324879650886,99.11943264185741,174.42968097608434,166.90941456187505,0.0
1795,-521.6007519493448,-3100.083254002328,74.2162389002261,3083.075964883025,74.59082920048965,88.81111749695198,175.65847997310138,161.55813616868036,0.0
1796,9625.805576846264,148.7870250647263,231.13348870507755,3597.060819239349,74.47240561113193,66.91502957846038,156.8975948553574,176.44488126627772,0.0
1797,-6660.0619986101,11800.210850988644,8175.630218202912,8317.779470945465,87.27906656028104,95.18009910075358,182.2678205300516,159.26901497157195,0.0
1798,-1159.960787738569,-876.5009910145367,2073.4343461342746,3429.6238623910513,83.42427722692788,99.24924207433699,172.94567010428793,160.81794692297294,0.0
1799,-8134.674054102738,2051.9429197884015,-455.9808917295327,-2969.5907879662786,88.40535644898297,74.5407126531476,159.46799309159263,174.33156639691626,0.0
1800,-1364.6088473572902,12314.889221266516,-8665.627258747041,-6644.643839241164,73.86135631729032,85.19891013239624,157.1399819075132,163.26562452958728,0.0
1801,-3497.209287462715,9453.254314136831,10162.62344310119,7321.91036319349,81.01026687361554,81.94063869167692,174.44133070608171,162.79086604095255,0.0
1802,2891.016724793401,4490.85564049324,6433.784460125521,10162.273492800765,70.85609320521918,72.50912572552619,169.17733993054304,166.39357254876077,0.0
1803,-2241.4047180281987,935.9498476707518,12941.512931239435,-7505.442685145351,80.92664649033075,86.19747228849941,172.55075620606638,166.18434303346032,0.0
1804,-363.4253097147475,1187.0337643562366,3484.889762051389,3093.565365603749,79.32842082741018,74.12000565169134,160.31093454129933,187.85909844034106,0.0
1805,17094.31944643732,-5668.633890818556,-3058.901140780612,7474.19752712692,74.12664250474518,99.19079728647549,183.6567359414408,160.39231297888782,0.0
1806,3951.733484220851,3628.8172015097184,339.660062730013,-2773.3596835814124,70.31654729989397,81.79159300306426,159.44183350345227,189.47168166318679,0.0
1807,5907.499262599753,-546.8601685788124,-1534.896040950588,1777.9439202267179,82.43571382040805,63.018466361113084,156.80374425509376,177.35723756573836,0.0
1808,13985.06570077425,-5090.684257945634,-6530.593521308085,-830.284222264662,71.48519717828671,97.93720840343444,176.69494627584066,161.05312136709887,0.0
1809,8491.651306548669,-108.00752013957649,1518.4197497393961,7934.943400196424,82.12154516988986,105.65021570466573,168.68503119912577,152.89130886419642,0.0
1810,1346.6145469629685,4364.82771767574,3823.57906708896,-1430.1602989215473,77.59545210625022,111.32240898819302,171.37266703654765,168.2874527453394,0.0
1811,192.49612902661138,4819.88097694442,4589.19221949259,2373.2849500805974,79.40900868475768,102.62237633646322,171.43907632499065,165.8535669785425,0.0
1812,3308.590109923145,10251.058090097644,5886.126110555311,-2129.492604664516,81.63389368389866,61.31512892807373,169.22725978548513,155.47968598269264,0.0
1813,-158.29999743854904,3191.4914695713987,10194.835148485792,-128.1046004524593,85.59009691087661,85.18467428438629,170.27735322968698,166.60572672748648,0.0
1814,-5973.533437450488,6158.499689355021,7570.395164097752,1981.6574519045653,71.93894905003783,90.68326272751786,171.90909270158667,152.14760619129152,0.0
1815,3128.0479451403676,3067.4925900643775,2376.3502411258532,9216.732501119348,83.19298987649711,107.74343381322979,179.69792144708325,167.716119613424,0.0
1816,4105.525284911213,10871.197289724521,3524.94468043572,-5681.345228561004,74.50321286836231,82.26130194347631,163.95209780827983,166.8960318349432,0.0
1817,-802.1637785031439,749.0104035604026,2952.135313077541,2241.8775719719283,88.4914350537497,97.8110252841305,174.53704737738093,174.50235493355686,0.0
1818,13436.201006827969,-727.9456296841275,-3716.834143553672,-2024.7696151176578,89.2480185942801,87.19885095295439,165.3048376333937,168.14027020635768,0.0
1819,-2500.7824939684733,3784.4365900167995,1254.3749901520455,992.0558881996633,88.95956129962376,102.22211018904444,174.98863818359126,161.05389382791483,0.0
1820,8647.646780229372,1234.5702974841429,-631.2306948940596,455.12037208093716,72.11212713137648,104.67186992113864,180.0077196984167,155.5628389816488,0.0
1821,5267.100339310517,-5513.883415419063,2.946430750992768,4858.729072315316,74.3581406464133,69.25734689744071,155.24589007767383,175.92530261841495,0.0
1822,4115.525881671971,2070.471630649479,2599.077681710627,2562.593832443303,85.6183900929799,87.72705431421117,183.0327197485388,162.27333460031977,0.0
1823,-466.57873502080747,6430.591561482076,6466.174822098972,11467.378809063517,69.44083218836019,93.37413025922125,178.83429826311144,153.5062710989347,0.0
1824,6836.56115155757,11710.132392125939,9422.350171756088,5494.035491847572,76.91287621479721,78.37500199648694,172.18045174352602,173.62371316517698,0.0
1825,-1880.967444312614,3150.271996608765,9599.918070174132,-2362.6360218107734,80.65513848342374,58.7532752336716,148.94802653503575,189.00057519619943,0.0
1826,-1446.1005777105522,8808.346986186558,7939.304132570946,2437.5028406245647,69.32535048918305,79.08989726819311,165.06916572850622,169.69263000066857,0.0
1827,-953.1345428621792,239.8496786466313,3471.159444542353,-4928.432438573712,78.73836218711165,75.56102202361825,151.7789599257678,182.38700660702378,0.0
1828,9825.392801238471,-1334.0817856571082,-1051.7202938987773,3043.9172777759363,60.95663904419777,87.09520800938326,163.7708868094858,154.6254624110872,0.0
1829,1221.758966749983,-2909.0252447603534,-1428.2143178535782,1285.5078902972928,85.74404940671543,79.71902548411914,175.3402230054921,169.23300760233693,0.0
1830,8270.264502333142,-9950.807989034223,-4348.133667088316,6073.4322055235225,74.51983168003758,90.82051147117664,171.53090138348176,169.53447921045742,0.0
1831,4025.9568888303984,-1204.9376784894182,6067.562940970231,3731.272631381011,88.83443707693675,74.18218155331478,161.4022176496025,167.79259613257145,0.0
1832,19628.81234923218,-271.28109137587944,-2953.076799503309,3702.7817867757008,72.16973124052808,76.71339806030022,167.7762002217944,154.87472039062783,0.0
1833,10808.899867213988,-4300.725268631931,-331.49772841175064,9922.751941376026,79.10120885888475,88.51208253102862,175.84223082118487,163.4128351423677,0.0
1834,-5939.135736411186,5640.41345849162,7243.261206126283,339.47784258374946,88.2033328925941,112.28455051013637,191.76500728252222,166.4824040488508,0.0
1835,2762.319334738194,8419.89406513464,8480.671875209095,4793.278611507102,76.89127272248894,92.83923154022483,183.89042630549756,156.64843348087317,0.0
1836,-286.3909902486803,8857.069116834538,9979.992504448837,11404.376919207285,73.55255897521128,89.9033453554405,177.19985737468093,158.04086314720576,0.0
1837,3388.8165344963268,11272.660649277479,10179.487769634241,5337.245144157957,74.29912242889323,104.98843654864413,171.58309896689744,167.23397976065698,0.0
1838,5012.402613011489,-9682.113930453888,839.3854678425008,15585.761075603985,83.46740099303898,89.9320703780983,174.27011368799597,161.2751063496469,0.0
1839,6363.852059844914,-4353.842518990076,1040.1510815886822,11905.001829100367,74.92598922843507,74.03191010528272,160.43511479840978,181.671134652283,0.0
1840,-10127.743875451226,6091.096570838168,7051.60122507551,-3919.231345668839,75.60494167172482,116.07454336354317,190.38671706590384,156.47480224862392,0.0
1841,5780.813570838848,-2969.8732765961986,-2052.1761658747155,-795.263470940966,70.7357132420567,79.78203499791186,158.71497126181512,153.47507632014694,0.0
1842,-2328.8516299951343,2635.9138397156635,1262.5836844048383,2252.2151909213044,83.64884957643969,78.50517383185074,161.7820035753932,170.53095089970648,0.0
1843,-2703.7367386494357,7746.092820516664,4606.162425062385,-2455.9456978363073,82.60881169067908,72.05494008921278,168.40067759157446,192.48298426761684,0.0
1844,32.15659196213849,-1060.0733120676389,1952.4646373718922,4825.722163370186,68.13317188661317,65.46169794387363,153.4378343150955,161.89549327254127,0.0
1845,-1166.7954203700574,3337.262550167962,8927.16157227153,4924.823578684888,90.42887285407953,76.08166524122632,167.02128612178169,178.01937165164392,0.0
1846,10464.41994565938,-2906.6861248525797,-3389.507424952236,368.6390278143916,74.78442144153102,86.41382356807647,177.57554532372907,166.45045551771557,0.0
1847,163.57479970398538,18832.487012791666,8182.475123696934,-7319.638809446241,76.81080621954473,90.57709477246821,165.7242862219672,167.21275676098492,0.0
1848,713.0908971981182,620.866017251692,4070.7293830858207,10705.226451440953,80.78655021832847,88.20680186103608,176.4265846337503,170.2793412236964,0.0
1849,5765.239140432702,7875.649097890802,2751.487469491383,-2054.0524194596624,79.31018966786478,76.4696811452365,172.7304756204547,174.33150242106333,0.0
1850,-13208.497986170434,10037.228027576832,8874.89000798332,31.24097146321292,77.58726853670386,107.69343881933044,176.44127201949425,153.14991880903588,0.0
1851,2542.273809422424,2090.1728551042183,4348.254738226457,6721.2010809510275,75.98160050152634,101.9043742070172,181.65644453285458,159.36038777502506,0.0
1852,14507.594320871214,-2116.74728604613,-3585.412689457695,-723.4740976907985,87.33806150827459,38.615576656757526,142.4778667777895,181.0742228381053,0.0
1853,-1425.1705362809096,-714.6744451459753,5351.8182281608915,11557.535282844934,82.1744713118881,76.41971792362939,160.47490279314306,175.92404263956885,0.0
1854,-6358.888322969954,7140.279886183654,4460.141391016056,8257.293462662574,78.73358442110204,62.62404486928234,148.83126244560586,179.82588256253752,0.0
1855,-3268.414428711792,3598.1955553895273,7937.536724684771,10530.59485027245,83.73447898211543,90.4775320637795,168.28728813923524,161.49352118436207,0.0
1856,3805.3420695350487,794.1416684816716,4336.2207350417775,9856.38871942779,95.22429082511438,59.115773232324756,158.03407017641572,173.825339536104,0.0
1857,3409.756137526953,1131.4030765956882,5917.413975907155,11706.873521200117,83.49979987001488,81.15659882270496,171.17814648176127,181.0399796773381,0.0
1858,3355.814797890238,5971.965940924162,4564.716788515236,1418.6336164320664,69.83792553116348,91.36442079530627,177.77585300148016,149.26990634047013,0.0
1859,-3961.4823234537334,4384.305217535202,4411.7987529920765,-233.55005360386284,73.12068381082648,92.30891580946654,175.65352824718838,170.90548726354933,0.0
1860,-3800.351544723454,7386.587963206228,5737.049954712101,8412.188222342182,82.30358507314695,81.43804915110051,175.85995642335862,167.5409769198238,0.0
1861,-4490.08891303424,5231.416712422929,5027.61015602817,6473.813541573653,80.39139751110216,65.27034825325953,158.88071112436842,171.71423490996654,0.0
1862,2223.055564134511,-2850.5019288889994,-8796.449094007545,12936.807080232024,68.23346721903499,84.28014805484662,156.54574763009754,177.75955831089544,0.0
1863,-6297.184220177238,5893.218886852472,-943.810563974004,4405.35821027882,72.40419103859193,82.43179508770974,163.5354354554537,169.45890215938886,0.0
1864,-11832.239628397088,5371.67389943678,-540.6692834133469,1686.655564668232,73.00099839421324,80.03121961972725,163.65790511324477,173.68801382865283,0.0
1865,-5626.3370797941925,4076.739645174081,9093.088632657673,-2635.6522537761316,69.3763248806003,95.67748171515241,184.97750385219433,156.71140630757588,0.0
1866,-7460.977439449867,6008.806336033789,1876.2701306556812,1976.4936081288704,77.44394985320939,113.29103209270914,184.01911178444587,153.2998018732463,0.0
1867,5408.752434428614,3915.491835899082,6664.526857910323,12653.937878301113,75.0711848505449,61.00545370644292,153.3192340251602,189.6671688640744,0.0
1868,-1651.6894828283423,134.7040865979525,-2208.022152546056,4009.963462512416,85.27917997202225,89.0662782761079,181.463135316278,168.8105724159868,0.0
1869,9814.565567611373,1519.568062282307,-2986.964579643422,-3155.4891302879882,80.73906448631749,94.1980182524535,168.36783485123175,167.46754397327598,0.0
1870,-625.1208233587611,3201.9357423744227,9135.635942848863,13416.927306351365,74.66473814657111,84.91712487291392,162.64409573636038,164.80135912697642,0.0
1871,-3350.888740934367,5370.3168601681955,5849.714301590031,9172.21466946774,80.37245416767126,103.79899056855763,182.68564239622245,151.62616887883587,0.0
1872,-14711.920886345351,5583.720037993472,4089.6804056532396,-5844.29531818602,92.94021192499495,83.20169571704751,161.56442538630463,166.6539248113069,0.0
1873,11229.059826073919,5300.470736689297,2756.0703507640146,1871.1762395265905,70.1645280195801,100.0226892108268,177.11085875237723,158.32658055454363,0.0
1874,827.9644134470545,5535.3349839852235,6039.069267394548,13756.982402421901,73.20284899129247,85.36700191274477,162.1187740863642,169.4040487927107,0.0
1875,-3067.115737106012,3230.9286642517145,1731.8644036711719,11750.118243380042,73.67527860385658,100.33709596084736,179.3239127633393,157.96280276586032,0.0
1876,-6826.946433353296,3442.894651468757,-1115.793163737034,1683.2303181019283,65.59761150213585,92.69297563425941,175.1728495873371,148.442958645619,0.0
1877,5417.025135248543,879.2335883404245,2138.0863973264327,5297.386843043606,79.61286660647563,77.28697181230109,166.13305655228953,177.017638232078,0.0
1878,1537.1152121489895,-3653.9682383620875,-2136.5096257596606,1132.0931284087953,80.89810442305212,64.7310559613134,145.0164006628978,169.9973160292695,0.0
1879,-6703.653773118032,3365.606765265844,-728.739626757481,3806.5008129217017,72.91062141140898,92.78998166369587,171.32099594015386,151.37042798525638,0.0
1880,11539.759029724859,-9793.722150646818,-3567.4970099249454,12719.864972372454,78.87191402428527,103.1497002390745,185.0102320950609,143.32486233124774,0.0
1881,-1377.044290731024,2598.5914269428104,929.0488988028969,5344.459906789963,72.91620776773348,88.13202151017973,165.24485120347117,170.02378438777123,0.0
1882,-5790.403305731976,5911.280590137051,602.429442949735,9478.3309091967,90.80406364779866,85.29299542213128,165.8885236581228,173.3114507856545,0.0
1883,-728.6989890786151,-931.4109339438752,4480.794011582098,-687.0016257885632,88.59628911845225,36.29583787031243,138.79698645830948,182.3270900213497,0.0
1884,11224.19487687721,-5756.650894590941,-1567.828589339276,10405.48554307355,80.5480840863742,58.72199029668816,145.4454655725883,172.62474287762558,0.0
1885,318.3810169851129,-1390.4281461227606,-1261.73835723984,5871.238195862534,87.80262205171942,76.00557375315867,165.15438170686917,171.66342562879674,0.0
1886,4700.540202037582,-948.7991795241703,-2968.9263660450233,3590.3907253582634,88.96468709854578,88.7407969198257,179.92435884184118,173.20328682333087,0.0
1887,-2084.5158018181583,3048.0680493555897,4279.018520924344,3730.8187465256956,93.82086674290463,92.06815416439449,166.85955790645545,176.61951097452908,0.0
1888,-153.12963777224908,5488.934916558779,7252.424339743735,13041.277758465962,81.59228354110698,59.627497925539394,147.818832706501,183.3362877184723,0.0
1889,-1914.5386926657086,6022.402524948124,10107.934711275457,3063.4588752103646,73.4188444090214,100.59591314785978,179.69992405471748,169.2915554342777,0.0
1890,-7459.173335335627,-992.8259662046561,-5890.3199298957425,4293.724108520641,81.86239682738521,103.08494151846776,179.67714379128626,162.43038203432428,0.0
1891,3141.985607275989,9655.020711324245,7366.018118507741,1387.8532680984347,83.4797528726954,87.76380624325759,165.60313137355482,172.49979021436894,0.0
1892,-9059.406379309077,6289.319428819193,5825.549551160266,-1147.27143945519,69.29434483872541,88.4413247443333,171.1101709099636,159.7713789522932,0.0
1893,-6937.1841461952945,5721.853784220848,-1657.6560637954124,8204.168218314902,77.7715500132712,90.46082838697745,168.98937091803276,153.53888697236067,0.0
1894,-5459.603697701896,6051.102756293649,2079.5049078338657,1247.965720567922,76.81037855696941,66.38827812270242,161.44308341692664,177.65423100747785,0.0
1895,-518.632078425083,325.82658904254026,-3954.427762150516,8186.377099134638,84.04469030077229,103.40338782291381,174.85970806178807,164.42145164284142,0.0
1896,1394.6083170519935,1246.1738556914984,7118.273989944106,14012.86640909721,85.994221880939,60.487722678800324,141.41896685570472,190.35932330610473,0.0
1897,4061.92955536397,2139.936552824438,960.0458286442861,1956.098926717022,77.04951100493271,86.88493344593788,163.38823862171083,174.87749385406343,0.0
1898,6191.763192040143,4375.279561372931,4750.042777339421,7010.600336725873,72.60802532106173,91.04709846640881,172.60607003517828,167.9575382104804,0.0
1899,-9906.194716508919,10910.426255652828,13930.227924931361,-2079.1502619712774,76.88320688600875,107.8267458300323,181.021486587781,152.8874467487053,0.0
1900,-3967.8644685745503,3656.718320955277,-1723.9562520490447,1033.114651110004,80.86248323070272,58.329952135059614,155.54712078697585,174.82178666880694,0.0
1901,310.28350070118324,1176.3532084218932,-153.53402993310715,-3969.7012887871074,73.60433889136947,116.22973854631711,180.61694922286762,144.4573525161224,0.0
1902,811.5982327417232,-4393.561732896501,-5588.379747043041,-1888.3212523828256,70.14221397720183,78.09129880233337,161.49814703601638,167.5266550067574,0.0
1903,1757.0633563320737,-1938.0294050361751,-2095.262121895092,8951.205807923836,84.98485127125409,80.71434887474169,160.70631718258096,170.8883266304675,0.0
1904,11735.81297341992,-3190.9472783965575,-5179.1322147130195,22.66689049793058,82.98415468367924,99.22890123774161,176.673519436518,164.05682263087093,0.0
1905,-4719.469178420106,2595.8916399391824,-732.5700013804206,-21751.209148386984,80.22882391767855,65.12349788990505,171.06397083044266,178.52698179243552,0.0
1906,-3557.640093363765,13656.10965771514,13067.817732595939,7094.174758973482,77.57539884552641,78.62592791913532,162.5264124287398,171.21358536445825,0.0
1907,73.17390112578038,5831.543562669209,7993.320664155924,1595.5330672685618,83.50241559793278,84.75427553891274,172.710501879128,154.10099124677717,0.0
1908,9164.138397049328,-2481.443811540231,-1890.1493357348475,1947.9544137578198,79.14878003481462,88.21448150269492,169.24461316494515,173.6506109770383,0.0
1909,-7259.953090205133,8985.836138454793,15257.777282949863,1650.8452771164825,72.52154746208697,111.0407185999808,188.55114395202833,153.23381088082047,0.0
1910,3782.6662165386824,7759.317832943479,6347.3225014012105,7894.830957664166,78.23674163573783,81.35972263252641,159.24334175084684,151.33113693468306,0.0
1911,-5856.142367693021,4886.653401062531,3112.835247811812,3293.5938145408572,88.39934077071321,70.48378993204162,165.21143052477657,177.09846975269826,0.0
1912,-5120.98405545969,4264.455278090182,-490.2788024576013,3465.8497130659357,80.97643200737663,86.39391414073795,166.25146776875766,164.61012883310252,0.0
1913,-4950.636575945657,20092.085541196826,11447.703493070509,-4882.989892647645,77.97433421656781,104.8629064141169,173.65907374093663,152.2867182992367,0.0
1914,-1992.1039501366163,8062.323004807663,10711.34929133157,8831.961852854953,75.51497730003247,99.68181505031146,162.52683568501206,162.20696082519788,0.0
1915,-7897.784394539845,8018.195869985654,11535.703520873196,427.8734849849308,71.95174538324055,77.84925980278175,166.034902782495,179.25572704269635,0.0
1916,-7029.504676892994,8758.264270101288,5545.516384033624,7383.689821165593,80.99633299772754,95.1392153575654,179.3025794584287,147.44000339606205,0.0
1917,578.1889286280033,1455.0655956991463,-4093.201456200202,6227.9907134491,87.94737056380124,76.54562699027389,163.62220537457094,173.5980808615333,0.0
1918,7466.6130460347,7241.672616238702,2120.4341909075383,-3912.1720881400583,81.2828271207507,103.82310354489314,181.7726250935175,165.0557204348569,0.0
1919,3698.1880158634153,5178.657609656997,4221.3880319831305,1509.0145695426513,66.8126479209153,95.13677293882388,183.6099465234029,168.1690142194553,0.0
1920,-5394.59032251201,166.0576480103253,-2086.476873372207,6087.005217798702,78.10967641079897,112.49785052686173,182.44142463397094,156.30666025276975,0.0
1921,1643.8758522650414,2718.678517105589,6673.068379277311,6707.737380840878,64.15420294391413,87.82150355869713,168.08687304149345,174.00958577027646,0.0
1922,-4647.827613872755,2137.727012658813,3716.898537483298,-861.040502913212,93.2808771859735,82.0831681878634,174.4900752481457,165.9105114867782,0.0
1923,-2424.408275822293,528.7689061170555,352.80228168680105,9686.935327805142,86.00177299466408,74.56998443783624,170.61646288882716,171.80706400802273,0.0
1924,-8659.257485333761,11577.914164538903,11612.208783846865,4746.437662213015,72.14281284959368,113.10608147424014,171.40146987017343,162.76793561898862,0.0
1925,6638.242194742873,2385.213381904336,465.67610474493557,-478.8096069670726,89.04564037265109,82.45478427391443,179.78637069521784,152.84742903202925,0.0
1926,2304.3827986769875,-723.5801256102623,2267.458192855033,412.95652895102467,77.43399616156084,88.45292970838668,171.73829885067443,175.77172118096559,0.0
1927,13962.998576557715,-4891.855019964448,-3972.647030163349,414.7724570960665,73.13168606773871,110.8709088202554,185.8181305797096,155.16084462979947,0.0
1928,-1461.2010822793136,3842.7725080973178,7036.46931381178,10725.265705315056,69.13708336555905,114.23187029168278,181.42720359262447,167.6834212480237,0.0
1929,-9823.630078284703,9082.873586426207,5745.639448912614,1242.2210725829914,77.78745977913526,71.50106851500682,153.871160535123,185.61487560330232,0.0
1930,368.12361139272065,-1822.1590024264328,2342.9690363424043,1829.8646697176794,80.55228503769398,108.46037470291098,184.60312190302974,165.06972186828463,0.0
1931,4083.011218388366,-3158.6571880670317,-2269.8409737495945,12676.981460389745,83.50380634647347,89.1040286411815,175.02184516375416,174.42495110069254,0.0
1932,-1033.2974755525822,-5262.827923365812,1150.5572750868614,-3065.2418329996826,80.15149865237089,96.620808200911,172.0811911943575,175.0651972104413,0.0
1933,-3374.224492615925,-863.9255649532287,956.807806557737,-926.9539205026125,73.96145924390584,100.57741895477638,182.99883762381293,158.16681434571987,0.0
1934,-896.8099413021533,1695.4314812038726,-2700.398097001957,11677.504244395106,79.30516753314959,67.24947171473924,162.9579439994315,164.82906130024566,0.0
1935,7689.6632466997335,-1865.4835590459072,853.8154418483659,10413.213915316446,74.19092566132116,88.75252458548401,173.33085311552023,163.57986564505563,0.0
1936,-9015.990918699543,7914.375581766992,11867.207977673605,-7947.277441013107,84.02002838070291,65.61551042276638,159.89584236409522,176.0673564117255,0.0
1937,-1873.5545191962726,5734.073211523512,2758.3937648599235,12193.039500442488,74.58362689383361,111.9912855863559,184.3183667895717,148.6861261738019,0.0
1938,7561.631725446441,625.8438357879968,3454.423740106222,7840.355315345479,73.35634619096565,104.26019768022336,181.5060730760176,157.90995043050313,0.0
1939,-2884.8892882775585,5960.45811859592,8835.19066281474,3665.710842528553,81.31338744049792,95.69180422572242,167.86684839901307,162.28924406063106,0.0
1940,-3101.7753152380274,7588.879871730079,6705.384154816865,1515.112148224583,71.47573241612399,94.61866911759684,176.7704563209855,163.19270765528452,0.0
1941,159.71880878880995,14734.126838611648,11607.746560360298,3698.7816806608707,87.0976315484477,84.74069039982577,168.21116973874868,155.54065141621334,0.0
1942,409.1598453201226,14508.91770431534,5322.919020035995,-6882.316049688238,73.35525808239169,101.87022931973922,181.24489721157147,159.70013669739748,0.0
1943,6042.783040869964,739.6747874546783,1561.5125006304402,3986.5825848001755,87.82346560733636,118.18719435550601,180.26314436437025,162.61365003403776,0.0
1944,-4287.959126522869,1187.1288771920417,2004.6358582264183,2123.36599745603,71.42339241407413,54.07237091456551,145.52374320160885,195.56618092334145,0.0
1945,-881.5349334909315,1618.337868215968,8341.570435435437,14170.131161888605,94.40498960499163,98.88445484491207,168.91550030434408,164.35914942909966,0.0
1946,5810.636612200464,2222.9105180234674,2178.9755624758272,3733.3574612696516,81.90754127082619,85.94886734598373,169.96587506585408,173.66747359931568,0.0
1947,-4234.111226982762,7067.730647291939,10592.426278230363,9537.58779536741,70.64745409520295,85.60218084399074,163.45070341000906,160.91921308368518,0.0
1948,44.616578361799775,1793.9070808520617,5970.840522143396,11025.606769260507,76.61812747577419,97.4393650829943,174.3766387628169,143.6711522775408,0.0
1949,7852.608962634709,-703.3451625783802,6730.756230096109,14441.996767360184,67.08917267847556,78.88471002460925,177.13444771508708,155.8873304244205,0.0
1950,-750.2446934356964,4355.772727921476,3057.5305590984617,6745.839975968466,78.60489313287667,102.67411211329616,185.4791909410435,153.44530291775683,0.0
1951,-571.4209924863059,6790.841632501325,7232.826232119537,10088.652188654716,83.61480034049583,63.63104226818593,164.16557103046597,180.2708981703263,0.0
1952,1781.615243654446,1349.9160177247265,1735.149383247995,8055.910667949497,66.9085728351792,83.548568286247,169.8291070325128,159.7844643135359,0.0
1953,-1906.3627444809242,4.304436363477215,8877.479908025269,-140.32321645420654,84.25436269372848,72.79678256601615,164.60869580774522,172.47608535162996,0.0
1954,-4630.665387968028,-1378.2564185729718,7249.52350677196,12549.054604067616,77.57149699453579,77.44591127958812,163.74201802840363,171.09802014886466,0.0
1955,-3945.020416239626,1029.3117883146201,2540.384195770491,2383.4849688633294,82.6003307160291,103.42283924466554,189.44943046254213,155.75838141504042,0.0
1956,10186.553731985021,-3619.898028575935,-4092.1852032506154,1251.0453070611381,68.25277334454287,89.99990819450585,171.5406716294227,171.53059444067833,0.0
1957,-3198.3566214964826,5859.637972369253,-3156.9851581918942,-11139.132039092865,75.3194919001341,95.15755746675889,178.29692777776077,158.0350701844313,0.0
1958,12776.420141578832,-5655.488595768665,-2303.9615433295908,6492.870110297522,86.50022556346487,100.29126352233462,174.68519797721095,167.80836883855753,0.0
1959,-12231.372959953022,11807.086826661869,8731.001343452384,3067.5780082905544,67.48858700852992,94.39617454428692,162.8587091864631,162.37479287323424,0.0
1960,3355.84754060824,-2144.346912153924,3122.460635088221,10965.40131875409,69.14542148383603,98.56925913790995,185.15318037309697,152.9674611911605,0.0
1961,-5901.841495282581,6236.992265414735,4349.658459802648,5612.416565892826,78.0573204194555,81.2681608282546,164.31743550543678,172.05911041397064,0.0
1962,11420.054423177273,-5605.23208997652,-6006.086377464511,-4499.316936998749,85.37296900535112,63.105689707101455,165.654422117767,168.75910988687812,0.0
1963,-10642.42348553826,10108.045352832454,10212.166749621487,-2614.444644613728,99.42002207385238,83.54809663182955,166.89688183159535,175.76603311364912,0.0
1964,-3318.3786235949046,4621.496590929396,6982.1137151243365,8092.942925781919,86.708512563444,85.92024298015507,170.86295487395427,159.2340137892012,0.0
1965,-10157.773218914295,7943.216053581761,1939.698726395993,-694.1049945364122,73.79807154901162,55.369885246634446,154.61634563394122,169.13129710533093,0.0
1966,6525.309607701006,2406.9956593622032,3077.3652139217593,7370.706897442987,77.31235899384463,90.3351009361099,182.93986293931235,164.71114289390246,0.0
1967,3224.5294178783133,7978.316965241548,6984.7569244241895,2752.0469010835786,79.40208916099202,77.73825393152126,162.998239222017,163.06646493103176,0.0
1968,-4765.742608186965,2180.287723141035,3588.8881438794347,-3546.8142620163285,83.77822363563983,94.15682709248591,177.74020032948005,164.3524276124013,0.0
1969,-4459.906477318074,2542.9245987160025,4737.344160861658,5825.871727178472,75.9320805174617,95.97633365603026,166.08545335865904,153.52783295054527,0.0
1970,-4542.513678319847,2450.8427391619616,-88.13161540267566,1797.2645573772782,75.19407827115306,83.96157946464139,164.3329216808922,170.79357751423342,0.0
1971,8199.192840386811,674.2566390549572,-87.16579324088202,2158.811508578408,71.65521506605391,75.50525002359105,157.438482548721,161.6261544703086,0.0
1972,11263.679723162855,-2362.6336562852966,-5245.895845906578,-4946.548944011949,81.26360968791647,71.54642394875606,162.44964524745447,179.98866226460092,0.0
1973,11424.483180050516,-6227.931470272885,-2170.9445522832234,6423.1371388419375,73.14088062589809,100.62307145935303,184.66676793691826,143.58350777671112,0.0
1974,-5396.285831174463,7559.726459653621,15408.634516051983,1774.735432321165,80.71397028060302,98.54767569948181,177.3849415637189,160.74971492958514,0.0
1975,-653.010870334993,-1491.1337049163112,4346.752570158841,8633.467266576452,82.1278557866277,90.26720426600876,163.85071157879395,166.08072570492914,0.0
1976,4817.591184111095,2247.1652274375188,4843.8195626794495,11994.540660891997,85.82133085219911,99.57690138360837,180.8721424979615,154.01239494585116,0.0
1977,9916.203872350841,-9456.424246072675,1112.0168617712523,20182.53799968353,64.41899595895426,74.9309854780032,167.41245232464385,167.11810640414444,0.0
1978,5671.371724872605,-2570.2066682803834,281.81748548455323,4055.2622697177485,78.7236143549823,90.30408831757592,180.7152532063208,153.00423743857465,0.0
1979,4648.532438192458,8892.619475632333,7362.813756434814,4569.524534796245,69.3628161386281,94.76136175976868,179.03533173643928,156.6395109277823,0.0
1980,11441.063913443297,-1277.0568947558058,-2442.979883595046,874.7580465641369,86.72329587419885,50.77365555115863,143.2780763714088,192.02516431069813,0.0
1981,4505.665211766885,8102.086373553787,5729.667387811906,7968.6596303608,86.47304510564096,55.62103718382804,154.06415203559402,171.68520944162304,0.0
1982,-2458.8884137884716,4368.7093574720875,6681.734699014745,5172.400142825806,73.95792996026529,102.15883553148682,187.11530965133426,153.04833452960025,0.0
1983,2978.053061319302,7949.005216036825,2299.088220280302,-3157.9738501403285,68.92755126485572,82.73376664509293,170.02860039795667,161.7495937933415,0.0
1984,2724.3133511192805,-476.8478416609079,6829.40227670218,-3123.940027515662,85.10574966407347,68.9469354560413,158.6856952620664,173.87940923967972,0.0
1985,10983.94921858882,-300.63123893074993,-622.4584007778185,4192.909289829972,75.80130370692149,67.14476777094372,158.97016229318584,173.85287904653754,0.0
1986,-2659.8407495129,987.3664626887027,-2259.3297289678726,7739.450477792525,80.85807844032792,107.98620189777381,174.36339558447344,155.8076703446296,0.0
1987,-4715.761802156479,10263.482675241321,9631.404452603256,6525.021422447373,76.28037509485604,74.9770237718024,160.4468999482869,158.36305005691483,0.0
1988,-11947.53326156406,14511.03155669137,3808.4028373306082,22031.928084250612,74.71932871344275,47.94822096847086,166.30906248446448,165.12245678690184,0.0
1989,7275.13224798345,6176.677031062069,4400.026776350307,3243.9327983801813,89.2498153578162,52.649534554436556,154.5975385113683,178.74606050471675,0.0
1990,114.88112248319382,11211.174784499193,8523.378422904701,-230.42149071684602,80.95648139988954,92.50013115360866,158.93288093157278,177.31464489148755,0.0
1991,6518.28222213806,-3537.1272326753246,2354.279091057873,10895.181487160466,75.56894567676615,85.29674126520315,164.97959896615788,163.6574897301393,0.0
1992,-1709.261954006432,-1014.5585164370483,-8561.066777764836,1448.8883901315517,83.72157407443318,64.48552861734396,167.47075972332317,181.83015094152918,0.0
1993,9039.711704084873,-835.6394943411138,-340.20721750436377,5415.115213139409,75.57934819749241,104.2970942456247,173.92906521358654,162.80985074936206,0.0
1994,3801.006068115529,1270.1966311468866,1663.4929733008805,3280.520112467456,78.39158084530884,80.62319888447044,174.88943464803162,153.87311262747997,0.0
1995,4655.213610357796,-1298.6176813293073,-1372.315492679648,1194.8027635418498,81.66473453121388,85.80600119925278,167.9329055457454,161.88146052533588,0.0
1996,12551.741133096533,-14181.27017703723,-6553.132828794992,6466.2055721554625,80.81175508802417,89.58693205899638,178.1142211012285,155.0376888165069,0.0
1997,4798.725812011274,-7141.555969201182,-6157.2392954843135,3582.992243337462,77.11252692891566,91.51016257772179,182.5987912568914,160.54984692795665,0.0
1998,3196.702096935074,5594.127910590153,6307.639577720773,4672.070159700559,74.9350037318982,102.96800511378855,189.35644272318967,155.44694785417704,0.0
1999,845.9062015920016,3498.2850057646415,8539.525236723972,7554.022878301638,76.57892125275353,90.62305081512496,170.28764436653688,151.40714902115826,0.0
2000,-1510.8511063884434,2765.5064461126785,-4683.291544520454,11955.987334176907,64.13182519850831,114.44334543384784,189.03261645126955,150.2205719103038,0.0
2001,2725.6818128301784,2597.3013101151687,4429.148169339382,15931.13070540131,77.07318488884111,108.387793970336,179.70007108983944,161.42167314079416,0.0
2002,7731.337735845729,-4613.80074223279,-631.2878320583875,8027.760817629327,65.33825648969048,92.39366194540276,167.53089460436436,160.9866276554497,0.0
2003,-2807.23090789036,6138.1131633603245,3080.484714324861,10294.048711227037,73.79103562874049,81.47412468518593,160.25800436069488,177.48686171448375,0.0
2004,12309.26183019755,-3530.16353779797,78.66096143899526,9937.667475858292,89.75874491621502,81.57360755913314,165.54676360901033,175.59175734997427,0.0
2005,3211.3044700541627,4210.275540308056,2085.7735781764727,2340.2499148862735,94.72541103965895,109.26534601677311,185.10625822710713,161.2982726493622,0.0
2006,1468.38965658642,5289.9843925138775,3301.298596045213,1283.3723669298772,79.41801226114443,89.84140024403297,167.57315475211237,163.79498208152208,0.0
2007,-4051.7005191899084,7458.012418712135,11076.447864248152,1313.0192211812036,88.32998579935722,73.13471979252516,165.8255881058232,178.3243626138487,0.0
2008,7528.944480455568,-5230.332198973712,4027.7776089991544,2001.6680535257017,78.53677423485009,93.12433857115994,170.19983727544542,153.36758301923638,0.0
2009,-8673.267771191042,10940.791019884013,12996.23282040193,7051.76105801048,74.01380315570128,116.50716911894779,183.63680877617875,151.5061717102054,0.0
2010,-3465.4279038299287,5824.216598865266,10518.735486989935,14165.24338006143,79.72100907623361,91.16496549966529,182.5609450085875,163.4726838312153,0.0
2011,6055.546751059701,4218.223643949079,2566.7731437288685,-138.48199858133947,71.37696725704511,89.14122683795613,170.9489111054423,156.7760837080473,0.0
2012,-7815.040194726155,3529.551886554121,4020.623695167527,-3529.054508560901,71.8646620716784,78.99907267402186,168.42381656275077,160.13362910024563,0.0
2013,3783.188180412287,4510.154181135633,6597.06258870812,12197.448394615645,84.38049330198226,94.27326263905621,176.4011279528114,160.18033441202738,0.0
2014,-8606.80108199563,5987.521406091025,-3364.533995385909,5762.71073310849,77.36646767727842,88.98496924422585,175.62182151485368,158.4344070519797,0.0
2015,-872.8929105743077,1370.5336110753587,-6046.703321427234,5482.068690340686,86.08424734567684,96.5751401865186,183.82742246246372,161.8798405957664,0.0
2016,2275.1158581845575,5247.431376206348,6516.798372575051,10435.887393568813,65.94891063202837,117.95557272088666,182.52854260856037,150.91830801233922,0.0
2017,-424.71150232215706,6767.314791788715,2689.85252298433,-6144.036433755543,87.44696828388794,85.1466923116235,167.38588215048168,172.5050592681131,0.0
2018,796.0136564047091,1579.4024548976572,513.1930839356844,9892.503732801712,87.2897946329176,97.57595761797734,169.39115231882036,165.2029893381084,0.0
2019,11403.430530815609,-909.7728871875597,323.64932602865747,8075.375702453493,82.54454185801235,101.41115810839509,185.08907621924766,162.12550992173604,0.0
2020,-4848.359692788154,442.02749643400676,3741.900989742053,2981.2828070746673,87.48294439234196,74.35642781843477,161.17725352324493,168.375525026166,0.0
2021,7699.5060600116985,-7951.579091530953,1397.598356908127,-8521.622856328897,76.89727806901686,76.14185739226072,169.1227702194589,172.9711130754974,0.0
2022,-3791.0320433179477,-452.0014563951302,-245.84959629905302,3808.6569481423244,67.93202400944423,61.66066467039978,158.8991210388985,174.6861619042876,0.0
2023,5007.081288502975,4034.740410132933,2613.3337601526378,799.7909604110669,78.94851717185493,109.043614533756,181.848787501327,166.20148504943472,0.0
2024,-2840.4770225642615,-4225.7720455175495,-840.868595211631,-605.7030425782473,84.23973293919298,97.74712765267542,170.59753712453625,140.43230650083615,0.0
2025,503.3040687211621,7082.056880802527,6138.161131701607,5716.481577672962,82.45926565629968,86.21730033070355,168.9272579920576,158.07821944699702,0.0
2026,7467.8406242810115,-306.808125933097,779.0972344479142,2856.867648053153,66.24043910694728,103.93673035481066,179.1149812836559,157.27372121394276,0.0
2027,-10469.069825099874,11418.600270535,6792.655023171401,6854.314228946464,77.19060347319565,108.99307507164747,171.51906698062658,160.640018227837,0.0
2028,5928.026586808599,7820.110852384698,3167.4390392782097,-1377.6823235475165,74.11835065339903,98.04938692590379,184.91851159601472,155.52277390737765,0.0
2029,-8887.501992960983,10502.022439496484,9416.176238442094,4702.052963676971,85.09389544134748,76.77371623534988,166.23597943017865,164.8103299796678,0.0
2030,10032.44599643771,5593.586773440934,1702.677616936937,-457.36759067355194,92.65051861471385,72.95116325162496,167.76037484698642,172.17461185149696,0.0
2031,-5881.46485687226,-3140.7447032497494,-8711.937678519966,-1841.0357304232155,79.03929394007288,108.29259344036122,183.8210142928031,162.56836072884184,0.0
2032,9681.133113756365,1501.6533948281356,-1110.9884537922405,1083.029780117986,83.22740071197504,88.5819956157937,171.25961113983513,163.98517354526618,0.0
2033,1391.102367285296,6993.621953071438,5126.08963711593,2611.208146622485,82.40485261791792,116.59157089012436,184.60418477617392,155.30170269284042,0.0
2034,-569.8502962964187,2781.624383123325,4726.46732770927,9836.679670413214,82.53433717168205,77.8199379954836,157.53053259217742,176.43595874169094,0.0
2035,-5601.208723906307,8620.350059171047,-3332.591354256664,14012.806012565785,93.46198205878366,86.22055646909854,163.872609149242,173.25302631876025,0.0
2036,1549.9996543391155,2144.1315532177487,4162.862048476058,12671.527564512699,66.76419160671901,95.69737306280895,184.6855107306541,159.6052969505215,0.0
2037,-600.1169658362522,-3245.947657187942,-11130.826205379397,1920.6035680141247,73.76394903703866,92.7918304548738,163.46767938855575,167.45166873498772,0.0
2038,-7554.525809496631,6068.409273140237,3334.155827564048,5143.01490650308,87.37397317255424,94.80489584828884,177.19356491762795,157.37604754819887,0.0
2039,7811.1588773593185,513.9145135177987,-2213.267127381557,-719.3252558282067,71.30471750493597,120.92107323361407,184.20966484382302,152.0750170276614,0.0
2040,7394.486451970671,4208.374698811922,3734.6956505845073,3233.178952293021,82.31863936032401,83.94448244314985,170.37787141558894,167.19861253504644,0.0
2041,-1045.5398683935573,7137.670947027327,10464.53394912905,10858.110212676856,78.8650434036694,67.35124428061457,156.30241842507914,161.98021399223265,0.0
2042,1770.8462798661144,-2439.969455625485,-465.690307962213,9033.030932218186,76.96211626864421,71.66400777914401,161.11294194722683,176.62254117621933,0.0
2043,1516.1643936883138,10695.631679439828,6933.691943670093,1437.2600862446996,76.4411492418035,81.9361974807113,149.64352512388294,180.6286643582467,0.0
2044,7609.874274861594,10002.518497625248,1224.864216648236,-5969.861144753514,76.62363287327538,69.368609650267,160.9418379950234,164.82822069728257,0.0
2045,744.5104785247377,5255.311220542986,131.453631557338,10605.598756929254,77.34367848318144,97.94041700134866,172.60585316404388,162.57186467735923,0.0
2046,-3237.392230391071,893.5258676708546,-2883.877257356351,3338.2534262964036,72.28338508487501,96.60611059052839,176.54354153974538,163.9890131210901,0.0
2047,3974.895885436158,7481.298925585476,4207.160419339039,-1915.8730580664885,72.26086329712612,123.34554411760006,194.39141360937063,151.13078783944403,0.0
2048,2929.9680521964706,7932.402201346211,3185.119682416495,-3203.878018123143,80.51742707121927,83.90008627975193,162.5828423866265,186.55875175989257,0.0
2049,3074.6344532518956,-3077.132836969611,2918.160836870836,3589.4571666223774,70.80895774603813,96.96532747683729,176.40595100239318,150.08337886309153,0.0
2050,-8643.359552568469,7885.842920906258,5877.938371461153,9097.673866375193,73.98559422990644,81.7546846144455,168.89628887016124,164.92229012806047,0.0
2051,111.64203123319227,2138.4066097789446,1626.0975606800466,-6354.137068655776,66.40127513888362,97.73220356330663,179.6186359951279,162.32295121271721,0.0
2052,10581.251111422664,-17647.564320777816,-5137.2929138408135,16500.773671309467,81.54401523220834,90.72702200229102,176.20539244599274,168.82772038151367,0.0
2053,9921.35409452373,-1019.4442974299665,292.59636900025623,6439.646751418695,72.28664029210269,84.31921379127957,168.35393057930295,163.72698160346945,0.0
2054,-1285.6092788683172,8356.12798663801,10211.712339816762,8270.937690275816,75.96053653763937,98.14658874777709,184.21340646021494,148.17724105142864,0.0
2055,-1773.5480373777145,4992.098893555457,7451.596309935788,6637.6284333748345,78.76862111863328,68.49196838138992,163.02550669128914,189.010268431318,0.0
2056,-5442.416429536807,3092.3483636863734,5459.46691292335,-3905.914034666585,62.332465020989126,86.6098425568714,164.21380588845878,177.9553060238658,0.0
2057,2786.4276367111747,-136.83255655983874,4731.003164342475,10645.22155133567,80.7729129630989,100.17896288944355,174.36056720928812,159.79172928805266,0.0
2058,-2672.8746813423863,-1849.5371958921428,7213.864297324205,-3416.253330385056,69.86067029610619,109.6411883326329,185.3859262214537,149.8597482342014,0.0
2059,1791.214101783814,-2561.577177428172,4069.461994856689,2903.781842163994,93.08763471241966,62.4039486201974,169.95014535753174,172.0965487919318,0.0
2060,-6541.094433884073,6546.150820438021,7089.922395530119,1584.6731287565965,83.53336062989843,96.19908468516299,177.95316556479995,153.60532213163725,0.0
2061,-6793.216447315325,10766.596037024885,9333.032382490048,2673.5319051889323,71.43107092566434,127.37392981798558,187.88379902505108,157.4678629155409,0.0
2062,-3901.7132979734183,4056.5097091051302,412.8086948623571,8596.024229034927,81.96331082628936,86.02113292719733,173.51233002108168,174.64244527527774,0.0
2063,10984.717215941759,-2228.262186152215,-1358.2816838039791,4124.842660882924,81.25566088898796,63.37100540254141,165.60079420969464,164.18084530374,0.0
2064,-2778.8030636924814,-1627.2555225897195,-6264.058861407676,4017.2833256304816,73.83449211716027,82.87486576728735,162.99240885803496,173.69257093290224,0.0
2065,6890.131807056959,6044.242921305328,5318.611256858457,2892.1617547079554,70.45686578710531,91.48363478198046,164.10458355027492,178.39488778839575,0.0
2066,-1003.0968992049649,1515.3878784965343,3974.7848645320464,-1451.6251915258613,85.97722371310753,91.47251147816448,183.7162278802893,155.20423691501628,0.0
2067,8013.101025070125,-2128.707595965825,-1803.1106946987934,-3023.9958319691273,79.65624761259761,125.79047153754071,186.35376835012966,158.1536726931426,0.0
2068,2993.3804342195817,-2655.8667675500424,-1001.9653273482016,4672.232640407793,81.09270232022907,90.09308790927491,179.4074216898715,162.78631365410084,0.0
2069,7222.471277716554,11099.564410610976,3623.1666640612993,-5944.328446417897,90.16400210643866,89.92893820922232,171.77082321130345,172.15501273717953,0.0
2070,6954.898786310013,-2549.4918079133345,-2722.5923461217103,883.75202729017,90.31597336682631,74.69622938538387,163.86379484933528,170.22080450615076,0.0
2071,-3786.681133375173,5775.007435085188,5782.126388440025,7911.475891794565,79.52357500671081,82.69292092173572,169.0164969527415,160.335965100211,0.0
2072,132.64745676005373,8413.521748603442,5381.866615753808,-417.9498235783119,72.2770960991369,134.04252778639997,194.1342671641006,137.64834332390006,0.0
2073,-13123.463208114303,13394.041309767632,14290.785807454999,3939.2989312519494,83.37238639725727,105.16480567631723,179.0271151276382,168.78931583996837,0.0
2074,-8617.342180668298,6413.993559285709,-1170.452340070003,2491.986723033473,73.99909639417574,100.41389187005205,187.51954169793515,145.4832722203074,0.0
2075,9156.561119297665,6169.551590306821,-1147.2974395108974,-6824.840683208297,83.47799392192532,77.5983603115611,167.50845823268608,171.5718912417338,0.0
2076,3395.713570310656,6822.083746202558,5275.404025410938,5840.892569111371,87.45604865130669,91.1341138734301,179.12862066089374,159.64290545442884,0.0
2077,-5381.618139967484,891.1318125106003,4669.748876750579,-3776.255424332519,75.69278199683802,73.743800549755,160.84605644887978,173.79904583766879,0.0
2078,1307.7760494474019,4219.719333587701,6502.8583310940085,7934.376807687114,90.53922164692722,77.69485267012571,155.96723092581314,167.31918857558694,0.0
2079,-4254.319242862985,4334.5958743622805,8962.012332399525,9207.756456005429,79.42846536545424,109.74307039441014,181.08302734909833,165.66566706566755,0.0
2080,-365.2212579064056,30.355732674456792,-1709.2748044884493,1624.1957632864703,82.83220264176849,98.06573698605848,179.20801495099641,148.91764765531764,0.0
2081,-5758.894789394967,6632.324792349502,1696.9097793569763,6625.421064644508,83.51109668151928,107.98970582480312,188.93931715373222,148.94857998935532,0.0
2082,-8244.185160539713,7287.08613824265,2587.604600930803,1142.5478241170244,84.60946044117328,51.36331190386241,166.98526121731305,162.71217158655773,0.0
2083,-7426.512882992556,4635.734204706681,7747.610023836474,-125.05214818725463,77.86576707671816,77.98711447420179,165.92927561979488,173.97844150254312,0.0
2084,-6838.505832162637,4735.425195376315,6376.914646266004,650.1562326081345,91.10269552536703,62.37758325671922,156.16208342151407,180.6811047336108,0.0
2085,-5009.188674621257,13447.68478303173,14342.590243688885,9788.958882748835,76.60366718335236,96.35766320263471,180.38745536665508,157.22822619916482,0.0
2086,-9130.607276975019,11614.44045857115,13220.564826131596,-66.20157325838916,83.59441734003317,78.13943957222179,163.92495120617195,171.4874146002532,0.0
2087,-669.6521776775808,1386.154945890402,-1298.1519251533516,6831.993566412885,74.84097843201138,71.14413689363761,167.75531124213109,176.710598751074,0.0
2088,-263.57683653359265,1324.9324008400913,2837.5515345185354,5544.639808163879,91.57141746545996,115.59392393086334,176.25468056487463,166.2890601183482,0.0
2089,9833.827948628592,6697.8382016517535,1942.1426868981953,-1036.5495570945193,69.0136816599111,87.22697826246362,173.51260243436818,165.9643292825445,0.0
2090,949.9552579484321,11904.623355973796,5703.693798915396,-1878.2634886892047,67.58990665319963,89.54079056022009,169.50204318726398,177.09896458581989,0.0
2091,-2265.102043796139,2699.601059720088,-1895.8344802245226,5418.791065639157,74.08885428113757,77.35564412713327,173.9976026944796,171.71713776729294,0.0
2092,-4511.6375813809955,6977.609733576741,4232.97090568918,13651.601500317522,87.68887952503381,90.36781777572332,165.73528056048912,158.66961636515543,0.0
2093,-110.36287249030296,5941.103493591443,-1189.2070049807871,-6441.155415631118,86.06234639756882,83.61753052151042,170.28065464674683,163.92402091169822,0.0
2094,-2712.7420551849045,-1093.0831809928382,-11322.469882425277,9629.622905911425,85.41050897755122,76.47946795316714,158.50584840516763,179.90795196432936,0.0
2095,-9641.639186055556,5832.420566869895,2016.4183077779935,2729.9081156590364,86.6427005067361,84.12438224520614,166.7289882080239,172.2367247367959,0.0
2096,-696.2143499888759,-1754.757109021217,-6377.109605510208,61.24331979721953,82.87216610330358,105.27810785923192,178.3164119380194,168.3775369949695,0.0
2097,1242.164245674696,1048.426777952229,1725.4146599464402,996.1996964380675,82.43864920619114,123.13085238513824,188.67103206590517,148.5183720201538,0.0
2098,-8359.431646038141,1741.2500447939076,-4339.29451089434,-574.7664155096692,88.1691497427068,94.50513928241861,168.7607702737923,162.97137370602152,0.0
2099,4104.507066852484,3809.1642800639256,2220.578676521546,911.2325774405119,71.91584984722441,89.39166616603603,176.01805528495268,153.69783633960728,0.0
2100,79.9186546456876,652.8505820972779,3357.223485035174,-1426.358648769511,83.88972872836256,68.05892121357292,160.17689737145872,165.95836935306312,0.0
2101,-6623.045983780476,560.9835882813536,-1984.9658553362963,-3344.545256112536,78.88429761688137,77.26413811550783,164.55933914975736,163.6922865117844,0.0
2102,6749.9124684503595,6804.842391759021,2723.463999653388,-2001.4758306959845,78.75430009075357,103.91917983018496,167.66598293557314,173.63071733091573,0.0
2103,2361.4020280238715,5278.454417683893,-2794.524156621487,-4360.034265910106,70.88362541416353,102.27544858678942,184.90648497769678,164.68038609800544,0.0
2104,2271.638633749383,4906.812643811515,1000.0760087183003,-1754.5725266795728,90.07980674621481,76.48168728786025,154.30226678262574,173.26289889420173,0.0
2105,9733.84787363686,3804.4802246596355,321.49749574268725,-4.719115415753983,79.444042400524,39.0437393397687,144.96559674701172,183.36369854157255,0.0
2106,-8728.628057814873,4904.4543939817,-1146.7494837689985,1992.8524341943485,81.44853899766727,80.67800924556809,156.2177520605456,180.44415470849623,0.0
2107,6282.361108652074,3764.442079345224,5707.8334095414375,9891.006952767448,73.21085284590905,128.20667427149962,197.3502540853973,157.91952269480768,0.0
2108,3884.617220947163,-76.79022059526552,139.96533968657187,136.2883482734687,80.9146443199767,57.737071895383195,150.43308018388552,178.98373558397097,0.0
2109,-7209.722933912015,4560.0380227495125,941.4474629271891,4145.671202451307,67.10156482226841,113.79293160896891,189.68719634164822,161.7697164802735,0.0
2110,3595.683224414405,1567.155086551362,144.87431285766527,-3371.4115518187373,82.04008989286831,84.63532420673116,168.94337866831503,173.14683289111133,0.0
2111,-5212.821589866174,12045.272049478026,12060.99714857868,7708.132593526557,83.37496083212456,79.01888203929103,171.64328742136556,173.98013011420375,0.0
2112,4414.598065214823,4934.043232228537,5040.208013848976,3251.3882026423116,76.26371630058104,89.39170278681883,170.23538934588558,163.5552808134477,0.0
2113,-925.3508020663248,-268.6875696796882,6159.405965735916,15631.802292685488,82.235673368149,100.38143090655686,179.53581911696804,171.39428349944387,0.0
2114,-2743.718375603747,-1142.8758481815878,-2326.4603375525526,-403.75437749343536,91.2927794350498,92.58674284952768,176.27162527400046,167.3730312608302,0.0
2115,8392.886584620443,5409.737839533596,-7168.6048506322795,1974.2757022128826,89.62108235851446,71.91094991045689,160.25706379350922,168.5990675294378,0.0
2116,6700.4070951177555,6136.941899351033,-3786.022307183567,7452.440913028875,78.63773314785504,97.91533324397807,183.9257501852181,160.25865105398776,0.0
2117,7209.20096476459,2890.547220059724,2372.7036570737237,1993.7774772446721,84.96795779592465,94.85367464242805,187.2366755303089,163.64984875489702,0.0
2118,-7342.703553346949,6117.689838300766,8292.399044353357,-7320.705044144811,73.55284604251564,79.2143364544882,169.68455686732813,160.21604177282,0.0
2119,3817.0527182640376,7859.194178999349,3281.652411546529,-1362.8223853529034,66.79180316086472,105.63608516695825,184.2233012822112,159.00474051838836,0.0
2120,11879.96081347645,-64.21389473521577,-2502.7117342953543,-112.73286182466124,80.80555646297206,69.33134010256482,171.15223917047206,170.53069491715723,0.0
2121,-404.5629529530479,3861.103074802121,2780.8516721017872,29.82830507798795,77.1448101300835,77.78926101255803,158.58939441211376,175.46511088340176,0.0
2122,13839.25831215989,676.2620097803139,-3614.208758248886,-4436.777803652545,86.11721372237228,52.59362011864582,150.32920467887632,185.55926126421502,0.0
2123,1292.2069320932317,3471.0230980542538,7081.218804148914,8121.336774597556,79.02746914794554,81.71195689842308,177.54035006943852,166.53220142461828,0.0
2124,15747.370692971957,-7857.270284124773,-2539.457536140022,9300.19763719441,77.14500461313833,103.15442580006167,183.28408099611542,152.40855589749515,0.0
2125,4592.465853319299,6724.395732795312,6933.82487483383,8097.566615540543,75.5947048856604,84.81585784405497,161.32307838007264,171.8279198728816,0.0
2126,6411.747000732194,-2150.994370435195,-892.6913159424416,4704.474682131598,83.55769523954919,74.83676950290787,173.08349520457318,167.23076634929123,0.0
2127,-12876.70592023638,9340.93140702891,5110.108319953672,3823.323920970107,71.42237812411807,98.66244262736237,175.7773760976165,145.32949052007746,0.0
2128,15840.896089759613,-5658.815519584429,-7387.358261105477,-780.1975874710556,81.61945873241065,75.80896260241147,161.7221437978224,179.3041975205919,0.0
2129,7234.034610140645,-2336.4115969584714,1045.2433764433279,8300.610358267242,80.85926308584402,98.08622164113211,181.11319895951587,161.6861784239881,0.0
2130,15122.775296634956,-3073.7726675352988,-5267.533103122549,-975.7941447668848,82.06166362255794,75.51407566238319,171.76002455500893,174.3415681980331,0.0
2131,-6080.956605260941,1981.2395703061704,3140.4357657137402,-6928.850049015507,62.26284074983808,103.57011658034885,170.7783917720486,176.10163645308637,0.0
2132,-2088.477943691941,2900.523236619396,-2106.4364660017536,5984.679165737259,84.41459808909339,83.69501864511201,174.02898200003602,159.46800448636623,0.0
2133,1906.6222571523563,3311.8544020326776,9832.051176013923,2886.943512675489,85.14085606467312,84.85259694912835,167.58713769184527,161.9156890027513,0.0
2134,-5847.974581233863,9307.971265571541,5715.72887604535,10701.842708076781,104.04948431822793,64.55152741563649,164.31903152950727,168.53538291664702,0.0
2135,-1897.6414153385474,4223.098491381058,2808.064035907044,3439.5204169261547,82.08206500774065,81.68371939603574,169.2508171314132,152.0545229704595,0.0
2136,-1313.0977316948429,4501.385958930831,4739.513627605088,5754.503637349285,78.19141115513989,94.7619242942238,181.4290642438748,156.52667932146824,0.0
2137,3710.2085283761394,3437.3603292354346,3550.7330851275824,5258.065459637669,84.85955977869027,67.27126411119518,151.97651523040957,174.50244814159768,0.0
2138,6290.5331177099215,-1987.788258920388,2529.7424292283476,12407.36683671533,72.4704566522082,94.90882603572796,176.19866034495175,159.31591623188075,0.0
2139,-4266.013498647466,17971.820209950733,14506.906203083481,4225.1123271913675,84.21716946237481,100.59585325330923,179.08147236303864,160.20775659605093,0.0
2140,3866.9363937425373,3224.011748461889,7191.165755597759,10205.169788384223,79.21796528940992,61.95304172789636,149.69327240109723,163.14181407772602,0.0
2141,5173.379288765802,-1787.4328361352866,987.0267289576775,4376.486233266989,63.341032326455036,72.21852025015275,157.59693678249602,176.3731769393783,0.0
2142,3814.5799391967516,-2013.438519541746,3378.047361993669,9688.20013927874,78.60394879407538,74.8306956554158,157.84711889792683,164.72841334715096,0.0
2143,7158.399429049057,-4229.489287469935,1284.3629044743468,11129.5649609514,82.75528088748241,94.50751082482304,169.74130186201697,160.31014580589581,0.0
2144,-2913.7149516203694,7423.530947886883,6680.69171960997,3035.9509959094835,77.02017178177334,108.48982985899075,189.32400154196756,152.60221996462224,0.0
2145,-2747.6913838517794,6712.278488039527,12066.327832735145,3808.857840348152,79.44242761883994,98.94176175692415,178.75411342006694,148.18389884301925,0.0
2146,1076.9674487506838,12466.341188230079,6662.526170885998,-1980.1933568265881,73.52010474488776,116.12612214074076,194.7733755139658,151.14163609218227,0.0
2147,1999.6726747263617,-1161.1846567454438,2449.9859876281203,8081.604433897796,87.41008403924789,82.76695855410554,168.00348752496134,179.83530450952696,0.0
2148,3567.7347367209954,-2841.5954669175353,-5861.039637726078,11450.509028662667,83.41825546350314,86.03664644090945,174.14452399460419,167.85570289933696,0.0
2149,-6829.5939277732805,6198.038140373594,8686.214480496548,-2451.6022687396908,80.44761041061145,69.0704009157116,162.31752456997816,171.47138025438315,0.0
2150,-4613.18676512137,8988.816836319482,9921.572634305348,7292.87989672782,89.37812189628768,107.8067314422248,185.11561874067385,156.95941107688378,0.0
2151,-587.4191946434602,-955.4375282320274,1809.8385963651347,421.9935467236198,74.24620694908518,100.12433940266048,172.22372168340354,166.6176550927472,0.0
2152,7945.757912633145,2459.588546075796,-4942.039093805962,-394.3625726869859,77.88132549647217,72.50856765094551,157.0948765598348,166.0002811621999,0.0
2153,-11808.003410684976,10611.400262239878,13817.173163782925,-6534.103275081957,87.69755294938989,58.49987771601693,157.3290650368765,180.0203350512437,0.0
2154,2315.7707206784517,6653.715226324715,1324.467607585343,-6452.742576608745,82.68452364285916,58.53819040325751,150.17041919158729,201.08538493455134,0.0
2155,-3021.7424449836917,6699.979232981145,5912.0240366697935,-2028.2572363573013,75.47007795703956,113.6608762066096,191.45672348371536,149.54031740733598,0.0
2156,-1671.9293361634657,552.3923347073709,-438.25809463662193,4565.838071672046,74.75289020465135,98.10095652506658,178.74800438511994,148.08835409410796,0.0
2157,6906.833715544563,1387.5344009908993,2883.1808015852685,3418.8495006408966,77.68077142549087,74.79798952178513,158.43292236568655,169.69276944244544,0.0
2158,-3863.8564214329504,5892.12265575534,6579.210153596528,5052.446404148016,74.81115815393987,77.45691000030692,171.31672780141778,161.31682373028195,0.0
2159,-7148.0445155124435,10741.21443811333,12336.631017587331,9010.344547208884,81.30403685666542,86.14359826111497,179.02658459585788,162.7781790489237,0.0
2160,6736.186052489525,2383.810370119748,3043.8659095270905,8157.44652862783,85.41145239066307,99.74953259020084,178.75985167954244,160.87587370881462,0.0
2161,8619.690951669823,-2378.0817471971677,165.32045842448184,3895.3602693352427,69.8397477349282,103.52046513501767,190.8816903997141,162.43143056397756,0.0
2162,-3070.952111407228,885.4238560691346,3024.634784071242,3933.132457144073,66.38714705937576,113.43340768544361,188.415451410473,150.26349085429712,0.0
2163,1399.3032510347225,8434.283704960037,7624.794932505198,6420.299498322612,75.61605565515941,101.69212901819566,180.00726929591514,148.6274101041328,0.0
2164,423.26926235295434,4289.980968529916,3932.3634486689098,8658.355859477779,77.10240125663,115.96032958141475,182.50890101635716,147.93935554362236,0.0
2165,9.406968751573874,12455.297775305035,7251.336889087719,-809.1963163490319,60.88154580954229,103.55488872970045,166.4334022454246,168.66647641158676,0.0
2166,-3383.879918770324,-1578.6709503234833,2911.168562983163,-6570.054651663822,69.01855524620517,84.62805530663981,171.1278826916996,179.2110527860337,0.0
2167,-9080.333702434213,10306.638687463195,7432.451190868263,9896.875533423907,71.0223194363838,97.34047008464191,193.5581665511776,136.1488241962222,0.0
2168,-6081.930959626191,10521.519303685676,7338.905061054875,4501.747910435196,68.5411427172511,102.4839293760131,181.75450363771662,159.9979487923712,0.0
2169,3281.6045382742054,629.9072707543573,-848.1774810774518,-27.900959254360203,72.78901391201101,71.77051093388275,161.80030410746315,179.50358768765358,0.0
2170,1932.87226237157,2090.2662974151676,7677.118642952486,4404.288769202213,86.72007842127192,82.06088524316596,154.6330712440375,184.01921732437904,0.0
2171,-2022.17333606704,5600.618455721144,8610.676750767014,6822.582744480561,76.36772181604194,85.47778538985168,173.33557554317338,156.3500718260236,0.0
2172,6267.266642729592,-3873.78898450747,-375.5764096821781,12089.566425182578,61.278962165677896,103.35696131247883,182.29914878234703,148.2802140351041,0.0
2173,1619.7800342504975,-1365.9001651844105,1308.1390616930948,8523.633831491457,73.92197137549735,92.67768626038148,168.0608470933394,165.13987545369943,0.0
2174,1720.4630143958864,2268.661174931391,4475.361256773615,14019.199783872209,67.94416121449257,119.01057683647636,179.8064625052501,152.93396572881997,0.0
2175,1699.1170126930706,902.009059933175,2186.797135807267,896.8904437108822,81.0635108449061,80.18903940797163,157.64528988028826,180.56140161115812,0.0
2176,-5044.968807512038,4424.212019259782,4252.398353571714,6667.563851933567,71.33713722639243,95.91589165392563,168.78069063527653,163.41442370059863,0.0
2177,-273.2560635263455,797.021623280532,6779.894670401319,-11009.480045571569,74.89747518144681,57.45818705531999,156.63138303188944,164.26845894200656,0.0
2178,8215.245068937227,-3470.81813880108,4777.029848106352,5093.311276321597,80.34869327286577,94.16787990432675,172.20149890527637,168.7064663085788,0.0
2179,-8453.646428240836,9109.704545524894,5262.70815733191,3110.0458305568186,86.92836720101775,98.52637607165535,176.65428226217355,161.01500684508306,0.0
2180,-202.20081205688922,1902.9404309749245,4899.385576831309,-890.3806356235262,83.8830819944264,87.77626084130779,172.5022176295635,164.90619159211755,0.0
2181,1718.1242420570632,4017.00735927135,985.2808219624416,-4380.035336042473,74.9421043911099,94.13849790416442,185.0301824664866,154.77316297861233,0.0
2182,-7894.826243164134,6646.567542002844,2409.4530857407044,-2104.46138789481,68.24803114536117,105.14678365356255,182.4931431141337,148.5885396442806,0.0
2183,1195.1243375590832,-2087.545197419075,-2073.7405488102545,6744.1779913511145,82.91031504569,102.11827258482231,175.72413434336428,167.33937866338894,0.0
2184,2609.5306668516478,-5287.168506506568,88.78599758256067,302.71853452924756,84.20756479357111,104.07414826172048,155.94764225600622,173.5224078693447,0.0
2185,1763.0366923132033,-2248.859112327659,-2696.2152144056836,4606.946558245496,81.68907522609331,85.46271903443665,154.1713165883641,180.6964535908984,0.0
2186,2787.822901376249,8215.340774970355,9126.679901582136,9696.01484046694,84.65373288893034,91.97416663557713,163.82225290736662,169.54009501921195,0.0
2187,454.80923613672485,5703.647887531507,4759.257838661778,11251.818894877588,77.68977581618711,71.64129478106838,165.13097141104436,161.61317907870597,0.0
2188,9227.422747844834,-161.67481143655803,-428.0329534991245,3761.3778548850146,83.03379283886477,81.29797537118397,168.14710794852505,173.35916501749463,0.0
2189,-13248.111110638314,14495.226800613771,13694.388282230702,4780.173035977029,70.65175926937107,86.30901872495606,168.65684539155365,165.49122556009527,0.0
2190,11549.828684938773,-2448.575034319108,-1673.9744671315368,3944.543795176966,77.17240698252644,85.05929688129757,156.08875762795506,171.13281234666854,0.0
2191,-578.722296479147,4380.930447452128,2571.2492375536335,8678.164498739616,75.07687787122077,99.80880540508555,181.97325829671772,167.08902481075168,0.0
2192,309.80220691035856,3074.78861650167,-1253.2125810920456,14221.990775720993,87.18880010989804,88.33275401243152,167.5811414297849,171.20955222817804,0.0
2193,4124.167639204938,-3110.439675397522,221.30462139396957,1018.638558511948,85.8786260616399,72.83999450265354,160.14747864754986,170.36003104202877,0.0
2194,-3793.5781442836274,3784.800181860567,-2433.779695232303,6001.459309354878,77.33357891681689,87.34229329396402,173.4023272210499,155.00803966521028,0.0
2195,-9111.904342994158,9825.686982571384,6575.294651624596,5408.838465292449,83.37550327849914,74.27346893969951,171.1846547230705,170.7757289234001,0.0
2196,-2089.1087588703,-21.340715818989775,2614.9872902475604,-2043.4823708605222,84.35024861348633,77.89803744548146,158.16858942207458,170.85390577592023,0.0
2197,-8488.892407409303,7096.917644565269,5247.892166232364,6551.039478086463,78.36486615980574,66.58720376702334,151.02776508561124,171.1603812694513,0.0
2198,-2008.455720654505,952.2146673331941,8211.70817543419,14943.479748055155,75.18278174969484,105.20829503267724,169.05895585424884,169.4455974899926,0.0
2199,-7162.9958398600775,5172.230667604114,3385.1531492071003,-349.9497560258247,83.30955062561758,49.265509824410316,156.76654355485005,175.3806670847602,0.0
2200,-6.723259573945484,12808.579602191026,7558.751561559692,-1546.430596051184,80.04171764971949,52.754961821695936,155.15431195712068,166.22425735460308,0.0
2201,-11134.117829314597,5865.008479718588,-2710.1387831108304,-582.8814251393752,78.87982176397358,70.40371809992547,150.99150860940705,164.8778672648958,0.0
2202,-2003.743343611005,13160.184101462004,11645.581062642628,6100.271370543305,70.43241382149144,61.82022573009961,162.9794913615768,177.84841686954,0.0
2203,-1474.4242346531737,-1688.7869995445537,-1532.0518415153476,-1803.0882098168975,81.08867292142988,108.32151893791662,181.90463627861308,156.56602466931037,0.0
2204,3303.695598282424,-6271.990528784558,-1688.8963047985403,8272.723650957903,101.32871060518836,88.13436698648512,174.97397610495915,178.924527920081,0.0
2205,-4398.336193909347,4215.55990405973,8869.336861297761,-9178.797258226567,88.65038060766462,101.57995083032593,174.70070318652222,162.0466409880051,0.0
2206,1322.9620500187696,3446.926628764908,2827.8716080305308,1659.9501798648093,81.88891566050172,71.59076171414277,163.60752876904203,159.91690392927262,0.0
2207,-5449.715829298357,717.9353185454249,7209.659118516004,-9146.926357769016,80.82297577574874,79.28406771866082,172.4437922355428,178.04522594188788,0.0
2208,-1924.0858288095883,9063.773379263217,-6685.159301998575,-6399.26022788478,87.85210889881529,87.4758175531365,180.89422548840105,159.53904858175898,0.0
2209,717.9685180255735,7536.1995815730625,3386.4175342012277,-2853.4655922125817,72.4287222049727,80.73029748085699,166.5691178958122,176.3298936156906,0.0
2210,-8282.374447556916,6461.310916097019,3789.5318507165916,664.08311733719,86.73689379668095,76.64105536293934,158.97237761092873,173.9508168184797,0.0
2211,-4159.244243003745,4016.9946963692987,9544.58647660565,-3353.239373557786,79.04405035366312,94.73062140079548,172.06252994830646,158.59590471583772,0.0
2212,6074.7555713283355,-3118.8916879953913,3631.718097248615,15372.249525356987,78.54536129866214,81.56213522142679,166.7156651677571,161.30225191733973,0.0
2213,2881.169708613235,-2208.2054028696507,9751.770880031363,-1274.1035581236742,91.95551334559337,92.35586218512269,174.68468919637112,165.73891708796896,0.0
2214,-4202.570701044379,9621.977308865478,7097.308561596711,-3028.390542978448,84.50840610666123,79.21345830890058,161.88536364494215,169.85389575272504,0.0
2215,2582.617357274903,1847.6793826933117,3874.851684214826,1654.0599939931046,77.90317814894347,84.95651660543801,178.51727208638556,152.85810024534877,0.0
2216,-341.3307435147348,4396.649457460292,4736.950436644662,4422.556042107664,91.59392665012946,77.8903372297329,172.09234495025643,160.62522887464837,0.0
2217,14575.433087478992,-2915.0967963866906,-4760.2717495787665,2856.961693129184,72.99749177792498,101.50319841097908,174.29871015966233,172.26201202760936,0.0
2218,-8297.856242844013,7160.877630703201,10252.821012670223,-7827.463913303902,77.50865491742512,77.20477260769606,158.52028818955523,176.74355364841986,0.0
2219,12616.196762932503,-5883.692885522294,-5617.047266897916,2297.757009367201,75.20792825892384,104.09386494388431,185.74592612927347,143.8631704357744,0.0
2220,3427.4340472059907,-1894.5039142343849,1119.4036315771534,3836.308175620282,86.63366600476193,86.42203001628782,176.9060296506634,175.62661764684984,0.0
2221,-1901.1017049732664,2664.7487191310347,2921.171295546965,4144.977531121357,90.56019966816746,43.7218980952959,138.15253664860447,195.54972002035512,0.0
2222,-11312.707986689851,5644.025040006557,4341.708029345415,-909.1364061750639,80.55266524906925,95.1669596917266,179.3517702034528,169.31210757072353,0.0
2223,-5295.361590286486,-6311.689100808973,5674.250458088363,15942.559919969448,80.38424609244942,115.33137842159874,182.80425367582885,154.56090726738304,0.0
2224,-8115.155993593641,6583.460766530388,449.59218513752353,3543.7949870504112,87.27496831044243,88.59414155186008,175.33559764201195,168.34809223694242,0.0
2225,5581.432835580536,-4489.22958551895,2186.5785926110448,13007.867085868613,87.7236012076079,74.72497112917941,163.73084574093446,172.32110061650323,0.0
2226,669.3484249272026,18582.800896906934,9160.336444061948,-6023.0386263121945,81.28004689132256,120.12452638179204,181.79445619135006,160.43589367896882,0.0
2227,-10714.297850622768,12914.488099489336,12451.461537140176,2071.9620748095213,77.35540037562946,80.53717450271353,174.18971739418842,176.8991142970107,0.0
2228,-10028.488464081978,9758.709523077134,3709.4311107414733,3340.785620239938,83.29656164208045,86.60892410763775,171.9132733393725,170.86945596602217,0.0
2229,1127.0885082114219,9072.74543428965,7630.421324543685,1060.714930539405,73.16554010739394,98.4434220167238,171.96937269266465,157.3027481413761,0.0
2230,1229.1332032168252,710.4046557977944,5799.352982483196,3187.379085802851,76.09422436093097,101.88730860188014,174.09674781217893,144.87108044253088,0.0
2231,-6837.799255607419,4605.907187277594,7680.933696515564,-4042.24021093507,73.45262777448902,97.64403905464052,176.2698967685134,165.73984881276252,0.0
2232,-355.2267110023588,794.8836640022398,-5307.133237970648,4665.157349606194,84.37182695354586,82.60644249852878,165.92163264638606,176.1158739692406,0.0
2233,-3636.7757568646052,9861.97170306691,6885.023162802454,562.2268462256601,80.96279048014513,85.30881119656195,167.34433693043798,177.33471817203832,0.0
2234,-4570.041308101778,6154.347523763176,518.9370802851556,2381.5960614917767,82.86837408731125,94.82286393846118,167.61654051200367,167.7256397081921,0.0
2235,-6735.401458304761,877.0181832458892,5491.560258240067,724.9192564193296,88.86650846008575,92.1393397993545,180.37165546059484,156.24649173486492,0.0
2236,-2910.461654722067,1055.8331595829222,434.51802609067556,1874.7925637040228,83.25235330092109,98.73053235066665,167.09610680889,171.83775687883346,0.0
2237,6251.0630623322395,2656.8933061888993,7687.059722075876,15606.347364069321,72.67310669362504,96.97048627278491,180.18299692507404,159.44264374823916,0.0
2238,1567.1360544481017,2136.7914637989347,3283.9800346549255,2928.3389350124307,86.85508500640232,81.45940403636506,161.9316066292926,158.60246650500392,0.0
2239,5580.347921317016,3968.4032318236364,1589.3240918028498,-1979.4568619897643,80.12575740327038,107.7100882365542,184.22774946234034,156.2375585441234,0.0
2240,12363.009758072016,-3558.4719557125895,-4458.941928524673,2963.0101457041096,94.72635837932557,84.31667870619894,179.07748509992234,163.48594168509587,0.0
2241,-7957.8494965259915,14117.61800325545,10017.438762379488,-3727.8287937616733,69.96284489685043,118.84216885600912,182.5900558414273,152.8597699840634,0.0
2242,-3233.2494775791415,4618.124052362912,4891.329213594096,4717.508269504475,87.01689176217494,54.95018969495773,153.55254311949255,177.97781565402002,0.0
2243,16048.343486263346,-5911.674883204917,-4845.652911491257,2497.6093655843256,79.64638665278628,86.17319247782474,162.71156624319127,165.57204174235918,0.0
2244,-10082.302234324554,11990.60205621563,13698.352520756027,5876.6763686311715,72.57174548040142,117.71313474412378,189.8622314727125,150.85781096699685,0.0
2245,20030.850451328464,-9355.999213035027,-8021.432104677024,3315.1354618768873,69.34277508167055,61.16640303955579,149.5597030159385,181.60715788729615,0.0
2246,4905.541265144423,14947.899843208228,6186.924664440509,-3148.9503768613713,86.14138281577496,102.33364383060888,179.19477635868972,149.8941629087374,0.0
2247,9774.88479381115,9553.84180279029,2539.1859938370367,-122.39038385597745,77.6710330586106,89.98234186511303,174.48812164380985,170.77914025179302,0.0
2248,-935.6230273567529,-5048.009596582636,-5772.033544694226,2842.738902856233,77.35725133733676,107.95659983540159,174.03690582108723,164.92139869363004,0.0
2249,17016.313320624125,-543.0666038013787,-2037.3109914753775,5626.41339997095,96.45901762346364,70.52137062897276,158.65120469988193,166.5958366434824,0.0
2250,-746.7874212962249,6267.733798640558,6665.736492563703,7522.32084051245,75.37828616024073,102.56145030077359,177.21579131817955,170.54479440815055,0.0
2251,-1043.8609927590644,4504.759020956515,6346.394868782149,4425.17056564667,73.38711115385485,96.95075741755178,182.8033888384881,163.65920626485638,0.0
2252,2181.0571659363945,12986.623448894952,5733.9397067651835,-3663.2285735457895,86.20183447540528,70.57054694012561,149.64496407623992,174.62474328202617,0.0
2253,316.4737417262971,3279.949236354627,8674.19556535408,5826.220358569892,74.73109941721243,79.47394677002846,158.4674901778102,162.07604774241042,0.0
2254,-9091.656902192435,7067.065259716733,144.75769824011664,5003.5218865396555,80.03369508420774,99.30311202328609,179.27650570617806,162.74503902301848,0.0
2255,3132.1670138297673,1022.5872518910588,1487.5757701807206,3035.082679299585,65.29310962979241,79.70630754991721,161.46550673242865,170.29474207822855,0.0
2256,-8556.139077079084,8098.3426904317885,5320.433387473681,5299.566033259306,77.31987970184682,93.81179106983885,173.9266234667987,160.8007774005346,0.0
2257,-7712.4186465826415,4923.472626090122,4148.40183730285,1329.3349236487693,82.20666574200942,92.52172696757087,162.0704670636537,180.71478882267448,0.0
2258,3593.3198095976322,6034.771546478455,4783.705622257788,3266.847691922725,72.82747801683028,79.1480123004159,173.76317031197146,157.0192868861729,0.0
2259,8681.853145247187,-3848.5968460133886,-2059.85628555182,5656.528609561106,73.33802809297161,70.68157217585912,155.0145157082734,173.05214578491794,0.0
2260,10909.658651870237,-3544.1599094418953,-5870.444242033816,-2373.2116692948525,95.64176476473929,82.56686213746168,172.77272784178842,154.3654479192741,0.0
2261,3820.3103019606415,5974.330951884132,928.0777775342286,-4919.978367234416,79.79062385355658,93.99844940300801,161.86553855925462,171.52386790984627,0.0
2262,-6008.0320296928085,6894.606296182414,449.65161553778677,6233.005551476249,81.31030434959595,87.75318636651154,170.59369668612095,163.22839201706148,0.0
2263,2368.346046524132,1447.3848404870612,-2290.921856364326,-3989.721951715595,61.397741017460156,91.13831842126044,180.1907442239857,162.76727473486278,0.0
2264,5648.570031560454,2491.5164650278757,-252.42658526215945,1234.6529242007628,91.14812966354368,74.41518340484265,158.70790698318953,180.5213199558014,0.0
2265,-5120.758736387589,9325.862311252435,11706.163581840025,6647.548693434368,78.69619229417302,103.37717824100275,176.88527919212788,160.27908976128182,0.0
2266,2695.256307329194,-378.3311321797882,5177.84118830601,3070.8902164443407,78.91123619242947,71.45849941546824,163.60420201414343,155.37029660793954,0.0
2267,-5812.949479927022,5611.668373337708,6867.1070109917755,-350.36892048773984,83.19304563152565,78.11396580047654,156.00067336637062,175.63049348783065,0.0
2268,8493.528999262471,-2793.873060204039,96.24360634526852,3386.164737996251,77.61861252637412,71.7612492229621,158.01194617440328,162.89999820275935,0.0
2269,-2355.51423117477,6988.814812031828,14260.208840012545,22875.494783016435,63.076760424711715,105.24781344888741,185.36951096998425,139.03720276012993,0.0
2270,-4086.030350616035,5562.826669278874,8424.343726987587,-2548.9167923690866,74.31096923182453,88.22360759231074,190.62425237104878,151.2429767969579,0.0
2271,-4566.420484171307,992.1174718534429,2503.377685972257,2271.4699172483292,66.72284586158531,103.48312656081794,174.9391262237125,155.50937313818932,0.0
2272,-3879.1706825198166,1998.6906330332263,1130.9106026864836,3018.8709886324095,81.04500426361584,93.58345473871304,182.55565093584195,166.00674824778386,0.0
2273,-6362.03401289249,5731.833439160973,7305.596054394612,1501.0541951088335,82.66875903025105,93.47524222567576,159.091978423078,179.45758434116598,0.0
2274,3403.0725707215947,-1285.2806470936664,-1967.3205108492814,10094.494195495969,80.76488609575071,81.1878083837319,163.49921981132331,157.3406444757366,0.0
2275,-4909.739706303125,18768.400466784304,8894.532119800675,-8710.386102306324,88.66058898558569,69.0878943704067,156.24184373976775,177.1144483266082,0.0
2276,2367.9807265019067,4845.36326078865,6490.472425525619,8135.57078885257,79.09401562298846,87.97787769489997,173.3597970086486,155.53400117466816,0.0
2277,-1312.3104346703908,5587.522050705304,7747.4237417794175,9161.447664558475,78.2375835030244,114.38335101412092,185.9568170314899,162.75236092969604,0.0
2278,6928.1051128941035,-1162.1070350866014,-1029.3528995909712,2603.568891964158,76.9234213938939,99.1028297222599,161.4653237699466,173.74871167081665,0.0
2279,-9127.95398037786,7578.122450140793,12373.723265617587,12993.279826637106,76.6639846459309,94.59800252613387,171.28218399597824,156.738355801795,0.0
2280,3753.0404403586285,526.1466458015125,1991.315867431629,4732.051158130245,65.55109862246476,126.86309861095211,182.110056624981,145.1582493702997,0.0
2281,3612.144750240954,-221.79435400684787,-1244.9463283985974,6782.024300732067,79.17499890215753,85.73876912344157,161.5920158175311,161.3501210170469,0.0
2282,-5909.44700179167,4018.9138959679544,6503.22784682695,-3588.3268710100665,69.80769520541047,69.45295122153969,161.75193004492183,182.133729319658,0.0
2283,727.5756205656605,2826.4511242644294,7107.550541712241,7115.40834151823,84.47107692078586,89.13809839934886,173.7694393416749,162.93283134218015,0.0
2284,-1511.4793722595987,-4126.674757988191,-293.79323058230614,1927.5202487729664,70.0171526648801,85.98893340378496,152.3975042669712,175.85470673141444,0.0
2285,2230.8340247383194,1869.7964324322352,3264.9131393094913,3832.1615858613545,63.91801859454432,92.7851258052837,184.72062758853,152.68344577082436,0.0
2286,-1354.3544077196184,8735.262911560654,1831.2588879667019,-9938.939123287508,75.7362906614368,78.85821529017497,166.71001369753992,172.81671887360994,0.0
2287,1069.608851465584,1597.0685918415456,1783.4219886022331,-4169.748887037381,78.27926042829158,77.99675233922997,168.52371550778014,168.4374059892852,0.0
2288,-2673.7491316391383,678.5159460117698,4636.539142286877,2443.82490613749,61.137728064150465,119.5381322587009,188.6620665723572,139.6918830717107,0.0
2289,8017.013811936837,-4371.71055465674,1140.1535879118821,4415.82868068269,88.07348011691404,80.14972616833927,167.44425847896818,170.8756280599412,0.0
2290,4790.608171667063,1640.1720505947305,2279.6855444481016,2563.9776866327625,85.51493586219793,78.9438689236433,154.5794874431796,182.04065314179508,0.0
2291,-2794.8549580827234,1302.0410413845927,-2312.728164207944,-2208.343675525735,90.25004250641543,68.48627238693088,169.48958741857678,175.38220001564721,0.0
2292,-7771.201126299616,3877.874078001739,1479.1686636628133,-2101.3303782906482,76.94898333368573,99.21154165817747,180.39810647615187,163.43901089807116,0.0
2293,7538.89776602686,2633.078332193768,5315.55118038962,12328.40500640341,62.809554932448144,127.46227355823115,188.33800555246142,163.25651636339225,0.0
2294,-8461.1100769899,5234.198333825751,3304.1935653581713,55.14780170058886,78.69327134924276,83.91222775988666,170.44148491632725,157.30391120544013,0.0
2295,5125.6978672142795,11410.88070011952,6280.4631858918165,-46.61472042357451,66.65151165097927,92.23196394612822,181.58578371989321,159.5152942693833,0.0
2296,-1683.3209915612251,3253.4795980506283,-816.6164800100781,5297.299291839373,86.85167041295588,89.20684302835316,166.8473055007831,174.14242184222712,0.0
2297,2827.303766512225,-871.848494794651,1910.5919148615185,3350.5657196801812,69.74826132815704,84.95415865147845,179.42616025313401,158.5394212216589,0.0
2298,1079.4688167412771,953.7282942301766,4738.422054988508,553.2095497502123,71.42832710741679,94.30468741474435,169.36101023215727,156.61506119217728,0.0
2299,4207.275761365841,7094.133879819376,4249.894822094552,1107.9053573676663,69.128815628091,90.06000179770128,175.9158790748509,176.82027039994153,0.0
2300,-520.4403032747086,-287.3983468778887,5186.258220425413,6122.601406972151,88.2238999756705,104.66503984836716,187.69879980186604,147.1134475948216,0.0
2301,12676.736639529334,3756.5903344680737,-1727.0994138900755,-4162.009175203099,70.60988720922211,113.11138664525379,177.7557585289894,156.3130249805339,0.0
2302,12595.013221060413,-4894.1031612207,-4013.9883487466077,2600.349470014642,65.74626574640669,89.97051455116201,175.06958772439643,167.84929593275885,0.0
2303,-6625.399734489065,8054.07117056707,10205.013520235067,3536.9426862251426,91.08257651914718,76.3860299373939,170.48755478042864,182.2270090545066,0.0
2304,4310.189665309188,-610.8320717950462,4964.803938413391,10467.454549531474,83.0433273311989,70.72196714496101,171.9355819724931,163.6633429930845,0.0
2305,-4718.059479370816,5793.178672462778,10229.143834189043,8606.202989890164,73.29763415316711,90.75410173783513,165.66183357464234,158.6549689430845,0.0
2306,-1309.32121000252,-5162.452081944778,-9184.383096716489,6036.642387524372,84.38027833162292,91.91521812655176,163.78474815091081,170.02239329125476,0.0
2307,5731.423300946194,1095.811384925737,244.45446362718081,158.88805277203178,81.98068330401289,88.89230845929202,173.1234598338256,177.4476580635993,0.0
2308,7120.935410569796,-1722.0632948901957,-3316.6353729261455,-2284.57479747019,73.7720279964552,62.21612349390268,158.6593192166392,155.7607312845845,0.0
2309,2963.6556557827116,9780.27364822476,7972.728572424576,3391.9729668721147,62.00907358411901,89.97581775484655,166.75845802082233,161.9825775734293,0.0
2310,-9866.239207063601,7990.687181499755,13485.61488632316,-926.6222424324852,81.59888460283723,85.06295471856748,163.30427930879358,154.84147926232404,0.0
2311,-205.2330832824776,-5299.189240281467,-4339.89673629084,962.1266747172243,86.08795344701075,105.62748901860917,177.0309883865786,152.76014015947231,0.0
2312,1038.5157014511833,-73.08108338988629,2743.187224250478,6039.003584669308,68.92867776433913,73.59103739893989,171.25257103238815,156.91562629657523,0.0
2313,9866.220363993081,7315.703723333141,805.7349025010119,-5087.326676528157,76.51103772185247,97.46750853566431,177.41511881527737,174.6841383545928,0.0
2314,7765.763913042548,-4327.974079573277,-3456.427410943505,2840.1480689561345,74.92212541905269,58.323245683264275,158.6056692592394,173.23144006322184,0.0
2315,-3435.191851730476,4050.1591345896645,15622.004084075586,-2412.7272415677676,78.63025830291579,89.03246890238074,179.0617119981765,162.98392992290272,0.0
2316,6509.894307214887,424.92317777085464,3158.6873607238404,4796.278158629095,69.73195329641712,95.3291360935971,169.56959344267983,161.79684054542028,0.0
2317,-11664.164619287572,7827.15237139738,5361.25876595275,-2775.4241202510593,78.31509405653952,113.60341927548903,186.65021371749506,152.60832336726156,0.0
2318,-12384.22128199935,9389.485688198458,1196.711140400351,-541.0777479226314,88.30965431118777,79.31691170354706,165.34104435483493,166.0429069285217,0.0
2319,-6234.4242826314085,3103.700390452619,6817.700897634335,-2067.054034043424,76.81615708631047,88.1544450472281,168.00991396265195,160.11800729070526,0.0
2320,-4407.05792097051,-1137.5539729585512,3768.213470799758,-7158.957388480806,76.05869153040305,100.92538542992797,177.1082800836887,155.09976316327575,0.0
2321,2160.1352314100586,2781.090423105094,7166.370046977784,10448.828695090373,78.58113581847181,96.14008519079043,171.77271613116162,163.0081372644006,0.0
2322,-3601.179776139484,2837.450582911097,-3674.6167921949404,6228.085069154741,80.79725213121881,84.44503545639233,163.68007281115206,162.69831714683082,0.0
2323,-12855.148706385999,7646.413963457006,1546.1041912664505,-4195.85427992832,80.03329290939494,79.04155455460501,170.22207306732338,164.42501141386398,0.0
2324,3647.406702604955,-3345.0664552814355,-7747.568225259487,11260.951768098912,81.77360032846055,90.5626959399696,167.86001711913482,172.01277587605568,0.0
2325,-3446.9661109020026,6595.690216840094,8126.360081848777,2565.5453459158252,78.49481263166923,96.13841019507028,172.92261031838493,154.56897562635626,0.0
2326,-103.87040027180828,3025.2709710793697,3047.3029572877203,-216.14025668562053,66.74296069667363,84.88864582202764,169.27934462080847,169.81973737021974,0.0
2327,1996.3148040168983,4305.989390574112,8184.223212493757,14033.875961345044,77.68556112195283,93.99366731709344,177.10388266073423,182.4940681413972,0.0
2328,2917.1983696730417,4349.3205068159405,-10606.667186440805,1641.6904016587546,77.53575779067438,95.58885638054844,165.46434636228682,177.3978423695331,0.0
2329,1548.2352918572385,192.50753350672056,-231.65816669882088,5797.863212036761,72.54651372287282,75.57855639089883,162.78062246859443,168.52801504464708,0.0
2330,9590.554872670968,-9543.666636449165,-6002.3193122664115,779.9463350732641,74.72644590946693,117.8706905125546,194.5563366813492,154.80918853853368,0.0
2331,-9443.892865521666,7796.101523280115,6368.975662584232,854.3076133293606,79.4261189030716,99.46229055788824,176.68303534729452,151.84101587849364,0.0
2332,4793.854006672727,6966.914320381008,5795.863244632072,6315.275823877798,81.65126381330867,102.59847133530677,159.9449374966153,165.39040949319593,0.0
2333,4092.631922923796,8719.842123721219,5494.541152375816,-255.2712191626365,69.01618513251002,82.43132374009804,168.9605745413618,175.8179170881437,0.0
2334,6118.558178007907,8138.570536730144,5790.6848559655455,5455.3547399081135,81.0369134969825,86.75253636888367,167.72245821279216,173.39206661642717,0.0
2335,-2271.834176529893,5764.7979957720245,4907.110010722866,11043.831823590892,92.06010513692476,42.12044805372177,139.72642486611187,196.26426197873104,0.0
2336,5302.053454034958,1080.745391856524,-9184.088532657584,-2613.5626354550195,74.7411758544868,116.25695143694645,185.84265603806736,159.22475784162967,0.0
2337,-7631.926792993944,8781.516658624396,8546.963787167697,11977.4524739473,75.98001576825249,87.8616221449649,173.4448387020674,158.18639634417505,0.0
2338,-8965.562100627672,12544.900344643404,9221.93926459973,6852.894043483346,78.94088036377717,84.57980531039124,161.35912425903174,171.07380237087227,0.0
2339,-5330.643316128095,4247.996470854942,918.210154387106,-2958.5514372958255,87.8352224683594,93.91591573792239,172.20641344817,155.42464770908788,0.0
2340,-10285.196001088523,3513.1828023262997,-2246.054511807571,-2122.4725445886397,75.15810326877991,97.51864695173352,184.77986500106056,145.6930761924325,0.0
2341,4572.254273751114,13619.721218882225,7453.669582863673,-2911.4625148361806,84.68252441641093,87.1492029529608,168.48471487609206,172.86091134248144,0.0
2342,-7112.088889987514,13742.27209559555,13250.941774795621,15347.992005407434,75.30561107019665,118.46673902478703,186.08601757677366,160.90487480078053,0.0
2343,2276.323322067712,11303.216169259103,2030.47451916991,-12817.281444814538,81.00225575486071,82.95342580513221,156.58773734187324,178.560146502349,0.0
2344,3046.263689471868,3078.1923365544976,6398.632348786467,9272.96562522374,68.2680878242597,70.3073661729587,159.13565255515593,154.3942803677314,0.0
2345,-6744.266334853713,9680.208162681876,8505.8097043474,10403.298892184288,92.01644483845516,82.52925678757377,173.58784491638679,150.87849239112023,0.0
2346,-4879.902824463415,3128.6970599968668,4180.082970978362,3247.7030790164686,82.91829489788368,77.89504358129179,163.7098560245011,167.16657921897834,0.0
2347,-3194.7922816834352,1419.536705294575,8018.895286637687,2678.615201401675,62.977554790337805,115.9056345066999,184.3492503238336,147.65350238261234,0.0
2348,1939.73245182756,-4577.131210993839,-8124.853706321788,6269.7607981464125,71.96688610255727,100.61468695149401,188.43621112087197,158.2347014356821,0.0
2349,2153.649693810472,9355.625337729782,8901.530667707582,5439.444990386733,77.37381333719522,92.01308288344549,186.68654402751045,154.50324871788413,0.0
2350,841.5157118133778,2290.222629283306,8062.945381669934,6886.340645063452,78.7177656158355,96.37290484665245,185.24636404952108,157.49459366952098,0.0
2351,7717.147540067171,5667.880176407346,-9380.667936606087,-4089.955181461006,84.26773910887309,71.50520912432634,158.36666617428816,172.95412746528118,0.0
2352,9564.576751235481,-2774.6330004743727,-1461.5954908401627,7531.389017778764,84.36587179710217,77.19420639440575,167.53125098109678,166.38385562298475,0.0
2353,-2941.1832835395285,1047.091897605545,3968.2569099363714,1267.1567126150594,66.05959673761714,102.92631900184429,172.6450246107824,156.27067719716274,0.0
2354,9687.541807885425,-3241.307862283964,-4043.0207371662004,-579.774990248485,85.89041804494083,86.16468755231955,161.43427411325467,161.05688411060018,0.0
2355,-7189.585449959276,-740.056884500706,-1015.7948200994089,-9062.59279006592,81.9322616662642,77.83275149860319,164.4652886196488,171.23031148744815,0.0
2356,6136.487635501954,2601.1130104361964,634.0305343517927,-3490.7212841540463,73.12794213826425,70.45744662189819,167.75812780199809,169.25613456558344,0.0
2357,-2134.7121375069873,5340.759070671909,2117.3560948844683,8214.135279092128,93.2018286131287,67.84068602492601,146.52118835778458,175.71462160891537,0.0
2358,-1859.049850859019,4033.4058499103157,13625.24271202801,4008.8524099883243,83.20881694941073,97.75666680638133,183.44404953969908,151.14857793196938,0.0
2359,-236.6638819397422,484.6075176147675,-6724.319344485299,14597.416396343653,74.61515288704724,104.48254548928604,186.6162089541396,155.60100478140836,0.0
2360,2943.37741253841,-526.9707031831268,2244.6025217452197,5214.369954332724,84.47353421567956,68.70203169434379,158.06355722348354,169.11187740102045,0.0
2361,-5328.2884700362065,4967.148557190944,8396.155803436819,7985.352361953072,80.07695192257012,84.30595644754729,167.66510064817956,165.11336871097885,0.0
2362,2260.8072331112317,10713.789110546848,-6326.396867764445,4008.607055218061,84.52849249312987,72.1528414696235,168.2701358236381,160.13051461063915,0.0
2363,6950.476394165663,-775.4149938724804,-348.5983730014306,621.0155795175206,71.39655194599928,100.84950392341787,175.90283587695404,169.56320816157734,0.0
2364,4209.971275965002,5397.6345559729825,4019.2093196842384,3816.0529721865864,86.53789997836166,70.78480694093817,161.85402878487022,186.60135352996588,0.0
2365,5136.917815715565,3750.6068183691855,1839.7944678098602,-2371.7806211350025,75.8902016825056,75.53939631823525,162.81279928117658,166.49135174620096,0.0
2366,3251.4322583415487,2354.9879106568396,2393.8209764020435,9517.157504265831,77.23505489356775,111.66810489149421,187.36998322925396,148.66108372053128,0.0
2367,3033.6265470057638,3449.941569479883,5272.527074707254,6714.700263474341,79.08475362324991,93.37938524509777,168.24376540051384,159.7929486888964,0.0
2368,6501.662421300356,11676.573313459927,-1344.6181458619938,-1816.6313168952777,80.60984223067003,83.19812699525389,167.91066863521735,150.97911151055064,0.0
2369,-3171.070197221741,1693.5220444238091,4150.21649459455,2211.854292570926,70.07980584531366,88.79757065349077,179.60300191917673,166.68052608993946,0.0
2370,2059.132982155448,8059.539844059749,7814.393455642101,8115.1672968792145,76.04143204096783,106.61061454976335,177.9545547841975,157.3207543972128,0.0
2371,-4689.772837070782,2496.0758712459015,-2782.3616643601067,-3711.778036725373,79.85266873171012,76.09097973070386,159.5682023101303,185.22366061488313,0.0
2372,2956.9017329498934,10180.589607294522,7555.322856996766,2859.155843141513,74.17846906598251,81.88864738632242,173.1843714638259,167.4510028489724,0.0
2373,-4100.318308150842,11032.723573755622,9212.418134576563,10943.198274611601,74.5494033111087,83.21868011954243,171.08117274639014,163.32269471096868,0.0
2374,-5250.372562327501,6033.547980196929,12585.514711819316,-1656.5091899512904,80.54240806643128,86.3908418089241,167.33423531734263,156.8544644883443,0.0
2375,-6306.782786078557,10537.468971922677,13094.541987568318,9682.871758250014,85.63155325104532,95.66533242796112,173.8514953702624,168.8224770709544,0.0
2376,-1112.9348138677738,5665.179056865083,4591.178296767508,-2024.820031889907,65.55694741171834,102.55585597518,169.40304336463254,173.4477373280565,0.0
2377,-65.95934728294583,4165.921670880514,9428.764499789873,2727.2342983818426,75.14848320699285,88.3751898945327,183.8351757309337,161.58399831310527,0.0
2378,2117.478023215433,2255.4000495198443,568.7418596318015,10635.984429216587,68.01421766778213,87.31559346255801,155.55308188611667,163.890599544391,0.0
2379,10173.479612546767,-5132.487676490209,-3141.072756164093,6769.116076498952,77.32779444539213,100.67355874382648,168.55255589074463,173.8091842033852,0.0
2380,820.5145220035716,4605.14532223206,6301.389484738045,12134.447855440052,80.2463240848353,95.84257638349784,167.85146665677303,160.24759896278727,0.0
2381,-6460.453712682086,2382.491336611376,5372.768169636594,-2652.915858978416,68.43608772184018,72.82004699211404,166.36441889580894,158.54153408580135,0.0
2382,4627.642135730227,-3973.4812609749047,4195.128141261761,6826.065343955283,79.14797031867342,57.32086356965401,150.46545940434444,185.17135622386812,0.0
2383,-7585.150314212519,1863.9369756484155,-956.7111570829909,-8266.040078708218,89.75771469206015,62.146703120876076,152.1626936490187,183.13433110768634,0.0
2384,2444.271032641722,344.8243276633365,4167.58436796575,7466.574099853013,85.02094626709008,75.4914040416474,162.30788953982835,180.53212018092583,0.0
2385,7952.965772298961,-4913.109210043411,-66.62065493339675,10724.45339816716,83.47990009202464,75.28448949272985,166.16570198639943,173.7226752788302,0.0
2386,5726.998785327423,9804.740998231857,9140.812275893053,9011.625241844815,98.81286561691945,88.45745853899193,167.9973512630381,165.16009572196225,0.0
2387,4569.18002551811,-8475.947456476382,-7900.497370069848,3377.6578813141364,70.96218024650543,103.47921718936082,177.76897484096727,151.8375256096271,0.0
2388,5089.415666858932,2855.137538441165,1185.8967728798539,-2590.2463749888993,85.45507777965666,74.89789846049428,166.25685072343256,176.40539227249204,0.0
2389,2300.1254403959088,-1430.7534035816388,-3486.294839456891,-2154.8760812627843,81.37272172849876,83.3916082296507,165.3043386518693,174.51847148256783,0.0
2390,2007.824524246468,3647.398163078178,7741.615940875581,11458.827431784674,83.80014489949318,118.38507106610795,193.85063774836428,154.57628078627724,0.0
2391,8129.012291435474,5955.340129988593,-329.5517113721753,-4472.484812643033,82.7336134762612,78.982369802369,159.79784915359076,172.7517269435521,0.0
2392,-4588.2058307009775,-3004.7471255232263,348.31331807436425,-702.9593756390384,70.93648790674747,78.32213626701927,157.67979912284923,168.77356261057804,0.0
2393,3310.601952084728,2654.8599311680014,2834.9774194936304,2080.0376089037,95.17776861398495,82.40760702345,160.75040404361462,183.67418397644863,0.0
2394,-1437.3160971469567,98.6758813205717,-1504.598907941143,-1091.5788040788716,84.65152067523668,78.39572553949573,161.70211489886285,159.6899165901952,0.0
2395,5735.033596560094,4262.485528608308,-380.19108325409513,-5941.628682499415,78.3305617545171,70.81999068792456,161.14153589368638,172.90077873166896,0.0
2396,-7833.5931454629435,9525.16859422298,5208.394637647103,7148.97161369462,76.16855581113828,72.00540942607239,166.60679514825222,162.21093346814743,0.0
2397,-912.4905583933964,-874.9950910922881,1493.8404646114086,-989.107628273342,91.86406157848452,71.67875250665016,157.33279608215125,173.16717782268685,0.0
2398,9228.274867117167,-703.5879327032126,702.2933501615558,6555.085246587014,73.54050300092378,79.28463548863867,173.59040220004633,154.1939217763312,0.0
2399,6421.940160662108,-908.9246284125427,5118.750641490254,14897.533527882548,90.74535782008857,103.54845037798214,174.4628023176011,164.40762261741503,0.0
2400,1935.7964700848195,-2923.1011468944357,7860.490653960054,-2203.961312111058,79.65834323414903,104.20603939844365,192.76507697793753,157.6387206384808,0.0
2401,2150.6127724955936,1027.4128771777846,2817.230744325264,7726.431807749695,88.34589562476083,67.23648082232057,161.23082904549597,173.08954100530516,0.0
2402,1211.477748686025,3595.5022838402106,2676.746512908364,1256.3464317415373,84.38978569892963,105.13311256525337,177.5659230726006,151.84433881940197,0.0
2403,-2202.484888093944,4797.951171639076,4538.127466161244,6389.205046986917,87.64024096855437,82.0719084838051,170.54286299083418,175.58355400355327,0.0
2404,-3948.3175214565754,7893.219252455417,11480.370888145648,470.34800718529016,77.42092773557971,75.70974782930313,158.19753940000425,181.10155311772758,0.0
2405,-657.9415886857363,-4069.611639502332,4229.680243284969,-5714.049249749934,83.6476090014099,73.25435220997659,171.98096740811116,167.59123828337397,0.0
2406,4776.317116634095,-211.1780786196924,3038.976986524409,7683.444900322294,91.7704744530865,59.02414105103932,162.3665374854706,167.60383312406003,0.0
2407,6672.731637181205,-5488.8347491354925,1418.7253586595307,15632.548758022918,83.91557771928109,106.6482461207537,168.29562600320742,159.30007914893204,0.0
2408,-7229.01048401144,4360.634778687377,6846.283549434234,-3263.470347861506,69.97625328614674,97.73179783007559,183.015654024671,172.42914152376702,0.0
2409,2088.9715780924694,2383.751831151172,5154.3196170979745,8549.552856970597,85.98002714114418,96.01676905154109,175.74183929536906,164.12163406347744,0.0
2410,-191.15465862036274,6041.296241337449,5477.72240020974,244.13577380454842,82.67915815677499,96.78366229787233,176.56933828816426,164.30532716858548,0.0
2411,2662.5419299091955,-5877.16632344303,-3461.142344527923,758.3498359569019,69.8351706506557,65.46763732394069,162.88241104530334,179.215306331407,0.0
2412,3588.814512052958,2942.222064384435,-875.582242057734,-6108.017559316423,77.01378057337534,111.12387320425445,192.52767413770835,150.47717253055015,0.0
2413,1615.0778319426076,8724.421247245069,5247.431605792865,-2785.3547519027625,73.23827834065153,122.8346570974666,178.03419983594878,143.66428371557083,0.0
2414,220.1127781306873,3160.212653536063,5405.639195461075,5806.486643383617,74.53427454270482,73.32810329589032,150.21080996964872,171.5901283423252,0.0
2415,-2364.4987121186164,-34.79053276230148,6391.4371708003355,-2837.2008030404027,74.44887063985,109.88561891675425,176.54034285167154,166.5830296641365,0.0
2416,304.3227404185553,11327.316356349062,6842.74112028289,-753.3240313767435,85.43704614053414,70.29276331756823,157.59308468393817,170.32053310469584,0.0
2417,-3148.9262997876745,3578.8819920785872,6749.572565667435,6712.620784089699,68.2335767672183,90.957836531968,170.34042716196257,164.657224092583,0.0
2418,4553.739459355249,-2901.583489806099,1206.0949074222558,5591.0621738931795,85.26715440641128,65.85329495299769,162.62187504283344,169.3817432162905,0.0
2419,-7131.756081153737,15643.912298593423,13380.844394814701,6177.749967128893,80.77615732203381,106.074074387877,176.51975656672568,159.60887375767024,0.0
2420,36.60699203595552,1303.4270742188064,-353.6590099252521,3375.141684928113,90.68757436197093,90.73131821767721,175.3756697392879,166.71095064831823,0.0
2421,-4787.8636077682295,-205.02544757591633,4977.611379053592,-1577.65143820393,79.70381497304685,85.80578126555838,181.83397510274992,170.23424446875296,0.0
2422,-4575.594582522656,1871.4389866369743,-5968.993802738133,8268.956458846595,86.03700655733013,80.87191088748281,165.56785021620257,166.9023933931235,0.0
2423,-5782.136527274801,6355.270701657103,8170.494739236677,3851.7558019630546,77.79611739624488,99.30402150559316,177.07672327935126,161.3539996153897,0.0
2424,737.5409775589538,5988.4212050187625,5956.979647389005,3660.43594906464,77.7816026696942,86.47977588065908,164.49537409949605,164.69655262856853,0.0
2425,-6435.193235423445,6985.965499354102,5509.253734975398,5704.070623217577,78.61478154940528,68.27756566852072,167.7116806869461,171.53856925255184,0.0
2426,-537.7870180878604,351.78169099659186,2055.8288621683073,4116.548883849965,82.94095352016262,81.18923425866633,178.77490640702482,156.3169872340896,0.0
2427,-2557.9413815982925,312.88856172423516,8335.959327900317,12924.574825009842,65.0900910753119,102.07049183538676,180.0526428693627,159.18339791014944,0.0
2428,244.96750419937462,1599.4862129239173,6332.126782491153,-2750.0299420293336,79.3798531494435,81.72315300469718,161.1021258507019,167.90302981684718,0.0
2429,9806.85429076867,-2590.8366015791657,-4584.563329962455,-3630.6523401988575,78.34159281860417,108.187254933824,179.2446006460107,145.94369522620656,0.0
2430,-4674.213827853748,6321.782483367183,2260.55882013509,11477.390709022826,68.96487187997737,110.79115877092558,190.3786598133699,147.72860806119903,0.0
2431,-9928.35017814759,8132.640608923358,-1881.2832148616567,2407.419135241101,85.0159773706882,83.23608231640871,152.7113253342495,164.60010534576617,0.0
2432,3366.19929768391,7807.359524890638,-1962.786716350005,-9018.052688623546,69.47735206006777,74.37424868549402,150.52082512919853,183.26467969685456,0.0
2433,17516.016842967863,-2749.5058459439315,12628.187047369982,-4043.9129341428225,80.7213164996002,70.57286512494004,162.98348169111634,179.64350571122765,0.0
2434,3136.28284982433,38.36292871683611,3823.5022547419044,11359.658255716053,75.4589333847876,108.83871224053337,186.86679797767914,151.93825787067445,0.0
2435,-67.39332131501641,1532.8771883565682,1056.3159864737663,10465.178075695769,82.76799368125161,87.02741982099074,158.05026182804733,167.67956568722516,0.0
2436,1042.8862000592526,7161.910834794483,7391.47937902345,5274.590291555312,77.63048317786462,105.08195994021425,172.15277261918214,156.71643521479592,0.0
2437,-4022.4634310820397,2030.6554024870413,7073.370957284786,8223.276272970428,94.12300038416824,72.21074236461217,145.1248744083881,172.14714184592341,0.0
2438,6881.746599095932,3699.649112710179,2030.9658033148628,2933.01575721797,83.19781694762784,68.9594329446181,166.88485475099736,177.75709115523938,0.0
2439,10438.670206791108,-821.2752700885572,1372.784816949796,11047.890207088612,88.0300711406126,92.17703796821523,182.525278850574,159.27243769154572,0.0
2440,450.454308683506,2608.5191102256153,2019.723086571692,-4021.786691916482,94.30150442467553,80.74810278245717,164.2140835770556,169.83026862249042,0.0
2441,4383.149240935245,9058.429539217499,2894.3286810420173,-4259.472448158027,68.94475040990807,67.8783350671938,163.76456869944153,177.49796242741698,0.0
2442,-1971.703976985547,6560.4655692589995,5159.864628170402,4401.968130162778,76.55943446225157,79.60688568167375,165.14126930999086,163.65052629713057,0.0
2443,4463.362189998343,8637.740489840127,-364.88940986535613,3176.0648093803406,85.52851576948494,63.13781651678776,154.39519152741528,169.87417990263268,0.0
2444,11795.05323877488,3390.856556437063,-2901.9623149642107,-10312.226424300026,78.60857560606307,102.66510280288021,178.69584246486096,157.55273215231904,0.0
2445,6516.146203442125,297.6264982961756,1072.801042529023,4636.229935413633,74.86374192472456,84.53032913599569,166.54044686277857,169.81711827591943,0.0
2446,-4044.588614015897,6814.050112516026,8153.303685708678,4946.457055949971,80.80040554393999,116.58290495908483,180.27450536203736,163.63061350127333,0.0
2447,-595.6798602485782,9013.370225525845,14752.367242235883,10832.993935672503,75.24876865417765,96.57331069001162,172.75226478719773,161.60406155614302,0.0
2448,506.86255318149875,3326.9173405664114,6601.610951941646,6571.389300564093,90.57061972189973,61.561551326205375,166.52821521932816,171.83224681795056,0.0
2449,-4662.836373705331,3670.2442559594356,-1145.41449616704,5370.113189526363,81.0822562708064,92.67437844420616,176.59700876511096,164.44032066276444,0.0
2450,3689.394150474246,-759.1436166984704,388.045054488086,13328.372712522689,76.31068970199065,98.65848434906556,181.97379510069737,150.63540326786546,0.0
2451,-7615.318781806629,3616.1818734126055,1913.879055930512,1753.0035948965906,74.19497474429971,61.36443742746364,169.18491243469217,195.29786145239228,0.0
2452,7284.805640942247,2786.029449368659,3622.1683262276256,6005.10646927779,71.52140363192173,75.64472559869408,164.85315941404576,174.4307328924884,0.0
2453,-5484.104650538569,12110.067211632482,9351.975738816369,517.4216480494498,84.10841684714896,93.05814791477405,179.14906411355855,152.8929186498716,0.0
2454,-3512.2938089908603,3945.098337288322,1449.100925042309,420.7941207669292,71.00983234164222,88.22868909839251,168.14750375949305,163.05226103134538,0.0
2455,3873.3686174263926,-606.832766505923,4174.563834560825,9219.60884707958,91.92745142942546,86.63651060267009,172.46123231968858,158.77516566806426,0.0
2456,-1509.974837444302,6697.56200720402,7936.219246235597,13234.026741200909,87.10786797660263,75.4468965424951,166.19179476129932,160.49030832410276,0.0
2457,-4487.377833930376,1932.9453832166198,7025.248430827215,4030.7511464876998,85.10855897724586,99.02271271643228,183.08022165820626,153.56603108265855,0.0
2458,10174.884326804067,-1588.9453062660875,-3547.165956723154,-3377.4711172949947,79.59351497880506,95.63420686231612,163.35586725661528,171.94816115205577,0.0
2459,3099.7002249254474,2654.371351645832,1606.0358077988906,-2125.221719663701,88.92867652660732,91.509790271416,174.00308687122296,161.16207631757527,0.0
2460,701.6315471604408,-1909.0302023881925,6270.470208185787,16416.671863367992,88.88086127759867,78.57326256162614,173.33004643538524,165.74230615312132,0.0
2461,12671.434073142987,-7269.177237319317,-4340.8349784631655,4793.974640928661,82.8944740667364,73.78928942342186,164.659096445599,163.34878137488622,0.0
2462,-2062.2926731465327,2947.683621005987,-3616.547980225261,10625.734615241025,78.612065833815,80.49842889044763,167.3968051221496,154.87492134318043,0.0
2463,-4699.08713834819,6295.166710021391,9375.033188002906,1596.8868922973618,67.75442530787387,88.04225464188428,176.19246985801544,145.28801696882655,0.0
2464,-974.4941833913595,5847.853855222722,7838.853207580005,10428.180287979694,68.16626798787,99.81696570160419,163.74761553619436,163.78778233209854,0.0
2465,-1695.9102159963754,11602.883428311245,7619.50368365898,1452.109830357164,78.99931007514932,116.32673445350416,191.0489090603495,145.23474002349363,0.0
2466,-2095.520518910363,1579.2693465750754,1898.281372869301,3432.5127636278985,76.62067659343515,89.76635363681399,173.7937344163933,165.1051269002135,0.0
2467,-8465.609514333062,6470.882614222056,8154.732979824857,-3127.080585930113,85.76848107003572,96.18809143058559,172.02732444457388,159.3973621828676,0.0
2468,-86.91597923997163,-3712.4731273870357,-5059.290997632244,-2257.937270534431,77.72600599172988,117.83641063670512,191.98984590430604,151.99508750913117,0.0
2469,12356.214107185637,-5049.462047460357,-591.6563061499054,10386.765416606917,84.87576883427981,102.11947665184337,184.4166629741479,162.66660907632402,0.0
2470,-7179.148055863748,6753.565176237698,10472.82634525073,3251.4473112882815,77.61379733673895,107.14861290821983,182.1703116794957,160.16087877876794,0.0
2471,2984.7090183272708,4539.968825193947,5671.640255642357,7648.107599486804,92.24747821218321,93.46033721554991,173.05413524149728,147.98278972558947,0.0
2472,-1448.7264972275718,2253.8654495604683,5914.435447222529,7803.699271810164,73.5792402046434,128.31073020782273,190.398204488676,148.40952041753016,0.0
2473,-7054.630244645479,3589.8859142149317,4643.878147755398,3666.8429966650965,74.32714903520444,104.80871154237667,185.17160075928518,156.53324086710901,0.0
2474,10222.374585483232,-3182.039983825432,981.3583906458057,12223.280565917985,74.07443908745036,78.0942376371477,164.52469535851907,177.56033792917432,0.0
2475,-4320.262319424089,10406.362039953416,-12121.584543433146,5307.599192414024,71.54124363914052,107.73286699346853,186.23095907664882,162.0591465154569,0.0
2476,-7034.759758465175,6023.922225075031,11352.22959506009,-3208.198170306133,66.36389251035308,80.09050856783112,169.24805637489666,173.76043926358932,0.0
2477,2000.8377649623924,3825.5522173590366,3933.229573600162,3891.3930868176467,80.81830647117424,85.19619810119616,180.54123918775724,154.56633571561918,0.0
2478,-6131.215959396774,316.29504346249917,12582.208572583317,22885.790868556327,80.74342596714872,111.76421922560593,197.6043103031026,139.8421878660472,0.0
2479,591.6283390319044,763.2881117030395,4560.110441761218,2037.0912084235613,79.68769194847629,84.31056986516909,167.53557337956386,167.79387714330383,0.0
2480,3940.2414920874944,7682.735829528681,-8968.343535307273,-6100.5581414309645,87.99190870951128,95.22292589924452,170.09657642839935,171.49859019969725,0.0
2481,4459.305747408828,-3428.694591630562,3073.8361389916377,13101.568976441566,76.68509294108368,81.22098432018747,173.79499252760385,162.18162866580082,0.0
2482,6694.145196554313,-3209.1632938440157,316.62917316223195,3860.950563366988,81.80160887629782,90.63518989167801,182.24458140798853,162.9205955243512,0.0
2483,1308.3743907964656,1183.5747675878645,3841.305723256187,7081.779365677748,77.79047751676279,82.77483260813675,164.45953334860144,169.5229781460065,0.0
2484,-8535.501070036418,11151.285555220878,10585.299504889992,4409.783064481854,64.23194353702551,97.27636068620684,176.10263781842173,154.49607227078886,0.0
2485,-6614.760996294963,7338.589801631662,2114.7397716300434,-534.3916338093346,75.06070089397913,112.3240693981558,189.22339121988648,167.1876477001376,0.0
2486,-5620.638593406589,5280.2749771656945,-6626.4963470613375,13259.283185680257,57.31925083435863,114.91749622481002,183.04009038486157,140.6210908833448,0.0
2487,-226.19870892288674,11036.288800507165,5060.572792452216,-5525.441522259214,73.7128274137593,118.29141220659547,191.1324455297573,159.12584078363793,0.0
2488,-8229.696061596484,3390.366542123365,-3942.7148633866714,455.6616264194373,76.57135059784694,91.39700293742341,172.7965023042363,164.44952902655425,0.0
2489,-1084.087588768988,5705.654097583238,4504.0267346879655,7121.801745974429,83.49256216484751,74.36676455797516,169.6545116197786,175.37396698491847,0.0
2490,-6183.532190286403,4681.092695362919,9643.600033314184,-5545.194613156118,94.6550862953552,74.92239609100011,166.53334733644155,175.76180165249565,0.0
2491,5761.410695852521,3026.7472526993474,-9520.984041550784,-5940.072155973516,78.35842200412547,103.31940783308808,180.86636080302702,161.08521508031737,0.0
2492,413.01459793565164,-13223.99858076508,4429.577170566449,23978.241382829663,87.18615085160364,88.19464675367496,173.40104260998,170.13783745722375,0.0
2493,1098.412979112494,14259.350386722015,6585.486390206551,-6762.848709231634,71.1394798552544,88.0211880603325,178.50760663118686,164.36833073905217,0.0
2494,-5685.193693973098,8029.397311297553,3159.676829635346,5072.987696625537,82.17271879620658,109.34609639313473,183.13754784741906,161.1329500120386,0.0
2495,10050.913906386662,8968.191206396103,-3219.621271496473,-12366.975148790476,74.02524294271981,93.96281327862033,169.04983622360095,166.92530918443012,0.0
2496,-6564.401410168292,3262.4003766528604,3862.9118778778466,-489.9293494146879,81.83999856345159,85.29205355606672,163.8326467165184,166.584632531537,0.0
2497,187.3259968091161,285.0515131280389,-4750.701752268223,7960.6451699700465,87.86147506175448,82.65001929048812,162.99692262748124,177.3975380928228,0.0
2498,-2457.732114952219,5992.175560249404,5669.731268190732,1599.084852113803,80.64449446525481,78.20945586050065,175.0994954314015,155.84741737135522,0.0
2499,-5722.521438336731,4746.196576765014,2702.2946323644364,7214.598497934443,70.02426724009578,84.88691019502986,178.8857985658074,158.32380325589256,0.0
2500,-9317.486313892738,6508.548856323765,6104.206617480843,-2095.946805073758,75.99006218860873,115.57000347724303,174.7910803615095,157.7349259707585,0.0
2501,6340.989116419118,-1902.741476941111,4656.797361839146,15275.28798725846,85.74971566580933,89.19054624389523,169.84882481205443,158.09216648341442,0.0
2502,-12014.349775509383,7428.911298845663,5674.815486845004,-3343.261128473897,77.22545146604037,99.48879808764063,173.86184564813945,169.3793704667255,0.0
2503,4087.7119547118446,668.5991295428292,5333.446914296151,459.06454739062366,77.67610501465344,93.52487548846257,174.18284229936572,166.20364708005744,0.0
2504,-909.6793474841788,1499.4055685028002,8332.484488408043,-4513.1317606282655,65.27191264169613,120.46324368555901,184.98449991334326,152.38313874495597,0.0
2505,-751.8136470550561,-278.1366938012346,1129.4079679412716,3196.9597364724236,81.4897192692426,108.75291019711987,181.26029707687962,152.65710876611794,0.0
2506,-7173.338660277331,6578.115497733115,6555.120434958343,473.403359242651,94.433687225077,56.91636861296196,153.2142946268915,182.94741640857964,0.0
2507,-806.7671473135132,1323.7746227469218,4924.658438181144,5581.839010123843,87.3087243087688,104.5589124403766,179.98680559336546,180.08974222938502,0.0
2508,-2648.4996412150344,-64.54145030411152,-1940.750236015988,3269.1368242723024,81.38928995039554,93.72467087254721,167.53624753024803,163.00272254034599,0.0
2509,12523.144404383991,576.9038559462656,-2712.929272984758,512.8620585123529,79.81429159533417,78.8819320026974,161.2756967828155,171.4687029009431,0.0
2510,5394.56853547451,-1725.6259035866583,-575.497424192656,4572.133540724131,85.02328633560698,111.65239281273833,187.77737663299487,155.84182053470485,0.0
2511,357.8327379819006,-39.18082817439217,2589.6811279732815,3063.5519281607653,75.58079411540228,90.12280933054633,167.48614084089513,174.3997479172104,0.0
2512,1615.9240820536204,3421.397716090212,3547.3056143907315,4040.0261594818626,75.94964886694011,85.1089651996729,162.4743039124426,160.96890790955024,0.0
2513,-17074.51384976207,15575.588973421489,12413.496627300578,1795.846639258443,80.62659326496463,74.3411439443156,160.64063352160056,170.59788996636203,0.0
2514,2802.1943954525636,1014.0078682725932,935.0896024693017,1050.3812606509287,78.5239384006213,94.88749250611698,167.02553204581082,150.38524836778808,0.0
2515,2763.9878986046215,-2342.3101693862463,1143.1185716199202,6158.896057805317,91.95179455656401,75.98441653860705,146.49796531165578,188.6075937605529,0.0
2516,3015.343122161075,5054.591263238985,3872.4513878776797,498.75311470954296,64.7270903825401,99.15419731743023,179.14784409337935,138.6222183126019,0.0
2517,-1280.1940358830284,9633.230103641112,8672.441517853385,2054.502763220923,76.41123907355804,60.039370445288256,156.78843910873988,186.13234103801742,0.0
2518,6.065617992489614,15740.965799344714,3177.09047085718,-15622.49403629797,67.35842415843821,112.85403967437077,193.74609114613293,145.66753371961042,0.0
2519,1137.7350351085233,3861.1141815543306,4111.779545955671,1202.6913075064617,72.14140320357419,72.29940186319443,174.82453338206312,163.86283666093237,0.0
2520,9547.59754805668,1469.8908962164908,-2231.350637891987,-1446.6245704971273,74.5526986786601,77.48248263450337,163.55621990662772,176.53742013299697,0.0
2521,-2319.43039917476,75.29392199364615,4379.792575273399,-2545.950043438053,79.94370177232727,90.47093757174244,183.2677465498224,160.27782963925287,0.0
2522,-113.61089987958772,-2836.495963012611,1490.477600468245,-1174.8548151746757,81.90716613353145,71.47278472332016,154.4144118910117,170.27372851452265,0.0
2523,2320.5054603732287,-910.1156252656808,3564.745062814136,4009.656148337494,77.14359911930225,88.05488862067412,185.80459622726016,156.9745548838421,0.0
2524,-9095.799074775176,4823.169509468743,-479.70995133777404,1780.5031837022557,69.84388518596876,78.17971874313942,172.98864682784262,155.5123403153938,0.0
2525,7940.686957819434,716.8181053943794,-2284.358225070841,-1780.5064778039825,76.16039589064525,95.89131339846692,171.64980221983882,168.2783102152208,0.0
2526,-7037.678198397597,5633.030823153078,6840.33352580686,-618.4264756041782,80.70277931340159,125.98101967822106,191.26253570518435,150.7476892611383,0.0
2527,-3741.4038014640378,5484.011306600285,-4166.262518336827,11207.288336727179,76.36058187162924,93.41402696241441,183.73027906589303,153.76621774245217,0.0
2528,-3212.494110844588,926.3443159318437,-4957.974769409109,9787.58259844859,85.38787849543584,83.19569705381453,161.25902592821188,169.78238186718372,0.0
2529,-197.0961024195752,3943.359197753569,6196.033040004272,9467.100955052581,72.25406979455117,86.17192461042028,168.30261769184665,169.36679473099144,0.0
2530,-2921.71123404682,2551.1501559318617,1948.3179262772676,3816.2015053378313,77.73147660882027,86.37420800362914,164.0502533221429,176.74259715643367,0.0
2531,1463.9525417634661,2392.150705927247,9241.289885684684,17889.690389956093,74.5482503084871,82.50661151744416,163.43607780932254,157.72341279709127,0.0
2532,3539.50534196806,-196.50894702789535,-1709.529492316412,-2759.50786528584,78.6280335917827,87.39230410632285,173.65615596736717,168.05324260176565,0.0
2533,-429.37012170958644,2573.598805452436,5822.356669147897,6380.275261926077,81.71713115699495,85.45132061250435,182.1941724991079,151.98271179906567,0.0
2534,-556.3381675600651,-963.2072323968441,303.01396846148964,263.3175240937411,85.81330836612872,102.0989744986947,178.1876441712668,162.89957628747035,0.0
2535,2656.5549797765393,-2434.1477416692574,-15.909617528477416,4700.940670603899,77.53781053256846,70.34573894524708,157.73917265334663,174.837295823432,0.0
2536,2419.3741644512056,-2155.44199066332,-5308.049255768804,12454.845454436001,72.0925444665159,88.9588194091555,166.32790616697065,155.10681046990408,0.0
2537,-7001.223895930157,5038.988463137973,3697.4081713333007,-2388.591226072913,87.85015253859368,92.15940822641805,163.85282998699853,163.53704064183805,0.0
2538,-9561.258777712788,9950.639063201725,4284.546496186882,5326.901054040789,68.92917213506266,83.32169499020678,164.73852626639538,160.6343784562411,0.0
2539,2531.7217435726943,2047.6826696662326,3572.602018026244,8753.513485872132,86.75308112153861,102.94499688303027,182.1523911664887,155.35081561263044,0.0
2540,-7149.00534835819,7971.110584794337,11019.563328070011,8568.122338309791,68.85646833335001,91.49697589153529,175.64543535682316,161.67376255594914,0.0
2541,8042.235144527151,731.3414313048368,-3416.876743848287,-1855.0495825511916,79.34952001291344,85.70932070036602,161.60061340311495,159.1311041247424,0.0
2542,80.96682088091534,9519.294069737854,7506.1154940784345,-86.51298588693068,79.54142025324525,68.1930160621987,153.64015766540035,164.58358935650747,0.0
2543,8438.34833735725,2362.5727779134822,2085.205165828765,5447.592251556201,88.73549301240723,37.50492093991397,155.72524318369466,183.69602247521706,0.0
2544,-2227.290516366971,5121.388664279863,6896.8156603853895,9535.726219744565,86.37152126415286,76.55916460641816,162.46956946831676,181.9422961137216,0.0
2545,4078.2422908262106,-1991.6723455012745,-8238.048147629403,17144.913344574146,79.21259037059333,73.67682125433124,157.82001023546195,167.76037474854277,0.0
2546,-1739.0797422753103,759.7141649688446,4800.966719746052,-2464.259666506705,83.47613377818654,88.45450149978089,165.80919658519144,156.67834900187188,0.0
2547,-1408.6707798628493,5989.613679124102,7650.680809975351,8351.40183061396,81.29811503008574,94.5441345041091,169.73639978022018,154.72922556560772,0.0
2548,9218.30393275932,688.1526487521916,1616.3484328577993,9570.242109352139,74.45759724365894,135.1277666702504,192.84484794737412,134.8946695503134,0.0
2549,-3820.0281755849555,-1105.859163508796,-1943.4984573182646,-851.3049344835131,70.71309028476806,88.85420039638446,157.29545405878213,163.93886285040202,0.0
2550,-7303.085064712697,6472.006635839756,14749.99585464408,-6146.9499117237965,76.43436012857616,76.61585600373716,157.06300350322556,171.44644852400165,0.0
2551,3590.5200577579717,788.8248239313756,4474.58839274119,10565.784325890048,77.58342780901904,93.02130575523186,170.2295011232124,169.2731428360709,0.0
2552,2907.2849985982875,-2983.155307310638,4404.610824591202,10282.739677298567,82.96933748875821,75.51563466726975,168.53122519295223,175.24821679960291,0.0
2553,2223.5753243166464,-951.9567117894154,347.12033506235105,9832.025044365471,79.82723967234435,67.37442298421504,163.39812039826808,174.7086112279953,0.0
2554,5631.43746783775,4726.725112755364,-1593.5799646173741,4680.774566218508,81.81384513734938,73.2875959110537,141.0658298426101,178.15622216284646,0.0
2555,-23.270229994623026,-311.893739554991,-456.5938498108575,4127.267227848345,85.39291377908653,78.47825351777126,160.83367433364643,179.34312141635462,0.0
2556,-2548.7379466845478,2819.1743513926453,1933.2640078052355,7476.4136853055825,66.0788752023473,97.42414589229313,168.23514738938684,160.22129906995025,0.0
2557,6331.746114833786,5340.613834962155,1410.643280064988,1332.8125238756554,78.141417486065,86.83215293892377,159.86980546891382,184.13203230396962,0.0
2558,2244.6812484219263,7025.552305232672,3735.483488778005,-3841.12873899779,82.7018485886046,87.2165395765984,180.83458547631142,158.39137613423608,0.0
2559,7029.730323351334,-480.9326168465478,-3823.3472384278903,-6017.607830729274,87.77775508845025,77.95338379734163,169.69871091916391,167.80625224214435,0.0
2560,34.67792214916665,-1767.223117128109,-5902.312583070506,9762.671857736574,82.17567065735264,58.75111970396454,161.87362545198758,174.8992062089363,0.0
2561,-2548.555981108458,1323.1949362922992,-213.32137393258012,5311.41083056737,71.89311227788676,77.93706446901223,159.48564147202126,161.47025953280775,0.0
2562,-3.8514729219771837,-5696.318165299546,-2369.148516809875,-1787.4981786632432,81.56468189464636,84.84740912279773,177.18343281616768,156.893877233555,0.0
2563,4965.5563209344,2043.7422228963803,697.545605583505,-929.0709892409769,77.1373611960636,91.77068274439753,171.21500703184785,171.99999278103013,0.0
2564,15075.65747328578,-7950.315686993239,-3302.155639429157,11639.177095694742,78.62604234315356,93.95305133020163,170.0297970402546,184.29470894464822,0.0
2565,4848.332220136824,-1437.8249764143366,-3642.085088989963,8493.498202465735,76.17457041428777,106.67387556281751,184.56400729211623,158.76645750987944,0.0
2566,-10051.346124362715,10121.22503731867,7401.689249599778,4966.420237092142,73.89616726897374,106.38784585966556,174.9418574793618,160.24611936739035,0.0
2567,-9052.040176900457,4833.198924199475,5767.646161767374,-5890.166155563529,64.32390098691238,79.10432085329573,165.8487756715259,175.4710308775302,0.0
2568,1112.6370903006975,1669.4656831327543,-266.79433792800245,9287.820300053947,92.46330750045426,70.6835604831484,168.88982384837752,173.4425436546381,0.0
2569,5733.622151309426,1100.4967224267616,4165.358332541012,8566.561430245687,76.20208818790408,92.3503905973698,171.01358067056796,164.17181384227877,0.0
2570,5835.709005849091,4632.303411972847,3326.8247055631164,1104.748336382963,78.63827522214241,73.37569500825305,155.4742513844482,169.7395053104074,0.0
2571,4492.448454150826,-4228.842027454892,-3458.975210752159,2829.8415288154524,69.17398091104147,88.9029386052753,177.50585203866214,162.51722863371197,0.0
2572,-1397.996415983721,9380.315512793071,3190.738351207026,-6687.68778274287,79.22714257508203,84.05150728302887,159.6302126002186,180.58432697887054,0.0
2573,339.1018038486191,9445.48359034338,6220.108227821926,-288.46672610777847,63.59661712374929,107.51505557047325,175.54621938382996,153.01218661882328,0.0
2574,3040.4358920938316,-1070.7095375560018,3759.3013792959355,9391.956502139163,77.6035006923911,63.39991559923203,157.90616475231948,175.70422578513356,0.0
2575,1154.1415827244107,9442.992179290262,8380.332832427079,2596.0199782824197,69.76206476335959,93.72485147376186,183.04712514405722,162.96566409647235,0.0
2576,-4409.096186543099,7957.011632394233,14821.953967667432,6846.02541614615,75.69848578865849,98.9752334778025,177.73124480701463,164.8018095284082,0.0
2577,-11001.257818789642,5169.595768053416,130.18881480471433,-5120.662690109462,74.852683058823,81.53830138147895,166.24024300494287,171.4889724195206,0.0
2578,900.3674428722479,14182.821425937535,7903.386119794897,-6266.3306659415775,78.340950172569,104.0530955671724,181.38901283082248,165.2083083532981,0.0
2579,-2838.799608401439,10835.076329838452,-11550.369061964033,4751.81767047396,87.47580447781904,64.95411705877424,168.95584773288203,174.17560521471097,0.0
2580,-7974.673425612609,7201.739807961307,9588.079300369036,1081.163116166298,85.08550362171272,92.92574721173067,184.6593576621135,175.63849908294858,0.0
2581,-137.68025178430676,-3341.6621750524505,-1502.618295929983,-3678.4735864641475,65.60789784199933,104.03285037256195,177.32949251281565,152.83841880167532,0.0
2582,2318.592502192549,5158.805008662361,5893.9619521662225,7244.771221549602,81.16100793215404,101.5375517227571,187.39327386133908,151.86094944494332,0.0
2583,-2574.4360156440966,7149.8854492467,7172.426911883276,3156.5308808420405,77.2848910804011,102.76405196696187,176.84580339203026,157.51328929534563,0.0
2584,7432.2666642906315,-1331.792602989108,606.4574081469138,3953.783254376559,76.95140286377216,84.5970216482458,165.3009133633036,166.78054006510254,0.0
2585,-1812.8803300972863,4790.809695881569,11177.712106729685,-85.2818859426594,82.34871624317448,71.53440749144549,168.88874473997504,165.9568939436646,0.0
2586,10911.843991404805,-2782.8941174474726,-4527.368691117196,-705.9254613450973,96.47917829216016,69.0499732191715,161.95949445321708,173.2768255993244,0.0
2587,4901.316111062771,-1760.7733186741484,17.240532265089925,1246.3061012218218,80.36196328730966,91.76344938237223,170.09572225466894,167.73702960599417,0.0
2588,10320.429273862468,-6520.2067652915275,-3585.852263142425,8341.636460242002,75.31911796601429,86.10412704691836,173.95781050705378,164.8522491376048,0.0
2589,-4508.718953999889,1694.2616987423025,5095.834987127145,-4145.6970182197565,81.40212083581322,94.10021563109201,181.2612464582749,170.78656633041533,0.0
2590,-4444.546419861228,4430.0822860988865,4905.672496428063,3844.112273399315,76.41672929695828,83.63860258835614,169.34891126648284,168.31803472336102,0.0
2591,184.81119486673992,2957.578004991503,1221.328471693198,10091.024082997545,87.23301301638014,72.25108421637073,161.12315560947007,181.492613119166,0.0
2592,-10492.665124592078,8790.29662450457,5231.970126042434,601.3947556704471,86.10552846759147,72.41808839845632,164.27645857760191,176.8184292185381,0.0
2593,2372.950561323929,881.074900911527,3905.374525799296,8184.321337330106,86.53707617992453,90.49014444326528,165.3728247872858,165.46166435047434,0.0
2594,-779.4701270637128,2347.4432173425894,9742.11878975822,2354.3813225605536,81.93792051741994,90.3851814822179,179.72373842506948,158.17494041760565,0.0
2595,-3288.6909357944933,-328.6250092618426,-2562.3773227268543,1428.1884827410138,84.27738090511379,66.49289035491975,144.44181790826602,186.027877107361,0.0
2596,13282.063536607055,-9790.687483449818,-4732.031735889661,11736.446169327915,73.36252892175321,73.45719832063284,165.96190253986546,152.6030134260836,0.0
2597,7842.780477471878,-952.5966929869116,-2412.2016794063366,-5247.131871566962,86.5109811573821,87.00873261172569,179.85945995253624,160.2786746659259,0.0
2598,6501.458168298944,3575.289324487022,1750.1536035197337,1532.9038550168054,78.37213480100601,94.09135043848136,175.06974473024178,171.35520070074506,0.0
2599,-5173.036522900421,4188.644836149946,6781.570308699399,-1989.0564030288424,80.38888183863223,101.48260194418665,175.9075061973595,166.63870359897447,0.0
2600,-8721.02942673162,4318.44861849238,318.2606510032877,-3933.965752485157,69.51270876255225,108.55541507226599,184.97373933217776,166.7880378263871,0.0
2601,7355.426225962422,-256.8104804971556,270.94751455543786,3053.108109920798,84.39125187150141,86.3734603755811,164.3689972892416,177.13036857125337,0.0
2602,2904.6316379708205,-625.0940923657207,-73.39051720714762,3194.302234596753,82.89450559102349,88.66513444723991,169.74276400290177,175.37899849610085,0.0
2603,-7012.883226015992,5215.49976777731,235.24802532964185,5358.395739014958,64.90340222259529,72.72397616127996,165.22496221818844,152.93843061584175,0.0
2604,10932.85750649637,-6230.069559442125,-1666.7865308257767,9891.755139575514,79.04473982376476,76.45693882536266,166.67015955085296,170.34663171220757,0.0
2605,-6368.622769846578,6549.828607018242,1245.4872942471845,4063.258389374077,64.09638312457474,94.85067726479005,173.95555491022736,151.78992032035865,0.0
2606,5326.177769349449,852.4938708260001,1121.52740481196,5132.670948679644,68.90154151872737,66.6604586863176,161.85808899505523,173.33717810283068,0.0
2607,-8277.80604489926,9041.85544064632,6136.042129943608,664.1464702034408,74.24970732930477,99.89047289485217,174.5613511236966,168.308859433494,0.0
2608,-10010.755175383654,10326.96029721611,4278.207419692366,4991.90683687199,67.36388422456815,96.2646532298415,175.37042996073913,146.68168268165064,0.0
2609,-7531.171747347593,-1099.3670631656323,-5048.072711614647,-6175.850994549532,79.08143079604216,95.06206399878508,167.68221085409027,151.6331859710646,0.0
2610,785.5075360313864,7000.835455312665,6847.428136940868,2306.4861627434248,72.38520065158414,64.56120753628812,163.6064412436518,166.1958901818859,0.0
2611,7146.627101180158,793.3778638979221,-1838.3785157323423,-3164.867406928424,82.08666896431276,59.99040159448853,162.2617840925424,177.9828314498906,0.0
2612,1057.2236172270996,4968.445513578964,12189.367372245233,6494.912873234836,74.31408358297804,105.80201371938556,184.35601374629874,158.9345494824518,0.0
2613,-3283.1205488918768,13927.978783081599,13327.616018859186,6901.043843341849,63.91516351055557,113.81328874139386,183.27088194670898,152.47440164988043,0.0
2614,-4348.951426491382,-52.30726993854384,5947.548956258808,-44.06035372767248,66.74024940014174,106.24685591281855,178.37692422989397,169.19281385205036,0.0
2615,-3938.7621749167542,7951.42585414805,6061.046078252502,-4647.652336429401,92.19633373561344,82.7819041331284,162.19995940079343,171.50500767747405,0.0
2616,-12613.66823019785,7940.685065617867,9015.661699610358,-6250.8708759885185,68.77118522237768,86.68645134146334,179.283816202588,156.11318069828064,0.0
2617,11564.071639673137,-4782.141875200134,-3744.206953967301,786.7117124999057,81.02088699451974,91.81851453769117,173.28540937982558,162.4869042065595,0.0
2618,-19691.950357898924,12524.557461908507,11128.717840504118,-8425.106898957862,69.88669466867373,88.18678093555557,167.18201756381507,176.0715185523415,0.0
2619,-1617.0141808465855,4338.979604011534,8976.270746095872,10466.073123401058,78.91269695506388,113.89749877643115,183.518247049921,151.64516479125024,0.0
2620,-5000.603350624165,5060.3853464368985,-6899.060450905823,9755.399072888911,78.91621855809721,106.56623806974554,187.1664241871652,146.4900501465585,0.0
2621,-1731.8953172393167,2829.349328384825,4402.800848097267,4147.353164896818,63.85432246051919,96.77418221734693,176.127090449835,151.87827657680612,0.0
2622,-2282.6887187974476,-122.62056247803032,-3269.0992429874455,446.00575795589714,80.26870657118008,98.49507530348897,177.97041729616265,155.86263322957478,0.0
2623,-5003.552972345625,2936.195689179115,9863.223639120537,-5910.116310060939,88.87622398071605,76.07723640214355,162.6551241989189,160.98493894879343,0.0
2624,-2434.7610886813645,3291.0968143867526,3404.144595160386,-764.4350671676823,83.02020424361658,90.49048841137987,166.82743216208198,156.67637674244514,0.0
2625,10255.953857222388,-376.62333875607203,-2204.4890334153283,-2038.6319295426251,77.56695480392543,88.04266907859947,167.93703671692197,167.53869469987336,0.0
2626,17076.892793585368,-5158.2897001926185,-4986.96667184376,5102.711183013433,82.83948486523003,97.36205483896669,168.1599078235817,174.8243023006023,0.0
2627,-7786.435718899212,4667.680675298603,2836.357708572525,1820.0940602374435,77.01970919056203,103.93779876372412,161.22065997738883,167.74733521920706,0.0
2628,-4555.363839611837,5309.60010304033,10786.89574700033,1926.3581895862492,79.3711265825081,94.0201307996444,176.98746963427018,166.94961565674217,0.0
2629,2417.8488634316186,-851.3312236785802,3753.2540123816784,9230.97628956447,84.56936737425154,107.82007127916792,188.49606065529582,151.9192628904213,0.0
2630,2115.6651899262806,4813.761493520658,2762.9939867616904,-203.51614776709505,74.61344240624922,79.78415382112408,173.5858477651567,161.19172331012905,0.0
2631,-8383.266727028922,7378.889434423557,2108.5382403080876,2519.4676344755026,79.67749499116333,111.24917700674092,183.11531753519435,160.4498650184397,0.0
2632,-5689.012371433689,1312.8214918363458,1912.620770878944,1358.5292315011377,74.89332929578832,102.77788561528196,179.54920900247362,162.60933816414692,0.0
2633,604.4384842605051,446.8143692109048,-3687.0947540277084,9414.429937299195,79.93698990241558,68.86264137940054,158.63113208610466,167.54244410295095,0.0
2634,-3430.4922679972356,3085.1748956999418,10852.153727976576,14667.67688446654,79.7234946043075,72.41379524108976,160.75111636822453,167.59429302091888,0.0
2635,-5869.812334023753,13144.424194820696,10078.016177105448,-3222.990830575563,76.04076272203719,89.9032296931869,174.47331186043874,158.04042639258762,0.0
2636,6721.855914584445,-335.99079468471695,-2981.1973985161503,-2531.122170815319,84.89750787113691,55.525923982045,144.52459684039343,190.1083895868593,0.0
2637,-123.48162539248841,5585.768005164643,2006.0286639626881,-4101.2986983598375,63.65813219017538,84.17981992900442,169.61106005467488,155.75447218295267,0.0
2638,-1884.0751269519321,5393.312353999889,9490.744531665072,11573.807741181494,75.32773096321358,106.1082909487483,171.18052636212363,160.76828744106763,0.0
2639,-255.05816426204663,7077.6430667576715,8192.833364344731,7479.1085635383115,76.31986234189299,80.07661221422048,164.18518126078266,171.62400955316247,0.0
2640,4701.365241460571,5079.259102707137,3372.0863264668697,-2043.6328023224592,79.38373221945078,65.69053952371351,162.63111835240377,165.71563205340703,0.0
2641,-2373.916733707804,2499.025139328913,7358.0226139170845,1031.5006119948112,86.45362846474256,65.84295866314639,160.73319924221744,178.51836137363273,0.0
2642,-3269.076924646291,4443.991459723959,5337.219615931465,6324.4814069982785,86.65328013096627,86.29001147440921,175.48044709441288,182.02051926289332,0.0
2643,4490.414396093614,10948.315820765225,3564.2796264492754,-6417.960713947849,89.55802363656964,88.06834341423826,165.073598085026,163.65666440318364,0.0
2644,-8806.298632674416,8527.729231388475,3286.351496288452,5413.210274293572,84.80559394598771,77.58364432359606,151.0706448069888,180.74805092941847,0.0
2645,-2642.930443134239,954.5588618495638,-1574.533216911766,419.95731027853236,74.79863337084058,99.59699008349531,173.81150587881575,153.48280900305454,0.0
2646,-3623.9169036044973,9114.083792711153,9397.84932328164,10637.777840112549,71.44599179490164,88.13708315722391,172.0054159014868,169.79759449843584,0.0
2647,-5019.52089805951,2283.3414778517194,-2630.3964601055345,7484.161274961593,75.84480203400264,61.165994412620066,159.93189528527262,170.46631346028843,0.0
2648,-4701.67984051295,6196.908933842438,9704.941573005537,3666.388544337071,69.34271922212618,118.005687324395,184.2864446505608,157.75865881059596,0.0
2649,-3842.760643412453,766.0387369990889,1843.2364079202623,3922.35800434504,80.07578436589736,87.86815389120245,174.0696163971166,167.9507708801062,0.0
2650,-12856.663138284184,8704.29445589444,10299.088769652302,-6024.570153196489,85.09440703204821,92.18216462967163,163.07233489119835,176.96012922842485,0.0
2651,-5772.668115316891,6219.353804887493,3324.2846429260126,9500.327714689442,81.19543852359632,90.74258226871531,172.7007219487317,175.99496438061746,0.0
2652,17571.815444968433,-3817.818283763766,-2029.658453026283,7616.25505847087,73.15675793025858,84.6136365724285,170.26912757871105,152.64700322632302,0.0
2653,2654.8728472062026,11559.669309076002,5414.3886370225755,-1505.074417304742,84.89464951575741,51.07004266018122,151.77426768057967,181.76292276560946,0.0
2654,-6389.29615457304,7738.014267682513,9783.997518724358,1826.7168748742486,85.70834292444928,40.289502087139994,142.79464085416805,197.23661920105002,0.0
2655,-4055.1048891608802,4775.523706302186,7611.779076013279,-1141.6262571661125,75.40433570250028,104.75305291873366,181.184859238327,164.86273847386875,0.0
2656,476.2698698292507,1462.5822334887641,1364.7081615599484,-536.0358086447508,85.46426864179755,76.51612387747481,159.9152673962585,170.38896104552214,0.0
2657,3606.337264845109,7688.531022711667,9297.166951110767,10294.77903411665,103.72093880164591,63.77159521221168,173.49018606802574,165.10412898473055,0.0
2658,1819.505181207765,5798.142236083757,3846.796894176579,-843.4392969124729,66.26082184876203,89.03981986516325,177.75925940994506,174.4437950742623,0.0
2659,5214.45444567273,2514.1524170645953,2141.6706958762884,-365.68775839765743,73.37981908150377,95.58881680178004,177.90428148348929,156.9569561152548,0.0
2660,6855.919125867968,2051.909968107049,2852.1558579579905,5240.448517597206,83.79890522184076,83.18141714728048,167.94691806961652,170.8481677684849,0.0
2661,1109.4128862585517,-3987.05785778324,644.1215250158776,6575.794388966357,79.69290471253116,101.3836028384957,180.3871075614897,163.58186476071165,0.0
2662,2919.983273568446,-1332.1866963340888,-333.40964778823957,2285.9141982786655,79.88421702176487,63.28666468278674,164.12221844734654,171.35954098991584,0.0
2663,13808.412847966001,-11029.55741770047,-7485.351700379498,5177.914761993082,65.62336796057238,102.50990027231427,173.87117641098524,151.28328306326932,0.0
2664,8445.165093257194,-1263.8100453476072,-962.0953709926714,7320.325302831621,75.2863697560113,95.23998257777599,168.21658318950844,155.69048022727893,0.0
2665,1113.8666823614378,122.23562613360394,2213.8030900630674,8273.927465503692,59.18061771972917,88.92415221685862,173.2317481598223,155.262963680375,0.0
2666,-4024.2856422910077,-609.143633057839,-6443.995622183067,4284.184917179809,84.1602558529401,108.86748028897001,189.10751851811136,154.30918805913228,0.0
2667,3193.7534756736195,4326.095951479674,2361.2193185482492,-1475.2753471104704,79.82892518770039,81.642764761625,176.2778034098136,166.7595568637163,0.0
2668,2182.008251074662,4287.235583322025,7051.975346700719,8695.220341926844,72.4245129150001,114.75792853964434,179.74233824226206,155.6138663314889,0.0
2669,4543.365730747419,-7729.728475734044,4162.2068436320005,21704.616567591536,58.68099412724699,118.32582270259024,186.3113262193147,151.8732822628449,0.0
2670,-4436.53199682441,7703.90728756602,6526.458335991783,12425.084735911141,73.2279666022464,102.03760033418749,164.62798770441077,160.79459527262892,0.0
2671,892.6166944340266,-1285.4218717725864,3932.6856990914343,9199.544780047874,75.82394133687838,75.12923780290174,168.0209494011226,168.08811144343403,0.0
2672,-1953.0325451006524,8405.889657416896,9918.802764931635,5273.673607294468,85.30027467371089,95.82753655742455,178.00282617881368,176.02969114822244,0.0
2673,716.6928825869734,1445.5487501200657,9964.90770779722,17092.438216505456,92.85546887457274,118.35062633808127,193.7468091980303,145.38575580943402,0.0
2674,-3370.2388444017975,2044.7367151090093,5665.361806120959,-3789.475913893143,87.46093127531597,83.62188249958012,161.16372652171424,171.4884707329222,0.0
2675,-7493.803178842379,7634.027599144931,12838.471905083014,-2511.3170052880355,66.22300998261119,85.5559889335786,161.17851627132563,164.79447368743595,0.0
2676,2689.317779397431,4198.368659365991,2650.428610338683,-395.8952242783811,92.53800976431536,93.11624013066952,179.62098397171556,171.39221342693068,0.0
2677,-1698.6538099439924,6379.355426969094,4490.6126033728915,2123.9050933333187,83.5304332367829,72.07333007815541,166.62871138079007,168.2964271191905,0.0
2678,-1544.9944819458112,-281.62436947489635,-5727.44135634152,8074.026313733895,76.47045899565886,95.65373378714784,173.1193359358622,158.1950853563525,0.0
2679,-7832.01943720562,4637.6750162945755,8778.82030633501,-4066.9609276823876,72.84023800673128,78.03580105379862,177.09716291794552,168.0232507697584,0.0
2680,-11952.634763792086,11116.366370602218,730.3031330096372,7101.582513901011,76.56618871599784,91.40105901087016,167.08977606541626,168.621448150112,0.0
2681,55.89069756015918,4454.492738812305,7180.451214764128,7022.271251824814,75.3979501758742,129.93544903040203,186.53527477657138,143.67146153153462,0.0
2682,-13623.623764154927,11937.227107208646,4675.403058159518,5197.5970519190605,76.76201845779623,66.67688587667449,161.0615483352188,167.90105497754854,0.0
2683,12153.363988953482,3303.9815720976417,-2611.2054307348803,-5351.612732109683,81.02038867528829,85.39418712460598,173.15786552421832,167.07508675872248,0.0
2684,451.27230213585136,-289.4548520914739,1639.5437759247504,-4175.957337295557,77.71282158080989,89.2940975273304,171.60025181303587,166.55466706134112,0.0
2685,-7174.692616992374,4001.40274252154,-1114.7583943239642,721.4417298087228,77.24873633566384,84.04847780131773,166.71933969195268,162.93214395447112,0.0
2686,-1297.2773817759964,-626.4610948959421,579.312103871255,7544.260479908407,82.86389402785686,63.1226718209725,156.53180367703715,177.85576995025815,0.0
2687,3780.8768433747805,3214.1344333069196,1552.2227098125406,274.27558727723647,63.82216739338814,110.95627836325035,182.05595419994117,145.61206076276017,0.0
2688,1229.0232638301109,-4063.9051958618247,-498.2573887291646,-993.0855879588747,84.73414582115079,63.4307448975878,151.7846187641776,190.6458108144402,0.0
2689,4150.5914326064185,-6698.741821670313,-2332.3037387631725,-1219.4783190090939,92.49735251361624,81.87434498463266,159.2019879807611,175.97193472915515,0.0
2690,-949.871384922822,-758.7543170697467,3138.0877417023476,1860.771063177072,92.3766731238092,84.06025099762763,171.40114728427747,175.14063650610188,0.0
2691,13444.818233151487,31.64031831714942,-3203.670965441647,1617.0183190040266,80.96932947715337,112.39709674117204,183.3182089449812,161.6871034282534,0.0
2692,-1023.9365259322715,-2917.813060033905,-2141.816044845356,-1844.3126233581206,63.84245487686425,93.4137002073284,169.60070339307867,160.59984715656364,0.0
2693,13216.533404491025,12815.986363015465,8195.415491815422,-1804.5649184031568,76.5664803797165,92.72241102109561,169.74550779122077,161.10623413946814,0.0
2694,12487.009674454855,-6048.23581133342,-7230.633085847062,-730.4981008025861,67.57131887486183,89.66326140040746,162.0739525420001,160.5646204518559,0.0
2695,2899.587860266549,-2130.3302040846925,1289.5691378542588,3903.3482975837564,86.83265071220357,60.49950246135969,166.13194564930765,168.07819617862782,0.0
2696,-4299.674761862916,865.3473472016566,-3675.4693475984886,2274.488522306476,71.06905942353521,119.47660984467932,190.5813494163483,153.96829149423968,0.0
2697,-10936.449258486495,10123.880737867183,17860.67764892501,179.75742517355718,72.36112497324778,62.945804438319556,158.33734628490754,165.35615593726993,0.0
2698,2568.337746819811,4417.963576757036,2305.1909587056407,-3069.5067738752273,85.60413428891168,100.33652797776072,174.8860480534311,156.1320171801784,0.0
2699,222.27610136596664,1710.242584388415,6000.446920219556,9806.450165707436,78.6549888921579,94.44419571578798,181.6032845251762,150.74027391929746,0.0
2700,-4055.7061517761585,10807.44154779409,10856.883778496349,6006.455904349885,88.95070147445472,86.33558112575359,172.00680074226432,169.88819487939628,0.0
2701,-3697.4510857717078,-1712.8893140371617,6924.91814138687,-7563.463262208099,79.3279097993753,91.18715622815861,168.71234946558408,163.32893626503702,0.0
2702,1377.4026532771702,383.3042239458484,987.0572981101495,3040.3051419414373,84.74056509829462,59.4969477249909,151.94985341504156,167.47809168091692,0.0
2703,15513.953634771446,-6923.549779467825,-4706.357493585521,7156.835531988158,77.26098547200455,77.22312702442116,172.55435474353402,161.54134645543022,0.0
2704,2352.4445500544566,1874.6774979243237,6280.21034082714,10283.426042034396,83.95410423115652,105.9109940643117,183.29474172319024,160.13018922755526,0.0
2705,-6604.2260240568285,8819.566502435062,11540.536955006704,4588.569820323632,72.21083256866385,99.53572023601353,179.3240920943924,161.18732791543178,0.0
2706,833.9154680924037,3921.9555650865777,4889.6226552550925,13459.666770016956,81.18013450261708,100.82896832864307,186.43203694833042,160.23153803852105,0.0
2707,-7650.064365702779,7964.074740718001,11172.248392574147,5314.970550251125,79.81596251209554,108.26240338680377,170.58026785045155,157.60940870086182,0.0
2708,-9527.013135800009,11005.492875776956,10461.58373472962,2367.9865150072537,71.75733402303071,91.27720262329039,177.05751057546442,157.01238013804942,0.0
2709,-2904.652384838973,3127.234096669607,4999.997432003947,6399.123949696227,93.5381477615585,110.09256840491453,183.66403452035328,168.29447432985648,0.0
2710,4864.855362484727,3005.310246026606,284.66754660556813,821.8977855869878,77.6373655323839,106.70295785703131,175.3696383688868,159.4865933358052,0.0
2711,9755.692006690779,8020.668259202062,-6250.032444546372,9819.242470583002,80.98852416321513,61.76707901843822,155.13241627383948,173.74664207444206,0.0
2712,-3520.7988880302078,-2554.116107257176,-2077.195458424331,-205.32552837825511,82.04891505824885,57.50013973404933,155.0447140465393,171.7124356170465,0.0
2713,1805.6093468433876,2751.7766622735858,4364.900607203223,6370.501095458771,77.69427097225035,96.70456460547537,180.9456095096254,170.95419604956118,0.0
2714,-1082.2884254805786,1889.438218321493,4712.953486578987,3553.473655905851,91.58565165520878,95.77055853288245,175.77000045130993,164.76045056675008,0.0
2715,-2834.8997468580624,2916.2509913622303,13340.353335815102,-8141.95968719519,77.47894526444504,71.02241268614048,169.737284305626,156.55705540667617,0.0
2716,-757.9076923729153,3040.415376832004,2614.687460585183,-1189.0019821371457,87.05073176453823,108.11419292658815,184.42490086973075,166.6113153665582,0.0
2717,5915.327576123371,-5602.674705288804,-4026.16802808147,4673.195887001481,76.09008282027946,92.84273997562929,172.98108176899507,162.56057484637918,0.0
2718,3400.912530330788,4575.247040924922,2619.7552434479226,-2990.472561295251,76.78475256096071,123.20086268667455,183.83434414094097,149.61909901400713,0.0
2719,-4513.8208981789085,4936.562265408951,4089.154776887523,9757.885455164786,76.4174610226637,94.02401661858264,197.1147916086806,158.5774363460479,0.0
2720,4930.078155292464,1007.6130038354524,3092.222012409091,7258.732260872941,78.43416197782005,78.77894774641777,166.25709130110997,167.01606235332187,0.0
2721,4016.220238969563,-3221.296747530419,3424.5810697944075,2883.3485581942773,80.91936146095318,53.52925678076147,150.18392767322504,176.03982203726204,0.0
2722,3962.3672316360576,4742.25798317224,4886.722981286434,4029.47309372186,78.13056956185798,115.01827922298901,175.05604025002518,172.8097593093035,0.0
2723,-3020.24846245403,9678.54560147841,8127.3344517747255,863.1986671827816,68.15715611845829,75.87925008669988,165.91493804709737,164.31202041501317,0.0
2724,8400.431036501239,7190.357549138808,884.661167021993,-3450.098283966274,79.4222451672888,79.13515157231303,166.08533728288393,174.1270049704984,0.0
2725,4897.983031370749,9160.192611096847,4186.267489880187,421.0012063972299,68.63781550232002,80.84538437750417,168.83964252410314,177.75956367356383,0.0
2726,5.231793283345887,2833.1348694287863,5846.67612461174,909.5012093407488,88.56641304403821,75.6295348457873,165.39640954226712,170.31175717724557,0.0
2727,-9798.897009580467,14136.26515503991,10420.679842757909,5881.7340740292,78.89843220375344,72.46344793022426,153.9478725163998,166.93708567784225,0.0
2728,5016.144396296402,-1842.262220315233,6789.7542991468035,5216.75604632906,80.57345367887962,89.9893983569107,172.9561836709386,152.4656736545861,0.0
2729,-1589.7731894212943,6364.005220137321,9063.52003155608,11894.779591093575,85.05941856236477,67.5479150319724,160.87349393626062,172.16189612049055,0.0
2730,8982.741758888986,1944.8223945090213,67.61141891101374,101.66715122254955,87.26915659462642,70.20385527347389,168.4670234636524,187.81583917475254,0.0
2731,9550.023110335256,5592.944022905089,2184.3377912413894,823.6007926817801,86.05313575008194,76.22370474439485,172.13883530465668,174.54448669691516,0.0
2732,2427.3816408892894,6559.933724361174,5484.911348168644,6312.339580248563,76.75856478520043,76.2048127510218,166.7677681519216,158.16127480519498,0.0
2733,-12365.915471996821,10836.625667026203,11361.249104685414,4126.543432701143,86.82916156691859,89.40100648015955,178.12482381622476,156.3519652579818,0.0
2734,-2765.876233313645,-2193.272817404741,-7695.8857814232715,-2511.707531099172,77.0790616908568,122.06997993415081,186.50045336475426,158.13594990503375,0.0
2735,-1703.9029236648798,6381.430419885067,6778.647009504272,9544.887086960063,70.73310432735906,117.17263646999444,183.7383499863125,155.5526864915545,0.0
2736,-2744.6114235854857,3731.8524732058354,902.9951839366506,-176.60880382919686,69.47830871214857,101.9441462140857,179.52437403020846,163.62933848576887,0.0
2737,10318.368040321238,420.0561647151959,-1874.6346753252933,-433.751451969258,78.64349055206772,93.23090219405489,178.39414838886418,158.04043527001616,0.0
2738,-12593.474484229075,8355.267616751331,2989.5475903610195,1599.1214749958056,73.48817438316233,101.8777727534694,177.3390697904851,159.51505788624107,0.0
2739,-4735.568069761444,4527.242418105117,9053.57345287675,-4669.226750350446,88.13756002511752,82.27050251269212,170.83680192708536,181.99264544797106,0.0
2740,-6316.300559972598,5613.031457244638,-2895.320767038312,1090.091669662864,80.7931390867985,101.57791529745563,185.45784635159785,163.92521239657802,0.0
2741,-2822.444193721546,4189.392372010709,7586.698719323166,7639.916908382942,74.15747237619718,94.20560824491903,178.6827052040921,156.023847896975,0.0
2742,2505.293277722301,-3513.4818660613605,-6989.084759044081,6971.63305752145,91.01491162242365,84.66032154979906,175.81308125044205,165.62599439771154,0.0
2743,5102.46691435992,13407.575859793289,4503.194924047788,-6409.049795572447,75.06069445773328,89.84325804443876,167.11405143946416,169.83396472376407,0.0
2744,11468.083653131851,-10801.7783784146,-5878.692109209979,4859.92853628367,88.78958849556666,86.12361393081187,174.55957290565266,167.19720382247337,0.0
2745,-5717.346758549713,6885.107579132045,5870.592602095173,4416.824248196187,79.81317712651106,124.0231781918765,186.38829531630228,149.7613093886181,0.0
2746,-4817.128594317835,7371.859860876207,16451.770404328498,5406.387163738085,65.49859147078135,89.1220554543379,168.85326468362481,154.09836771796617,0.0
2747,-6018.19645358618,5222.468678239298,-754.6062283168316,-557.9309554145655,83.13790157041554,40.095119578524034,147.22749117495573,191.72689714544526,0.0
2748,-9359.921337731803,9217.941526448374,3564.2027049813855,4915.666288775821,78.73439375752179,75.39851826136022,167.35294384324527,165.74591197865206,0.0
2749,4636.480625148048,10123.359564474767,2842.7417446071636,-6579.035908834184,78.47967211764336,84.39772108695806,172.16577881371614,148.78887267924637,0.0
2750,8509.549502871309,1998.9628635037864,253.39013160691871,-152.92023118447952,85.14176708416433,92.02535615371374,167.63715872119192,164.50635720600962,0.0
2751,-9210.20070115343,11040.496382949677,10655.151627304382,5309.79480472003,65.6528437159756,89.73667250660549,175.35593896574778,163.06292115811732,0.0
2752,5647.266985241539,-878.4118536862153,2814.102665696331,12286.512282271353,67.35799968133365,102.29940798630697,168.84186898569268,161.22977549227488,0.0
2753,-6017.750953829118,-371.342103556489,-314.5219963947268,-4230.170878887215,74.23561375984643,69.28660350406446,161.81554120258502,164.19438366514734,0.0
2754,-84.27489509714636,11359.979543486015,7192.985936347803,2483.303329024509,78.94314282686128,84.48602314698466,172.52511624515606,168.76905056817816,0.0
2755,2117.9728353095315,9215.246374434799,6351.235022395625,3046.503621256136,74.6884290964168,85.2145316848892,173.29184740351604,171.1866101962664,0.0
2756,-4007.446316139169,4055.791109898612,-858.403645465406,5809.546704841777,73.20890655164324,78.00196221973698,163.33058234588282,168.14770898616047,0.0
2757,-255.49069953834413,12395.314190209001,10619.520663721118,6145.180912018832,82.00071776143615,96.53845470338162,174.61794527525112,157.09894254890915,0.0
2758,2996.5863942230917,-2929.225225998041,-994.8380693160445,287.4272348467359,74.90072348834916,109.16481047494538,182.71502786096903,156.46846684426694,0.0
2759,3300.263210796896,7220.232262963407,5853.279356620158,5419.663973781434,77.23534225691326,83.77248400423468,169.37474102652033,173.6684100874057,0.0
2760,10283.19100946463,11934.036040981338,2247.0109610818154,-8205.062595441383,71.45282977634331,99.67844735836586,184.04747792874758,156.99121039167605,0.0
2761,-2350.4184938369385,-349.03559496046734,-76.0908734635799,-3665.948900497791,79.40142535141806,90.03674729724521,169.05902273559045,158.62404097923928,0.0
2762,5539.870717659152,7139.162462810495,1294.4066509735474,-5760.233332766866,69.62829316496214,103.02690520163877,173.73062598087628,159.8138219400563,0.0
2763,-2880.1838861937877,-2144.880333827618,-3459.072192194928,120.86368363318113,82.1416806275655,100.15457747728078,177.2763315087327,161.87140387558077,0.0
2764,7125.599271916196,-3797.8404333701624,2055.804266800568,5532.908530794216,67.96386716726401,93.61153550503755,182.7993676939832,165.38667125436766,0.0
2765,1910.612798117037,-5711.333519792428,3383.6565569928393,12207.81726531097,68.33524506491588,115.06074570447439,183.42643617295192,157.44759839050786,0.0
2766,12331.304089726536,668.220257389112,85.19303550252255,4272.277558456168,71.23712056046736,81.81182045879348,169.84812195190713,164.90625590724585,0.0
2767,2385.6528668543547,11608.135051293557,7312.21721230323,-4704.781232603985,79.21371421082766,82.91300184616324,170.8865484527632,158.32397525641466,0.0
2768,2572.291541051325,4855.6653633242595,4473.973044659139,4335.6719301131125,74.40930665864767,117.22350436550255,186.23765307629392,150.2602695769485,0.0
2769,2854.848275069608,2142.413239696993,4353.864608049252,6083.86891794558,79.24020688775416,73.19664916251779,165.50380773288416,161.73842084568193,0.0
2770,-7428.778766786763,4068.621484158459,3420.548190452154,-3915.6024975301348,81.21620611291354,111.78968384090207,177.54755777749298,168.76541111078274,0.0
2771,-1957.6774908694224,3716.690791321951,3139.698634891593,7238.602106903022,78.51581028655424,72.92308876861166,162.06959282921846,167.8372103817904,0.0
2772,-9171.642101387504,12019.121740002796,2501.035614150606,12889.862486545591,79.70775588861241,88.34641520307412,174.63790753924002,165.27335646139812,0.0
2773,-1687.791217203005,7449.583758197061,9252.481836338688,6695.476301351885,85.34932064887965,93.64787756849717,177.23157551977548,161.1910045079851,0.0
2774,-2830.9728236482397,9576.466398008064,8705.47417339502,2646.7034861596553,82.67376337469796,63.22365368335787,154.16945705992504,167.53013997531454,0.0
2775,7822.7774364364905,-2053.076643415697,6759.6184501420485,18253.44572556069,83.02918764496766,77.18273597981508,165.0549276481025,181.3587301112741,0.0
2776,-5314.53297082597,-1394.593860742003,-5423.585349610182,2161.14664274999,66.17300420803646,72.26794709830759,162.0464950557399,154.77885456710095,0.0
2777,1170.2899864920807,1033.3623156501642,9891.595527138146,5348.037878088934,68.72544167370023,88.60130706683717,167.33674146445452,162.89816432280458,0.0
2778,-828.7082027772574,1014.2839894065622,3458.046020744053,-1167.825901968858,73.51879938871139,88.00878609597099,167.6275447221748,170.9067244310544,0.0
2779,345.4014830329486,10573.611660379416,3009.536294673926,-12943.516230601657,74.75878495097498,72.82074768107766,158.6646399817803,176.66708046713202,0.0
2780,8896.170659446589,4318.2361503245265,815.3150209593263,-3447.5672204241037,87.8863463387501,76.8891642541012,172.3852889645249,168.4262262037142,0.0
2781,-1714.7252121371976,-1524.3635319974803,3163.0077153590746,-2293.704672218173,88.26518443305181,85.24942502075307,172.6916366408378,167.3519066408783,0.0
2782,-5044.229837973158,-874.1995106027649,-321.6308273601238,-8420.235584113585,82.05383119958154,80.17190859118237,163.6541258722881,172.5477544209689,0.0
2783,1878.8243194792676,8795.12954804971,6260.6995993130595,-211.49128269652851,72.59010737972946,84.5899228014533,166.89058209261188,175.5755142205996,0.0
2784,2275.671510806799,5147.942084048826,3355.3394472082873,-1818.280005878647,81.38309022352016,64.51973834573442,149.98317987590204,168.52715731713468,0.0
2785,-8687.495996928388,9316.414275420791,7491.49609001415,1345.9004438394295,74.70212259260795,85.74146352439982,173.6065336956225,169.89476500889424,0.0
2786,7466.521995944433,8094.414258538332,-10058.837516533562,1757.643420347176,85.27634582709526,81.70265203746817,165.24405962218097,176.6636652607562,0.0
2787,4364.515053974944,14036.909931607766,7238.101518278262,-6739.685023883844,86.9777425224266,66.32340192126433,157.30129067330427,180.8233517832131,0.0
2788,6197.795664473575,-1393.4570393741014,-408.1326468215045,6077.613082358892,77.90283999710155,71.92548857379046,163.7940179478873,183.6574535622555,0.0
2789,-3219.420926018726,5554.138561534046,6436.145275093971,1796.625835787342,76.87675294218366,66.53896445018805,146.66692792268486,175.81079187956553,0.0
2790,11680.762116069716,-899.9536506581367,438.2728761518608,9540.667496595466,86.45076488582973,91.9417984988241,166.9374880400211,180.94202600217903,0.0
2791,-2929.2451501853716,-751.5408365345863,1677.9127449102637,384.89893641046,73.7164166864547,97.53581296327636,168.1666352513999,172.44247818657624,0.0
2792,4614.994483031167,9559.597334597067,4125.6632118167,-861.6561096836119,85.09532992619819,73.56751374988816,170.26251165959,178.2758670240875,0.0
2793,644.2488527992274,-1234.9339324132927,691.3536349615756,7602.7496126753995,61.454376626907674,87.87950843048583,173.27489205355084,164.94089848979104,0.0
2794,-4272.659634640674,8602.61698119141,11952.511940303679,6656.603704488566,68.1475428885716,85.97755455241236,169.77889989727672,162.91942682056887,0.0
2795,-180.86751711045056,5805.685054847127,9603.276062960824,8817.767416309349,81.47201049263028,89.17398708361561,170.97312422100111,157.17556242264533,0.0
2796,-2954.8726157992414,2351.764330270003,-510.6051262607347,6980.2155977290495,87.99941798898715,86.88698120083745,175.19274950991854,165.8996588660045,0.0
2797,1248.52174009644,2747.2159833161236,5791.404138552674,7846.933088972322,72.9702778412392,102.31674418247333,168.45281680011237,155.79476512244037,0.0
2798,-9864.21731091926,10185.681767077429,12879.75687266503,9280.317956329747,76.89535843337805,91.29572346475983,177.60397038363615,163.26759496004672,0.0
2799,10447.971617756511,-13154.663331573198,-5819.2528061495195,9962.421798607382,70.03909272737593,54.92515806961181,156.02545546744534,169.8872558029239,0.0
2800,-8268.194550458687,8991.02528644598,11239.156144131997,1974.425372205346,62.58276414570474,85.68393576381682,167.8427129730581,155.4318780826795,0.0
2801,-9178.939443580348,6667.357471523366,6237.8512310444585,-1555.8000352259671,85.99243379450343,95.12694997831406,175.01849464771598,163.01607701707312,0.0
2802,3406.783950251556,6585.569690623961,6804.593209607118,3945.5202616836164,82.37064282777034,70.88765309702995,149.512263009167,187.33216871010427,0.0
2803,1767.5519882098931,-424.9795926511202,-575.6963645200836,3698.658399227618,79.2696648887528,63.417208710075116,170.74392446194003,157.35975586314404,0.0
2804,-9276.258193774947,8571.826148463737,843.5442121388186,1956.493375091253,72.04788629518877,80.9970528183604,164.3927933156664,164.05570710576035,0.0
2805,-2250.2712769939412,3251.411096456589,2686.386199012645,7590.762330136057,70.52371935811482,100.23160006024946,173.5097111026061,146.91144095664797,0.0
2806,-5687.706297902828,6631.317674701721,1984.45184705436,534.5626134757597,91.9658213285734,101.71992697793853,171.66704227411586,157.4440573989879,0.0
2807,-312.93280830847925,743.5421208075566,8590.489558361447,14037.93649023028,67.33851877480083,100.16557853047527,182.3406422050757,144.55926507599673,0.0
2808,4522.2843843158,-156.93404550464686,-750.8066839513243,-497.9268896293623,81.72526547842615,108.80033934584932,189.09178029502613,157.48260988051533,0.0
2809,5409.8718504721455,7919.923228278794,5464.318680598169,4911.9368498530475,75.85815585562538,95.5581826604563,159.4150086539401,172.26459532343145,0.0
2810,4431.304042550085,5832.16328681676,1645.2715119055752,-3439.0580376609037,76.74265273433744,72.77643285930935,151.69347546020623,181.45046130027708,0.0
2811,1578.3797488167831,719.0441484411654,-323.73215090976083,5414.785209307334,80.52735914113141,82.93120327888224,165.82147163585046,175.57438430629242,0.0
2812,3530.5675461058604,2416.5349285433945,-1360.0027872452274,-7291.621865384258,70.41811985866893,80.48735059333887,161.35004090341994,162.8090385333257,0.0
2813,8053.483381073414,-5707.9906830611635,-1149.4834839854957,9325.316722512738,81.81567101762626,87.64612543229161,167.6712775644706,162.05246878358608,0.0
2814,7685.076516027488,3625.25994402986,226.71293626784194,-974.922321663263,80.6536159116617,62.849262663159756,160.14910179364466,175.38930687488568,0.0
2815,6499.353503990861,7878.327196348541,-3063.3424772360363,-17511.881533967316,76.49754887476605,98.57174076973892,172.15535479785342,165.33515661312353,0.0
2816,3987.579397536755,11188.939960030995,7580.795389675957,2870.1036685821655,92.6447822406754,62.898827009586086,157.07585119818114,181.9311151689974,0.0
2817,-4349.401964278436,6215.161432664038,-1773.0238712337293,4794.057604616821,81.39671344638737,75.37053263386879,165.1487856371201,172.64135476121476,0.0
2818,5698.346858372723,-883.0745921798217,1147.5238647423437,7104.106026102089,85.9244779902315,100.26129407409377,174.1835823282651,169.13152968504932,0.0
2819,791.2532509051915,1140.828726120323,-2381.1765544023856,9888.640664906878,82.41695737844346,93.47066679178306,173.58665803438672,150.76005880125692,0.0
2820,-4175.528491396167,4477.774663741761,-681.3141838770922,8486.380147431832,71.90098693421203,100.6510429585711,179.36631979764397,166.56737156929248,0.0
2821,7937.6743622906215,-1282.537314940646,-1943.2100646017473,-3207.572835172322,88.63409651751785,76.21609019041318,150.8843438668294,182.53032294431196,0.0
2822,-623.9560602106726,5683.601478477457,13344.572602390803,5689.170148510537,66.88320525715142,82.76161438317915,154.08171420339303,178.44312870743238,0.0
2823,1095.7038977077684,-2141.1283602795943,-2119.1695942304214,1614.4823792935103,71.96974074670129,67.94491696718933,170.00082209951344,159.1504801686552,0.0
2824,7901.489170914008,-586.8760980192546,-7291.84980081042,-4614.13186953393,86.26513104764916,103.56382310537035,174.95607656332967,167.8851934219692,0.0
2825,-4637.311925460669,3510.730554132122,3012.688634957036,1190.6611039618476,91.07123079928937,57.98104203461719,156.39872660441523,183.39794902556082,0.0
2826,-7444.1930644005315,14684.462947875125,10082.1546817117,-3324.7553053282472,86.35964381925508,54.93859880634503,152.2907813587884,173.84845229233574,0.0
2827,-55.72913406991775,2209.6475899525103,1894.3348086141189,1025.3029474253524,90.32940841835256,111.21060956866401,183.81845211461498,147.65172567147147,0.0
2828,-4551.750145617482,8169.587018593605,8404.530894943813,3425.682729807316,76.56518958746484,81.14597503303699,161.66687826806285,167.1180349818768,0.0
2829,15407.16703935169,-6250.115511918544,-2300.5138575019832,9713.163522428555,76.86546152303977,113.51670666580448,195.52987413930444,149.34476052312297,0.0
2830,-7107.343395141071,14900.636701894133,16505.084037797817,8737.526566670029,75.69192893825685,104.96936639274088,178.8051354180756,159.0645866324649,0.0
2831,-251.9758263428864,-5323.64028053075,1584.195287712093,-6931.778106697898,69.39296259898052,113.5519686938583,183.14597282103767,161.03580204844647,0.0
2832,-6760.289479611663,5962.038854507386,5311.171104942096,6944.723179286482,78.455599977965,85.62080045877363,179.53259792921804,170.3248864561141,0.0
2833,-422.7987848082781,504.24696659805556,853.5742162699322,-3775.0318940219504,76.38363028666687,119.29075205508798,189.00658178355152,165.3666082486354,0.0
2834,6739.469178919702,-2799.558579585867,1155.106767015924,6015.299471146021,69.99452142308981,96.34946093606474,187.0545123109676,148.65472295247596,0.0
2835,3273.5648371079315,-5020.513870368303,-9215.405196850266,5993.805405015737,67.82244942462489,80.0734436889685,174.6778314683759,151.00044156816236,0.0
2836,1710.6356389108437,596.985823143859,4719.707046395504,-1350.9255100769067,79.92466903030412,69.80157568642747,153.10023936872062,177.77757528560522,0.0
2837,8671.37395430103,6212.331810324093,1470.9124233406937,945.5320526839977,80.0632675306348,76.28431054632374,161.68461160013703,175.57874637888068,0.0
2838,-4333.9365117236375,2397.0928957914516,4278.813196955809,335.2146323703673,88.6049673388238,106.93360986558193,178.2960241519745,150.22570508590536,0.0
2839,6345.055303341746,3678.980804053372,1538.3433198871749,2168.5125315043656,96.10414167418507,66.09721478338403,163.57007422206348,179.7804710893444,0.0
2840,-9309.620968606963,12274.328171838013,17306.175970157004,6740.661144516138,70.60000223650808,71.98670935564945,155.3024765248185,180.2643729393396,0.0
2841,8513.837178833246,2054.9805372420888,2599.4175839544955,7640.625061015133,83.17294279580578,94.65547761485864,183.09650835498252,152.96850039842315,0.0
2842,-8457.045193821252,6328.26621253467,2231.7019058113897,1883.1657292985706,73.73152490207416,82.18690574410235,159.10476786247872,180.0268995072651,0.0
2843,-9908.644477569585,11654.701129767025,10491.765454748835,5731.3397213304725,82.56329909881829,76.70060936800854,159.67852363710946,186.60015927533735,0.0
2844,6292.511722989538,9862.21038862323,1247.8548185376396,-5762.742494711148,67.42718712608817,113.52354281850721,186.57114129025481,152.82922833029346,0.0
2845,4512.015934523591,3495.935815403809,3044.1917566088623,3762.896996115578,66.32177605060667,107.96589834924166,178.54161214236822,155.7775818571184,0.0
2846,841.3221734243042,4849.594461969927,3162.97531622774,397.61479016922596,80.40450238328818,97.46966793485323,160.3894137469607,158.29421207648477,0.0
2847,-7866.6937146803,19379.11478247065,10779.48098789672,-7551.682164223172,69.90749479931182,79.24275656135359,171.43292468710547,166.68330917167975,0.0
2848,-5181.905229745464,6160.893493472752,5330.298022934587,2122.9578488450215,77.40523891922625,117.08172204984638,186.70012473769597,142.83912264622654,0.0
2849,3608.5406191975253,3735.651172528465,5103.541071016763,8579.836360299232,61.52284342037086,107.18008239411026,179.9599506355148,160.17023633290796,0.0
2850,-3887.629108811054,6732.012241172169,7293.518842213258,-769.7324351874131,76.59486776951366,81.37681635320025,167.84553135517316,164.49658726539795,0.0
2851,466.09719581175256,2131.7973275731,8896.85515026124,7449.223740426756,83.25000133922804,82.06558438594341,167.50001943386306,163.26956449713887,0.0
2852,10211.410491941702,-5366.324657074253,-3440.481949035594,4637.534291603739,76.12792262950664,81.62744096822402,175.67408377915785,160.7505244603439,0.0
2853,5720.154178948636,8651.89260400821,957.6127976176516,-4788.658905624348,73.23499481449309,107.6482167053943,176.95052427675094,166.91666778326805,0.0
2854,122.4809842251564,7935.391053313234,-6939.210642485857,-8125.821350084985,81.68059984332798,70.33573009754504,162.85444766780236,163.3581588371522,0.0
2855,-1634.287720129334,-921.7492261285032,9239.739052081752,-6172.382319938474,78.48167679260912,76.91333484867398,160.36991493496492,169.91275763331942,0.0
2856,4889.772362548799,587.7446336613494,1271.4415118996353,1913.4718687571549,77.27448161328839,94.68408243721578,163.78990436414134,177.9849958547983,0.0
2857,-250.93726083499845,16107.862285706944,9530.717144124239,-1705.4188327009113,86.7035242666229,77.97234073243925,152.7439744301975,182.42567813887376,0.0
2858,4211.780605147018,-3923.603586812824,1426.6034674406724,7211.378136248387,67.65599711006459,86.93312680391075,168.72912052269334,165.93272849455676,0.0
2859,4696.257083964913,8162.016094962731,5662.961611287369,450.6842693131374,82.40500208166652,89.97247428151002,153.25798351058702,183.2230982246931,0.0
2860,8098.9130928908235,2376.911810535132,-1305.3314667052684,-1858.4252705328993,98.50062185065093,77.81088821494704,169.5648679263232,170.07375951057955,0.0
2861,-889.3224461983942,4890.242534964825,4295.7284126339255,4014.1015930808408,69.40441613287699,106.0187085077044,184.80459642414013,162.84510951386133,0.0
2862,-4285.506732237542,3725.3898493631996,-2668.5217385860915,6435.133445648058,76.03933808853161,68.9805387614118,173.16897056894732,154.78957660582026,0.0
2863,-7066.567101116981,4898.1235653366,-3734.4426585974265,6252.230134932632,89.18525213812586,74.21392335356072,166.93580193238782,180.29855854479013,0.0
2864,7525.030189592275,-4036.5349470246147,2034.0101328473627,11690.936839038823,79.59272739007903,92.96830878258436,182.3263720424334,166.1629604536903,0.0
2865,-8490.047662548968,10093.17798282281,10091.122003533785,895.679462664523,69.65700379324879,93.34979475835084,167.2845773338006,170.71484927436396,0.0
2866,-8718.910494290023,6219.889470724933,1529.8945298886033,4641.16434242419,84.08966423677816,80.65944067746534,162.98752593872408,169.26617151158854,0.0
2867,-7886.188310069585,2729.3252362337093,-214.56990945099363,1756.2407863737717,97.7013275808771,79.12764110334987,166.25308241255792,178.60703559869677,0.0
2868,7244.379548644959,-2910.77107270157,-6967.905860356465,10368.18749848687,108.31389801070516,89.82783722821951,174.9572149191832,154.10169508890283,0.0
2869,185.26355354804647,1226.8164938347525,441.28550171010073,10738.228795606987,71.56970715853164,69.71106107288283,156.86550761003855,181.57024881853167,0.0
2870,-2518.4563401036326,8160.3455077986255,11478.328075761703,10449.787912531952,81.23127871027619,81.8917148432294,172.11419694813245,154.54974509681463,0.0
2871,-3147.671577757103,257.98041780451484,-4167.066044679249,2769.1755142037655,84.02441752283946,70.16467511777583,165.2276310658702,175.6223944516687,0.0
2872,5472.736552226361,2839.5721423318073,5115.632091776635,7918.071773262797,76.52322701848101,67.29282110087277,149.82496950680542,183.09086945545744,0.0
2873,9793.17067081901,2951.7840905961734,-652.2201166267947,-585.0881272811139,70.07635399106127,101.70492729205635,185.33227073886627,160.25056222694135,0.0
2874,9980.920087792698,-4178.379179550903,-594.1347634075788,8650.233823442668,70.91973305697536,90.09192883031096,169.1549477342609,162.82079425945417,0.0
2875,3311.6052070000965,7592.524000544374,6914.266443710856,4369.807918017437,68.5076967714707,106.59661281707616,177.11458486747918,158.4657684458973,0.0
2876,10624.921524979605,3456.8718355331134,-2354.719922452505,-3517.3455629949167,90.6459296688399,65.7283154779723,158.57294153254475,183.36853246735282,0.0
2877,138.95685859249207,464.03215978113764,7151.313847559007,-3844.0060235033643,68.32394731479936,94.96951917340343,159.8140548958668,154.912590979725,0.0
2878,-2895.48636905914,7075.287893208832,13310.019818669833,13897.227396708842,77.56706018284804,89.61648848111633,176.7711705043056,168.13051725777686,0.0
2879,-8539.40042254993,5104.526513010487,1238.494172167615,3271.151343929831,73.99833656637321,110.53192357559092,178.66394588172076,155.68294836053718,0.0
2880,-10975.393217051695,16390.08085058658,11238.504536213517,7178.737412597421,78.61958445872413,92.88190440596661,164.9324807024895,172.05258153271254,0.0
2881,-4222.507629723637,4086.4166653227976,4135.043990607458,6217.1391320284,91.7240351829829,81.87128488467937,167.07174052443375,173.7641498831579,0.0
2882,-3876.566784697392,3455.010142642785,1626.742621628326,6380.175449187515,78.46360380160554,93.7987304597866,165.7821682094328,173.29555911029323,0.0
2883,-2512.423387442963,8221.770981590878,11137.461689029424,8007.451901250134,84.0471431377544,115.22136648498714,185.265188689336,154.43729823465495,0.0
2884,-7895.572622192231,10340.117175330462,13295.223771375633,1969.6131713533136,84.64071516334174,61.15336992366502,153.8412953567512,192.50299893407438,0.0
2885,-3108.1986005754216,13766.729132604567,7618.8520505635925,-8235.274961370696,89.98712229051391,79.1846295072802,164.2504308675477,172.48277602418003,0.0
2886,7877.283835124786,-242.05977755141862,2902.4725894926496,10177.095830392898,69.09023217576268,89.42287195201656,172.94582402606827,158.3575989527501,0.0
2887,1446.97609573375,-2792.4392934197235,-9052.702685190185,6807.927775440911,93.26524783218997,65.20396664202022,164.57066453292353,165.4165332608751,0.0
2888,-11177.985171946577,7901.199549203401,11559.036594109595,-2178.0423732763948,73.74799829552265,78.75270068061515,174.68164489799815,158.42896678662152,0.0
2889,10188.395218920361,2107.597358265475,-1796.4848114917297,-929.865142903306,83.17777966306534,91.2255027279361,179.60764231512752,157.58346945754064,0.0
2890,-4305.1657117068235,2896.9402850959227,1178.7578253366626,4181.634747668928,62.57761855574758,106.64065680553341,189.74739263672922,145.4847850756055,0.0
2891,14146.451355949544,3992.5267405737513,-1202.7349275181368,-3341.028211066106,78.8030825959786,94.03678774000076,173.87905077531437,161.5949875296447,0.0
2892,2087.1113492497157,8301.288309792217,7108.332418305111,3254.4783327178093,81.02910234699684,107.33004138904886,191.4767458949647,172.3699901835455,0.0
2893,1271.3764482251922,1322.3409973346243,3401.3087996392946,6156.129029919634,71.41811809968894,116.7869021907261,185.84137878330307,159.05251437963733,0.0
2894,9298.000076196231,4138.770647743557,2496.0333027290485,6203.918243206463,86.50285719653193,92.94835183993897,177.65035586900734,154.60235773383974,0.0
2895,10.603186990114644,7950.439737513005,-2637.0446604808053,23583.480188028243,95.21668389530276,64.7406989445816,156.74221953793682,170.48634477553995,0.0
2896,2048.936551459081,5219.512712575206,12040.613934969713,7167.773870675768,96.1768228919073,45.605144811302026,145.65064652895688,187.25249959644694,0.0
2897,-1154.944286888481,2926.109108477453,3187.221536702533,3280.540715135064,65.01969287897373,79.01633583694029,158.3319924935945,167.17344930888513,0.0
2898,878.9339787053634,4636.142465491307,4089.565287501695,11700.286593485916,85.14731841819344,96.67109935088948,167.28700593544784,175.26766379071043,0.0
2899,-7990.489733415632,6823.611208907344,6546.622148821108,-187.2886702431038,73.28581965169155,92.47799025012652,184.51056033739948,148.47536255313156,0.0
2900,-7952.634151550221,7019.736659912695,4092.0374215477564,7881.125766133005,88.13811000917107,86.40328733859238,168.01101544486806,156.47198999901497,0.0
2901,-8435.076144864412,10112.420871991839,11569.839866153876,-7194.245775074614,80.04700947130631,90.68231701014503,173.69780185610907,163.31177604914575,0.0
2902,958.8449979882507,-2833.94448525968,-577.9541024274857,6552.9058997918955,88.46943158368055,96.44019311701611,171.5709631451881,169.03822338392717,0.0
2903,-40.5377198380199,4953.19624050068,7167.866249498658,10039.06913907335,73.88095439334496,103.33034910235294,173.88344122722444,168.64222693155358,0.0
2904,-952.9356037911043,3668.0475119726107,5628.6913195628085,7512.441886258652,61.130581547912556,113.53528730287746,178.3950843988075,156.97161253767047,0.0
2905,934.0999597158221,11341.310424760602,7669.022170375387,391.2262390925445,66.93664370916827,90.62032812380922,169.35428812783533,155.09610391293756,0.0
2906,-936.7745860026475,-936.5649035293786,-5231.916535239172,6622.476641809014,89.12327213481446,100.137312481166,181.9782911277647,164.05171328408883,0.0
2907,8388.116721134209,4036.676564529487,2975.748759082051,5887.268207526393,81.11417861565482,68.85148616788503,167.3802351318897,183.20742788011628,0.0
2908,-3646.520323384475,1601.250104319488,2379.6349454240317,-5227.758341420762,83.75231958716287,94.41685402649685,181.01502449433406,158.96966906484815,0.0
2909,4828.97071372271,12629.763034513227,6865.227320215348,-2708.2781784179056,87.68414798551618,98.79802461998051,175.43508109008482,154.96963559341734,0.0
2910,3256.8489193637674,8223.712460314011,2476.780194713002,-6933.130620673797,87.27099838789094,88.87777365225699,149.12468211739912,162.6492937866708,0.0
2911,-13033.359958855592,5890.873206561471,5229.926384116454,-4716.2089498478035,84.68980492061107,73.22391859165883,168.34093554452613,162.43418139606632,0.0
2912,77.84509193847944,-2378.5923357605516,-7489.383289138095,3146.689027366961,74.26185176154557,72.90379776824471,177.80050720735738,168.71312754900146,0.0
2913,6492.305826843712,6424.905982267312,3433.2436344221314,-579.3550934347489,78.99268562651712,61.12160450059697,154.98673745910867,178.58926617324707,0.0
2914,-3149.175229756352,5088.906632244678,-1398.6358750803,8779.614233578639,74.43130429782317,78.58918049541842,159.71624415490697,175.6643914406773,0.0
2915,12946.443761545372,-2112.3486100926293,-2975.3330217552902,2175.446436887615,82.37197004975368,93.85395853940355,176.90143992160716,150.54742122749707,0.0
2916,-1777.3805846137916,4441.015904078955,6092.312051459335,6014.038573243086,81.00135952968517,82.97280194955164,172.99650933448535,155.66348404679837,0.0
2917,-7121.811002783023,8335.90183131088,9854.105168435739,-1954.8304453006106,83.75877690036981,98.90661542324416,177.93400902838727,165.931397763784,0.0
2918,-515.6090912375481,1172.8663281359966,6297.492380625956,9191.362380840797,76.36324245883411,109.19294299049021,183.5985792469951,157.56583251536838,0.0
2919,1043.1849116523435,2216.5895254417887,4493.439634477427,7213.96138448991,73.3057713299599,117.90986382893087,186.73349609790634,138.90005715887523,0.0
2920,987.8062246178696,-2812.0284331577695,-4734.319475950487,14698.323990283006,94.57924199876052,81.16665994991695,152.36991098023654,173.95113598918815,0.0
2921,-1745.4308721245836,896.6757523209927,-3197.3459203433536,5978.08980614458,79.02946676403434,82.37810893217635,172.31941741894624,162.89964019517825,0.0
2922,-531.7292485493415,3674.78608012205,976.2190065344898,9830.024665873052,85.6473864524947,76.54876390603194,162.32688879771618,179.77535392890903,0.0
2923,-16107.171438735386,6816.577153937539,1691.1887633534502,-4522.509412801894,82.15628930177613,82.94530752789856,169.29971944065355,168.85377438956434,0.0
2924,2180.619916187262,-59.70681665208755,7850.3712721581815,-1330.5706113047297,74.27815461748303,72.8690405053853,161.95488746777502,166.48510012495538,0.0
2925,3617.296608329173,1836.3664728532515,5153.901396511426,10330.511876030587,81.58480349872576,111.99269929162935,178.1049670361379,176.30189818012528,0.0
2926,-407.5587911365384,2713.04368922204,3370.3760671151495,2964.138927975922,83.53919452977469,95.553346830325,175.11589895603197,162.64901566550134,0.0
2927,-3531.696457902677,1960.8859667888573,2835.6554274623363,477.12640886777405,98.28728692376941,77.39036639660229,166.57206591075558,169.75357516106507,0.0
2928,-2257.437957908294,3797.9879572150394,1414.8715026243638,3563.63620686229,81.90780433076164,100.6855012494533,171.45719108797385,173.2225021373387,0.0
2929,4594.797401469701,5003.333737543978,2045.961600209935,-3677.242060066386,76.19673014906161,85.66268397244056,170.11809500735103,152.9344537562551,0.0
2930,-1429.8648365950498,4882.118575326771,6065.729591099157,15814.588520231964,77.1317453360893,67.50212585907173,160.85158815240257,168.41359373622362,0.0
2931,-1638.8322902842192,8320.888421815167,3145.174665908065,-7271.657347507587,73.47527670335586,110.47903248458046,166.87053389096127,161.19176009927244,0.0
2932,13951.712886807018,-262.12510483906203,-2682.6197118498285,120.27718936853526,84.25383013393504,66.1884661706841,155.53684242569057,171.05712329126388,0.0
2933,6150.0975974553,6542.142088101471,-6596.737250004171,1512.0430286766405,90.07159351980387,68.93464352172542,157.11307548549226,183.6288730842167,0.0
2934,-2727.225914326802,3477.981633457849,7301.169717451518,6716.921481461224,71.6098061876997,81.67993890922278,164.98834484218585,151.8239345836745,0.0
2935,-1309.1055646262669,6737.916059313797,5853.38145412735,2571.164087786295,78.35220172759063,69.09764886759697,157.0376089895973,164.81074435101317,0.0
2936,7612.787033610395,-2976.172514732935,-1027.1022216320343,4475.265703985029,82.97313172066075,62.60681216339661,154.31529573914216,181.59551979815805,0.0
2937,-843.6295251786796,5686.050114417999,-1340.1793937215105,-5240.641623345475,87.30087733344882,74.58665287909338,162.07400403746115,175.8459650337212,0.0
2938,3200.4400722191267,1760.0521830620853,6692.711880880809,4615.336789809034,83.42991039043328,74.68504608887747,163.4254721723763,163.82862712372466,0.0
2939,-4688.495628851264,14945.30144058946,7629.745763738386,-7816.73902443449,78.45031423637484,92.41184999961521,173.6604218154825,175.22794085190068,0.0
2940,-4305.024438508054,5344.534014556375,13618.256600981775,15366.811525472021,75.93548876814361,94.85097346773536,169.23981150679347,163.15558799817634,0.0
2941,-9401.659989747752,9345.168997087694,2444.1880585740882,4206.151453307383,79.4524901648241,68.11477630694306,169.09324943171268,158.7893320618302,0.0
2942,5334.124512317656,-1097.564141930556,-46.52215017109196,8278.232971355541,78.72564133186555,69.7542341744637,162.68016771247895,160.72205051925587,0.0
2943,876.8509143679642,2305.6424036877897,4843.0634902220345,7726.989640397232,77.0650299566963,97.2494221381167,170.6710249309425,169.53665786887424,0.0
2944,692.3066726654548,-1216.4124772114176,-1194.7700385924134,2316.1417232285535,79.26433883463412,70.56815002955882,154.38152347965357,171.20232063983624,0.0
2945,-10498.270730001712,12108.11686363012,11814.637565757845,-797.7163589384539,98.96610297685908,64.95919038889,150.86861742830328,175.46178219064282,0.0
2946,-1409.8050046040491,2296.0326067137935,3699.836395819796,2186.7651376791314,89.91970790227246,75.18294091269746,153.14078282795543,161.1229724113151,0.0
2947,3887.2576645065415,7069.936437738822,-6788.196687121213,-3330.7866043941676,80.67477657798858,62.79700649582962,164.21759818892775,173.76895912518538,0.0
2948,8358.356007431363,-5550.108388596742,-1769.5873110714867,5814.507118458726,77.47777970953057,91.22821418892615,155.37619624408123,169.1370690067793,0.0
2949,-2739.957869570859,-2111.516885416271,-4532.287595808064,-7649.14882711901,76.07745707556052,68.9467917054562,158.87614914611896,170.16499323128568,0.0
2950,11327.571019604997,4109.710399579783,-1031.509887625329,-3212.77094420947,82.80179601161018,65.80095399573449,164.51342461670214,165.472293635254,0.0
2951,-465.3348758635172,2766.7328205530075,8612.832053585978,-6650.627008374936,76.59805476067149,69.7309523494403,157.37302088345936,178.56533955864288,0.0
2952,1196.1226301083184,2668.7187994178403,-3365.2171768320245,-9446.267739080533,80.24115390193278,69.57971192279743,156.4318400273066,175.92876108356745,0.0
2953,8007.228393798622,8274.036100070245,-11850.84119909938,-875.5086162809929,70.39817796716389,86.3674340466497,162.84487772322566,172.39302471424813,0.0
2954,739.1077524703439,11594.120741065533,7040.302325012393,-3055.5384132189442,64.46239804101965,103.74161705928336,182.00569194437657,152.04276700593852,0.0
2955,10582.153961334307,-7524.008343224049,-6305.083810610526,2018.3409941567563,77.83279504954427,123.26393455389868,190.49661618074498,149.00823625236814,0.0
2956,2393.1162832113255,8058.575918053121,4183.3095544386815,830.7931053430822,65.7766079478219,107.85872363725551,183.4022605493218,151.7895382396708,0.0
2957,2157.360879450162,355.2576834339187,7796.032630866199,17373.118310817972,94.88268243724656,87.48638724172143,179.6294131207106,168.4842392808323,0.0
2958,-402.5345025907154,10641.348134547015,12515.98996799632,8809.638966654727,87.84801697903804,100.16804911121693,179.09155499798277,161.8743134539331,0.0
2959,2524.3815604067777,6462.697970761907,2723.3434994269724,-4153.598013549661,84.29173417059823,112.27926884497639,186.9330809578791,160.65234983567666,0.0
2960,3700.417611245115,9531.519706510462,6361.862584274515,633.4828234057782,79.11513122685218,100.48230763734783,182.50060669983847,153.34376073642989,0.0
2961,-2161.7510212703664,2563.921286833335,3212.48540523054,714.0112246902945,80.05556447620764,76.02910483135766,168.8394130749425,177.95992702580418,0.0
2962,-8652.783208323273,7787.997325088662,-870.6300954847142,13016.19918405339,68.82677733673717,76.28456197273188,161.5535539946942,182.24137955402128,0.0
2963,483.63090917919527,-1116.7288827871143,6667.115456002888,13312.56127280935,81.20621567796509,89.65170899095001,171.0596160430029,154.5175556702534,0.0
2964,-4944.120031101867,13106.774310681478,13618.305296155724,6799.574094301081,84.83692717559916,81.9705444801347,157.64860655996796,167.511761547704,0.0
2965,15485.244946649322,-3654.883500558699,9498.882699925301,-148.36595371159643,78.24412436131064,82.70085392089088,167.24869581683154,160.04486820044013,0.0
2966,4268.532431634076,3928.318547938223,3090.400464193993,3517.7728079506987,82.61633577225811,89.30865084236176,169.96050125457106,170.60632930663638,0.0
2967,13271.825299801721,685.2679680654026,-1838.6710061483896,-255.62910538775662,64.14993022482612,91.09613479983508,176.5589323050319,161.27896824919034,0.0
2968,312.51816145572997,1807.948224098602,1193.3933963261102,10263.276149621299,65.82413983255168,107.36945141660793,183.95245600457986,158.96107571905858,0.0
2969,12967.702632128157,-216.58557812445832,-7707.1833449703,-10646.146398686291,74.1241247241184,77.8475533319977,160.76615590787176,182.05675373158664,0.0
2970,5777.502319907274,5161.544171029242,263.4483565056707,-2029.5138001965784,88.5971522623775,57.52520641757212,146.44749985964023,174.7526170684801,0.0
2971,4634.0184695472035,7502.406257950723,3803.4716146129545,-1168.378588960748,77.06271080181955,78.29223442566378,157.96817758867266,174.62866828226942,0.0
2972,5918.848038103811,4401.948476314395,2391.914151277969,-78.31040762514886,69.02557947667805,71.9355258520125,172.64063227697503,164.87345949754553,0.0
2973,-4225.1827322950885,5118.867774710247,959.3452948766421,1218.179172324814,68.96413479895148,75.09794499019044,156.16932831258444,169.51425749735193,0.0
2974,7361.578413548336,-4982.278792299143,-6374.678262483647,-2924.0789808173067,83.11876990665168,78.31955476168217,164.4385921874177,180.22582639854173,0.0
2975,9955.6249664885,-7750.896692073368,-4867.005144336268,4858.909379211748,67.0236066846932,94.06217330117985,173.99504943631524,159.256592419933,0.0
2976,-8937.888443840844,5771.11649199767,-10273.448580810405,10899.893827695116,83.77030115987901,71.27670991094482,170.1290535993625,181.67213020203198,0.0
2977,-2630.459100845809,6055.9491353826825,10308.587810511945,-1530.7637841395167,-72.77140497961017,-114.11401780559979,-182.77075766787794,-160.69008039146834,1.0
2978,6076.001986893791,3090.289494479962,3467.4467387092636,4439.7393646481,-74.65166304971956,-123.68713215696104,-193.50871908202043,-160.0151444754904,1.0
2979,4124.621482210137,2987.2430041301923,5163.223170302871,7801.588938221268,-84.34876347838966,-72.42733683818626,-169.09258670092126,-158.9735311094252,1.0
2980,11065.001747602897,1119.4249681132571,-7521.8504090172155,622.2318743272068,-75.81789930495223,-98.721639467454,-172.1401741139763,-166.70657824119766,1.0
2981,8592.387212329217,2043.1328682989051,-498.61373697652664,751.2785567266187,-62.23169259844268,-106.3550540712836,-182.3355484651506,-142.4015242332733,1.0
2982,3250.680993437102,3898.8667835387496,2450.895190633713,5698.328352830455,-78.07048148090017,-100.04570254624984,-177.13382511644465,-160.46276941571358,1.0
2983,-3614.693231849584,-208.80616748610947,-10649.976782300731,9083.567847245351,-96.3131461330556,-81.63129034225749,-165.97953892655948,-170.2759057480255,1.0
2984,4567.762522504719,1860.9727104094513,-5036.038160303726,748.4221379786931,-85.53628424106753,-82.93053906229518,-167.61877893150208,-177.96231198892477,1.0
2985,-4439.015709913914,-4801.41717030512,-4052.872562358518,15205.286636670213,-71.94699361924245,-58.19185047607867,-146.65102460201533,-174.70168671928937,1.0
2986,11105.52712882707,43.495141501179724,3773.6966984013943,-60.30609489284089,-79.84414896670019,-64.50425738083764,-155.85074701393708,-162.1135765332823,1.0
2987,3617.5962402452406,8165.544452807225,-8142.11737473738,-3077.902495746796,-86.85508984124412,-72.18913323743601,-164.96810490728015,-177.25848368754944,1.0
2988,8823.975327385007,-2613.2786216245518,3498.3160608615403,2801.4584118911703,-81.00541419699326,-100.11696297081542,-181.7581195797632,-156.98927189929702,1.0
2989,3365.9823127233926,-756.5979393561846,-1793.3046819338695,-9183.640636845756,-90.14084137999286,-75.27747305882635,-169.98701334845012,-166.83350611300875,1.0
2990,1039.6762341837634,2299.3963939167907,-9363.695284988007,3147.3079507609095,-95.84525455334555,-82.08503253934632,-170.1501068540635,-169.53512225177766,1.0
2991,5437.592474149818,7548.437943610182,-8598.797159751275,-1706.8040746863833,-84.04251375093536,-75.43060251411222,-172.7339554388805,-155.75117584412348,1.0
2992,-243.85554929928466,2312.833688507701,-2505.7575248032203,8412.613767508226,-81.21636052240198,-89.89552107447481,-175.1701120871292,-162.30479524277604,1.0
2993,5614.384910559292,-4103.019137480707,3422.4249562145537,-1534.901408248849,-66.09058330988123,-78.45041638092252,-177.53726306920993,-160.4474867191743,1.0
2994,3529.2210551324174,7433.926319490983,-6929.658486557637,-2641.1821031375944,-79.22718888376025,-86.33149887406047,-171.9735341298799,-169.07280519613118,1.0
2995,9413.945078815106,11898.39796750551,-11053.223462884374,6696.152997711879,-82.7858208287946,-82.18466172756183,-168.58268335221945,-175.92994877236862,1.0
2996,8931.28896643841,4902.4476164540765,161.27303147754367,-453.5359191124404,-75.86579810867491,-92.25320010533886,-180.65005372293888,-164.07893353057938,1.0
2997,2861.400880651304,5346.819701054386,-5952.260331041517,3940.0231529756934,-85.85068348193666,-102.97738634421063,-183.8536933976099,-149.79084979619088,1.0
2998,1830.1955009157875,2694.1367108296736,-5786.535739022863,-8763.103986789336,-83.22685636054669,-76.35469960817713,-163.47602556183043,-185.8559289157246,1.0
2999,-4776.271453518439,7835.384864804496,-11313.986458617088,7702.728299130921,-80.02299369985283,-87.4004512286122,-174.93585054475682,-170.42898469052273,1.0
3000,4224.5134715615795,11146.167778205532,-7177.407834377796,1360.585515720332,-82.73856998497742,-79.15575252896156,-168.46763140863234,-158.03671390116506,1.0
3001,-3732.8254496379595,5403.580855061667,-9031.163864582642,9073.004241432336,-78.64425400653181,-92.58855900173182,-168.7107514983875,-167.0751330320126,1.0
3002,2592.302641705256,6192.576348494209,-7530.305456119938,4404.4962891821115,-87.6872891678759,-86.94451606340347,-173.86666492242554,-163.8562599491469,1.0
3003,3529.498876279305,15258.674461853261,2095.0749790198774,5182.890270003649,-67.20845877906488,-78.66996071456,-154.4418049519031,-184.76403462381694,1.0
3004,-5808.995538645773,148.21229722684626,-20484.09569682419,9396.268566326116,-69.175484698207,-106.5427375277836,-179.18868174261303,-177.70189327595992,1.0
3005,-5144.025065532001,2897.2042260969606,-7273.118417353339,12238.670994647184,-90.69585081064977,-80.70344357066091,-169.1098474667047,-179.62642527378844,1.0
3006,7164.105684533718,4162.090868140512,-4780.34045296992,-4292.106402425944,-71.95798244785878,-84.57511243014777,-164.94321458092227,-162.89909291822835,1.0
3007,2091.164146364446,145.7734772106374,-1390.1895274133253,-6337.122619903913,-77.46531256828516,-104.92618818187425,-168.71502490494828,-168.44317561766468,1.0
3008,2894.5167791778995,4659.772777335675,-1071.9678194338521,17.599781825496486,-84.24624147573847,-76.01607047521783,-168.35887871435085,-160.40607103904483,1.0
3009,5941.050629359496,1210.5549461843875,-11108.726756838267,-5542.228559346743,-68.04475697720054,-107.36129691070619,-173.14599480917653,-157.19818831581125,1.0
3010,-1913.369218866999,833.3624803112353,1534.3838324870283,-8568.59011614963,-78.30341108091447,-101.43944986205268,-175.67432831422576,-164.11094814623823,1.0
3011,10302.195721499254,-5068.614777740054,4140.145377972846,-1243.596545464938,-85.89751739201289,-96.22574641690619,-178.60565633107478,-161.7140684061325,1.0
3012,6030.569190367728,-970.8113621808523,-2099.778904808807,-3565.375576036667,-79.74823924816855,-74.31681181781063,-162.1524226115792,-171.2400370039349,1.0
3013,6420.746162683981,-2413.101827735512,-5868.565718295273,-2442.830197136754,-74.21301358500475,-76.04553896357531,-163.35513324495477,-175.7499682091507,1.0
3014,4705.730128268971,1726.2320642026668,-1251.394225132461,-1452.26634503911,-79.32270071999152,-92.51265613434975,-167.53043573613613,-152.58576975493403,1.0
3015,5951.897920101603,6437.188903738025,-9401.123369628418,-4698.5613991306855,-75.11582535911731,-118.20689385302452,-183.9094058563844,-147.78222002434333,1.0
3016,-1937.5466023954107,13398.922514402058,-8158.802635258266,-6834.397364234435,-66.65847115932682,-106.5358706099699,-178.1812563125791,-166.14576606251617,1.0
3017,5827.294994407675,512.4961590185521,-8906.578722764956,-3671.8243837138875,-82.92652917892362,-94.4685794161668,-176.22711048926556,-151.05005825453716,1.0
3018,586.3256816507998,13387.15823971433,-5222.0373183646325,2533.4746936155184,-83.66464271630785,-89.21499179272348,-165.36459796138666,-168.3669659545608,1.0
3019,7286.319479642242,-500.70791108841786,-3890.070813996757,-5882.77182501249,-75.12953805497496,-57.411206103083195,-162.4222553448906,-182.26776812391694,1.0
3020,2328.414433904718,-4102.6266956747,-65.39376647032125,10525.78397072355,-75.78306296480686,-88.49567433665085,-178.9875555076237,-155.0906319091511,1.0
3021,-1620.303765996232,10257.003818669415,-6488.2798628123,7195.039678969483,-85.85084761238659,-67.30726328141142,-163.2961208242721,-176.85789914247397,1.0
3022,7016.706797822461,-3126.2580671180217,-83.2841210743287,-7056.499296948438,-92.75274128116577,-91.9109122174299,-168.21580848510047,-163.85263232099234,1.0
3023,7091.524931624414,10210.771950858853,-266.3600595329374,-2518.823917427415,-70.8779521704911,-108.90077869435169,-172.35291453745558,-153.1181292569852,1.0
3024,4430.702033537395,7542.616354778808,-4542.035465813581,-691.7002743360276,-77.41665612248676,-70.53367930105289,-167.61756797133708,-175.0744915874494,1.0
3025,-7291.937017547161,8548.227640178211,-15006.517714794,10488.69966269025,-75.13292809351124,-105.14027272993202,-174.5963178993743,-163.768909231201,1.0
3026,6175.091543295606,-2430.154893848209,112.93300864960898,-3658.938490356138,-81.49315801214695,-80.32356319631236,-171.7980369949301,-165.18387102236989,1.0
3027,5333.034366392501,5026.041226870903,-7262.93657663032,1694.609641383224,-72.60861515631169,-84.12600163799527,-165.632758617418,-167.22156322392743,1.0
3028,4337.298385085474,2361.886574077906,-4984.412987033564,-1719.3511394312836,-74.67636731142345,-79.17541537539626,-163.4839639321645,-180.44643432050844,1.0
3029,1521.1168415521495,6385.863305390518,-3780.925454560873,-7765.700188631666,-78.77317657269575,-75.29179027188103,-169.8638927713338,-157.35774653146063,1.0
3030,3491.470549360117,13191.4202689948,2387.949841562261,3981.3470195460172,-75.25482162754233,-67.08144368682201,-158.15308244787877,-177.01998016693128,1.0
3031,8356.702260351063,-4907.914914530773,-4485.4391487426055,-1182.7114767978055,-83.46383146945959,-98.04157871742018,-184.420852667592,-156.0545168432001,1.0
3032,5938.015954861137,4144.754885438013,679.5175071003787,1708.568132438029,-81.26190030143412,-107.03128347481476,-177.0132700841905,-158.967852983982,1.0
3033,9539.853400168211,-3916.874437167921,5587.621143918362,3486.3983767445156,-89.22872345745482,-110.28334704221626,-179.73703479945496,-160.36689030567732,1.0
3034,-2341.117097000797,4984.582104928121,-197.64200918167685,-8908.88526094751,-73.10174294458048,-75.61969679093197,-172.97796933047755,-168.95217875100008,1.0
3035,-1715.3694397383413,9450.46818034487,-11506.73139945184,3362.0811945039068,-88.30285984541322,-79.36171736775542,-167.36080956543606,-175.84464623470637,1.0
3036,299.7797842642105,1166.667086881831,-1042.3546351088366,-8847.33230643437,-74.49235532561868,-117.69909585093359,-182.29163920259444,-141.1491413976196,1.0
3037,3260.7571287890282,7317.68593810887,-3413.639622530465,760.1813648554922,-72.79255898753466,-75.3146504194556,-151.80552916602431,-181.9143243693511,1.0
3038,-590.7683177247782,11803.486163998254,-6030.532926210473,-5790.888397697765,-80.587847720512,-93.3701145780944,-161.22752225960923,-178.10833694599012,1.0
3039,7685.500943599041,7977.263908936294,-11208.4402067571,-858.4599439058649,-92.9472942722569,-88.09466225531231,-179.11109052402605,-154.69382424106192,1.0
3040,-4178.174525605244,6187.514178416908,-3294.0934194949978,-12605.512042654906,-72.8460754941747,-99.31628593986622,-175.83993230800186,-162.45178551512987,1.0
3041,7752.257946851174,3805.6428189036506,-1918.7989643831825,3720.8593024919146,-93.02002214482005,-96.99467018865711,-171.43640356538307,-170.29702570446835,1.0
3042,661.1427205160592,2111.8489530213437,-2455.1739482602507,-6238.830639711057,-61.36752875921606,-112.14120645919017,-175.08223380070922,-166.9790960885005,1.0
3043,2128.655407914585,2777.057795940337,-7722.037609905889,2601.0313034117125,-88.56402332462115,-72.0715411549923,-169.03946717764222,-175.6183828493672,1.0
3044,5811.826199640128,14812.864052120141,-751.3925443476883,-1103.5863052000602,-80.21105603625487,-90.88352939669555,-179.51277250240312,-168.82968097957738,1.0
3045,-2956.6813871393997,9891.51549567574,-8911.465623519094,5355.997299566269,-84.56441953437088,-70.43849616442677,-158.7639641930666,-183.9140883777114,1.0
3046,280.4615281458229,1160.857107424598,-1581.1227694357722,-10216.229134018475,-81.1138085409098,-95.54022763903802,-184.3109833222168,-161.73517986022625,1.0
3047,4141.442553896742,-863.3597769237125,-1117.013379885869,-4048.4538530030195,-83.78938731041254,-63.77273199715497,-161.68688295945643,-162.3552151667373,1.0
3048,4384.915588557218,-4244.244736240646,-9179.464398363742,1450.2931608512272,-89.22395848425583,-95.29849983173096,-188.38737286538856,-153.6421764758131,1.0
3049,3788.302981272661,5973.801580793094,-4127.724986041267,3286.4933252659466,-95.43807033894355,-73.84871600899099,-157.97383011947744,-174.77523445082136,1.0
3050,7871.252398877811,5470.325301892188,-454.7965246298231,1323.3917212916313,-74.58920641385663,-90.42449892944204,-174.9286071711673,-168.06277005706724,1.0
3051,-669.9376865554112,-712.5108617582936,6822.831426301476,-1850.5709298422405,-88.41818709441276,-66.39127850689266,-157.3498865679055,-168.8499057175542,1.0
3052,683.4692393823287,3450.1963448152815,-287.58890051797925,-5634.545175193237,-76.77136381967878,-114.88025401757099,-187.46523600622007,-151.7497248005281,1.0
3053,6389.678646008129,2013.5026324911637,-4985.61799987233,-571.016727975187,-70.9033605469685,-77.7424420875642,-160.90063140111747,-163.2535600110294,1.0
3054,-4998.849754177917,6466.945447575938,5876.061932544067,7731.588519936567,-86.0658597958498,-72.68173496915763,-155.42813086691928,-177.4568044999752,1.0
3055,-8535.041285521495,10235.063063807682,-15103.500233224675,11273.672114176114,-93.05648207960235,-61.21819685759485,-148.84785014161798,-175.07924229205048,1.0
3056,1943.9619219405415,5398.435715648715,-9705.61260934275,2112.795082006735,-82.36605097300969,-115.85357040881576,-182.6008847539961,-161.05514629554236,1.0
3057,10047.203187665915,10468.437461678219,-10805.16557420714,11144.119959195805,-83.61872773778258,-50.740663431967185,-154.59344822658656,-176.82338988237242,1.0
3058,-531.015178004115,9093.62521913586,-2343.0500074014394,8213.188078104804,-77.55691838873236,-78.15580297131172,-170.80466411208815,-160.06042488303706,1.0
3059,-2529.7605112096035,7359.387401716817,-10114.267362119086,7818.965570713228,-79.45527053083887,-118.39849073188691,-184.87491943128006,-168.75534137337033,1.0
3060,6785.073544073005,4052.859960131472,-1432.8545287510578,-2281.37372297035,-73.99091983164189,-84.45060985087993,-176.92161594315758,-173.0772535306082,1.0
3061,12502.415092265974,-8649.915119914363,3260.8721914569087,3934.124173499858,-78.8322798322306,-83.53455075691147,-165.6977123715274,-153.1282959332566,1.0
3062,4396.386849639394,-1418.4564686261276,-1523.8288021526048,-9004.615288537534,-79.66934847883704,-67.87541474355461,-160.69464581781943,-172.3681620268454,1.0
3063,12997.930564995913,1385.646651840954,9224.335580439729,-232.74739599688888,-77.48856821846745,-100.11411989833391,-181.78496869144658,-155.3172537041071,1.0
3064,4732.835158396112,3046.156304623918,697.449758575512,4215.734581965859,-66.21333073702861,-95.03350094065873,-163.0717138975535,-164.6819285389962,1.0
3065,2060.500729881782,5950.137970087024,-1807.321324697448,-1899.5119961428313,-81.39879787762919,-85.99205517627489,-176.5779705554397,-167.43695652612283,1.0
3066,197.96132595230677,2377.3695507498296,-3255.472217297484,9260.988935387222,-74.09202858670628,-114.30418796772588,-176.32540818708267,-155.14526495641604,1.0
3067,-3349.14421498478,4645.12383579342,-2567.0685749676218,-8801.45959167214,-85.18529484278513,-98.06050860677209,-165.32489658993734,-159.72529982349735,1.0
3068,-1692.4146326571213,9715.840551946672,-451.8010185132471,9153.922239953374,-81.8384870103314,-112.29016932247553,-176.09531647485065,-160.63913616060012,1.0
3069,2939.198842544921,7916.340308772142,-4000.531670764225,-531.2334195744297,-84.21063693826414,-55.260810514938136,-157.47842621625594,-168.7445511302832,1.0
3070,1594.5554777509622,5330.657075042922,-600.8972201975524,6602.380195314468,-72.81747127265047,-62.12506320416089,-149.7105720146406,-175.43317055420428,1.0
3071,1913.4284553190885,8648.176917184237,-8326.545437892022,2818.805306003534,-66.76561691970623,-93.51570753833943,-178.0135836854201,-165.910866330054,1.0
3072,-2184.3308988017197,3205.482064795329,-14198.766317655101,3012.723468881479,-76.76074443125044,-75.00992034502525,-179.08879117849492,-158.03623176005695,1.0
3073,5127.644321326425,1622.5743614745363,-754.3152623864576,3865.6109875935317,-72.71845147824212,-78.40491961072335,-165.77058769688836,-175.98357681423443,1.0
3074,3915.1943283712744,-2043.8881946352906,-6306.655331351244,2391.4355726591375,-98.05591573432244,-101.73283071442827,-175.80691571052176,-158.95434187563703,1.0
3075,12714.765093856544,4889.155576658978,5194.35334509186,-2033.630171448291,-86.26204331127929,-85.50202421319074,-161.52023621999842,-187.69263683274622,1.0
3076,8759.826543362755,7013.305042196774,4134.087013250909,301.84337065064824,-69.92485955144987,-95.67801137888934,-159.58819680691565,-172.7880423829613,1.0
3077,-7429.529113756418,7799.778754329755,-14461.99408130649,10171.401886933487,-83.62218651779209,-106.80658348813029,-176.27764772651997,-164.47022584261805,1.0
3078,4732.2713639487465,12028.425886339957,2777.5778827555137,5011.025338291144,-84.48403674452537,-109.44618726105523,-175.90960976526705,-164.02473871176437,1.0
3079,2923.108418319534,4441.323155189633,-1447.4094688651373,5215.484053353981,-89.57395860659858,-65.54091494444131,-162.48950169527868,-184.05754551979516,1.0
3080,5364.842358821759,7538.115990691152,-11332.011462869112,-2381.775968898463,-85.82140976611083,-64.01019221825557,-155.1987819783203,-162.2201191989997,1.0
3081,5403.232929169685,6004.194971608259,-6730.031659451491,1158.4971136277784,-92.47823177096383,-84.88772543067186,-163.40206790971388,-175.10558811288635,1.0
3082,663.2585831215318,9435.448734219752,-11566.532690862157,-8024.113057038076,-72.67712224207888,-105.31167921394135,-177.58712713914542,-164.9991376879781,1.0
3083,825.6656340979181,8954.982634682969,-3474.615333233575,6065.179268327014,-86.37602460069895,-102.46527609651199,-165.21001023393373,-161.34229104280422,1.0
3084,2309.8774482542276,11460.60134427862,-7528.440469040456,-720.2672843061846,-70.65675485839684,-102.35630725439191,-175.06838389072908,-155.14175663492148,1.0
3085,6691.557518989667,3376.3360194073175,-11072.161769172719,-2905.089357567502,-82.54319857456751,-104.88456867954605,-176.8316787406606,-171.0352735598186,1.0
3086,-1287.2127698444654,3373.10704973287,-8009.5462554669275,5441.094478903209,-75.92774219015789,-102.11411567705505,-176.1571665475302,-166.396060021351,1.0
3087,4847.581427943352,-5407.774705008471,2763.971339083798,-5616.393958007604,-71.32347066405661,-86.46751260275147,-166.33642590587712,-166.2932728702383,1.0
3088,5374.69390719688,-2698.2890582735035,-5917.02999457115,2237.324086045253,-73.19479197952448,-109.12726711827449,-171.20511995562094,-169.92837638612724,1.0
3089,3816.7701718854423,-2266.3191678299213,-4671.891890567902,6968.903486073591,-79.0480048248772,-96.65799669903393,-183.29148435923886,-169.0641575406527,1.0
3090,5306.12629505653,8223.121797975882,-584.4900640123338,2459.163820779175,-77.57756640338074,-109.67174861862578,-181.1848232687629,-170.62953453195735,1.0
3091,-5004.071291162268,3373.280119060928,-14972.11647146784,6741.5142505357735,-76.49132145635684,-75.07503819399845,-155.8993829216449,-179.38502911829613,1.0
3092,1958.7706917440214,10191.389080986004,-6092.149394499119,3379.2703212049614,-80.01729532076531,-68.674203643963,-166.95255731050815,-176.00403361880043,1.0
3093,-870.3361658485921,-2126.8820315498097,5119.569900392463,-4911.87543265474,-66.39200891672925,-82.60380653624642,-167.9861295032889,-171.17360132158524,1.0
3094,8063.330975380817,6416.5233519963695,-9573.685324814833,6227.497458119013,-76.30021248057795,-95.9601475825481,-172.8339724013032,-162.7595843867518,1.0
3095,-1806.8086438079854,3691.4755753351064,-2233.611239935973,-10343.827436493844,-75.59962258756833,-82.31477452451091,-168.2490821589463,-170.42987202529335,1.0
3096,-2834.1277848460336,7975.606446957287,-2263.7213849934046,-5865.3403848120115,-81.2803847402773,-76.9055497962355,-160.73272883985567,-170.23634799794687,1.0
3097,-7082.752025009309,13524.236827988214,-8826.880598937465,11644.879071172998,-89.8255236875744,-77.70691247674829,-166.0203501441568,-169.93184036066094,1.0
3098,1066.514703543898,-3836.711414855478,-11580.89045266825,3799.8455318464244,-81.07016091896837,-73.01334131079759,-163.4061596140238,-165.471808337273,1.0
3099,-5646.061125955716,14002.031536809565,-3868.3252420687095,11572.903104366083,-73.98689262554967,-118.7479361894735,-193.19343245933928,-144.10373707432998,1.0
3100,420.327952527098,997.1868756544656,-1822.1802661031977,-9458.34361515146,-81.55588398155471,-68.53774329112832,-156.57111466401227,-178.63521816592612,1.0
3101,-268.26216057904963,8805.45374547916,-4615.474249545212,-6450.929424708325,-77.96979663091398,-70.09511797669704,-153.47287211281431,-172.56123315249323,1.0
3102,-3195.146661465833,1890.7920085388853,1764.3145034918225,-11762.760841568095,-88.8036916960433,-84.06869793659095,-163.3069618964443,-175.44038375201274,1.0
3103,9037.00686846241,1438.6767352755205,3705.505054123549,276.60334409108066,-81.44385368118333,-81.93290646304037,-167.77386497066624,-175.33427690994242,1.0
3104,1183.6876910404092,1660.3464921828827,-2095.3837448903637,-10115.006065226922,-75.14255164023824,-69.88598693283639,-140.37261727707937,-182.1269308010616,1.0
3105,17857.6109912608,-5648.425105179063,9971.184619085328,-2576.5367168637813,-82.61420686625871,-69.78489183942814,-160.8927345283585,-187.35399670793475,1.0
3106,2513.6622925797415,8057.94849629889,-7030.846254141121,1326.6052356365492,-73.35775526606318,-86.17036739109282,-172.38373070166426,-165.61699045753875,1.0
3107,-7533.737409529078,3105.7155771208827,-11293.025530273126,13877.22810110359,-79.34932163473756,-104.45762850678179,-177.9164252733176,-159.1652218684373,1.0
3108,2681.085935325004,6131.510189784049,-11546.536184664636,-12053.32022234454,-87.68047486106249,-73.21365057669708,-170.93951501593665,-172.1569313295013,1.0
3109,-1461.808151937753,-3632.6527995183933,-8224.702834692413,9455.290284469153,-85.929987440033,-93.08308658221323,-161.7478112708865,-169.98012529863036,1.0
3110,-7197.63214628734,3918.7355899455133,-12326.83642405068,11659.459563932955,-89.88384726081588,-80.68504390415106,-172.12122313283749,-169.9405374220119,1.0
3111,-6950.703332493152,5553.061204171583,-19107.56830720514,7846.561667643069,-81.66164841322917,-78.38865837630753,-165.60910574315008,-175.09785660461483,1.0
3112,8169.721439741967,388.09049102686055,759.065871721361,595.463551800735,-74.55431923924337,-112.35668669826077,-186.07320919301765,-151.54717230339034,1.0
3113,6264.432431710791,-368.55761701800606,-4839.874885743521,-1069.5834694081898,-80.93630955224978,-101.36957971979632,-183.69360748416625,-161.13330535797704,1.0
3114,10683.501577520166,11678.00657119098,-662.4649584239041,-7488.920135805669,-77.32890107543932,-99.02991076512292,-171.1879590938879,-162.93090486927963,1.0
3115,-1912.479214054819,1283.9166707002616,467.4078250283453,-9035.220696079205,-79.4965767216079,-95.1431067556672,-185.73401862753843,-147.22760301757248,1.0
3116,3351.421584535473,7840.7581121670355,-5289.606236981856,1343.670811632681,-81.70667735011645,-82.05988308674121,-168.02071847983805,-171.20721562715926,1.0
3117,5450.727423862216,2677.9446485316694,-27.271864668049428,1922.9770318776789,-80.84148756025843,-77.01444070795871,-165.94562176532378,-160.1784932927011,1.0
3118,7057.9596054706835,1185.7741534578793,-6016.886233795964,-213.6683439579712,-79.48064237856433,-91.86085677341111,-175.08984080457162,-165.42963245544678,1.0
3119,84.00494881551035,11890.081002583269,-8047.925898462618,2663.1876491745797,-68.6218856388814,-117.5645667117426,-189.09037692125273,-154.72680562843297,1.0
3120,3654.7636013049296,11063.90179063562,-8538.377749564233,-562.3307662259549,-58.394760474154126,-92.47974894923549,-181.06679368099668,-155.32200835439954,1.0
3121,-746.860339262812,7647.131292801292,-1721.4759585457693,-3743.0937435030883,-86.98052298081328,-76.02388997809372,-167.04562550198193,-172.00798115926872,1.0
3122,5426.221349376658,-3764.8498200165855,-3211.092711828035,3568.924413714069,-66.23572687903622,-88.98334908100462,-173.57839841108697,-160.42361390827386,1.0
3123,9531.103732933594,1831.0880336661724,1002.2275785561194,681.7452729442031,-80.62007735563829,-103.73296800796484,-177.54908555205077,-170.2809243663018,1.0
3124,3096.423313555378,7250.279153780026,-7422.602487166129,1052.2790235765553,-67.70084705917596,-71.9102130499596,-157.165100799326,-176.09245154020252,1.0
3125,10853.227753992905,2850.7465183432223,-713.4768332205809,-4362.493418021966,-77.59076849008275,-117.3909590757214,-195.3882890204207,-145.00758004968463,1.0
3126,-924.4230964649636,3950.129583315055,-13535.589532137044,3324.7969668365827,-77.60354032903247,-67.37818026907226,-162.7410183211163,-175.25993288403356,1.0
3127,-6619.95639236496,9870.240304923671,-14589.252007078763,7486.616950228131,-81.63051148191379,-72.34617391213014,-164.7173881769801,-171.32650079745363,1.0
3128,5428.5875941839,10472.144999711163,-7201.732914898988,-1764.9245395854032,-86.77694279554352,-88.01096508590368,-171.8434952591115,-178.16291054726298,1.0
3129,6507.674503218396,3748.5613529407174,-4998.0931728012865,2086.6079160115924,-75.85254494563404,-78.6623901736335,-161.24483053183053,-160.90660963435755,1.0
3130,8333.20010777279,7106.856147881317,-5225.1519631766805,-4209.761065149814,-100.10280483662757,-77.09627633740526,-166.09634904031762,-168.3234375878845,1.0
3131,2075.713047544461,11530.202374664303,-5146.918353581756,2483.1351763390326,-80.14329102538933,-118.95017190938034,-183.57218369964687,-164.71023424117826,1.0
3132,-1293.2916075949988,4591.252981704148,-13127.62053136912,3027.8027313361167,-78.9020709633006,-102.82701550935107,-175.21637961206181,-151.80815308997308,1.0
3133,8634.342544229716,1876.059800908834,-4535.009063209927,2750.667204990735,-71.15621521016438,-104.85839017416335,-170.68247430765285,-159.36200699986676,1.0
3134,6724.22925140196,2612.167703359623,-5296.063086635811,2078.797818346105,-70.4319442943434,-90.93210794186479,-173.7200259476227,-160.5740660890384,1.0
3135,2459.089116380361,498.3417935046663,-2242.399144905316,-8353.695975026418,-71.82024338557937,-106.7493166330953,-179.0268434576055,-149.62692513732966,1.0
3136,3811.069887407382,-1161.8098413908772,1074.2355407657658,-5071.141693545905,-70.27202627569619,-66.6368760270031,-175.5607139528907,-158.71886979733603,1.0
3137,-2007.144237888744,19201.10611442414,-73.75747476427952,8869.748930642183,-86.58244637334091,-89.54355989597967,-169.57270377185893,-168.86656425330378,1.0
3138,8180.298637093344,-10796.328228004408,4419.389091679928,-3879.9986081662837,-75.05976218834044,-86.11168986170438,-166.74201688774122,-163.0855345530397,1.0
3139,1960.9791657868484,2400.547870125162,-2898.3272120147712,-6213.67761456276,-83.75133678062892,-83.61438418847787,-163.97557356562223,-183.22557397393763,1.0
3140,-708.0772977457284,6919.196275787167,-12234.913437541476,3030.1569556578365,-62.417433266462076,-105.88284392522749,-185.9909545825526,-161.12153868521912,1.0
3141,3370.5339869976096,9596.732217146831,-7232.835084588297,2789.752414581344,-83.4075413998386,-82.29015209842748,-165.8424656693911,-179.92064964492104,1.0
3142,4902.819316401784,10461.61500187089,-1367.7550427418885,1331.017874965659,-84.53615385564416,-60.39383106676227,-155.43717677443064,-173.76588877787438,1.0
3143,1481.805602107149,2221.3355737276283,1900.4626500012428,7816.836798192231,-75.56613517358812,-64.5309988093822,-158.39926270158472,-167.4334485990687,1.0
3144,348.92683950479375,8229.312983540243,-27.305472387317398,7245.651292286796,-78.83666446029416,-96.12979414978588,-172.29296952374258,-169.55990012085644,1.0
3145,11102.326445038927,-809.4943742105554,6332.929656144257,-588.3200468233034,-88.44641332789767,-95.74379510906401,-161.18935932511346,-170.36734594566914,1.0
3146,9812.82014310273,-285.90665489183476,-4726.940172517305,-3520.4061823901397,-83.87439913200676,-90.2602482361156,-175.27254662343807,-179.38502896983047,1.0
3147,13093.641076674912,-397.83960721565893,-4631.461009548429,3941.6403945530847,-84.83625667755733,-76.87491880783244,-154.5908197494305,-168.37244475308043,1.0
3148,7263.928391414705,7740.278421645998,-1061.9996331787988,-238.20073523293007,-76.14059560970416,-84.6873330939552,-171.75085976602023,-163.45164868914,1.0
3149,8239.390602681824,3125.744009093901,-6164.460860182622,60.270167723806,-71.61301180649062,-64.18189199996439,-162.73545924776738,-171.96878048831158,1.0
3150,3613.225396699272,6621.555194756807,-8785.635921633446,-2355.245311562765,-72.8588310733014,-75.95183763118747,-158.70343367030995,-180.36655689446377,1.0
3151,100.67500190375611,8904.981585179887,-4050.1423992555087,-1443.2324343932744,-78.07609398936778,-93.63109224667137,-171.2593471958393,-169.4916852057439,1.0
3152,-3178.9374919145225,5931.186465990264,-3508.4156981415294,-14040.51106995965,-71.83497848077117,-87.31100527091229,-169.1975296038418,-167.194135173263,1.0
3153,610.6725573389072,-889.0620061143512,-9328.839053783551,6061.352486028183,-81.47296228235913,-87.18783488728279,-166.35846678609195,-168.385959269575,1.0
3154,-1348.4455385087704,4628.001605149907,1716.8271632845715,-4592.130095852797,-98.030505482856,-84.01883507995248,-164.7854782539627,-162.82758462762789,1.0
3155,10913.957710889048,-7532.849729665616,1488.6466246948803,546.6886599654637,-78.97565513059673,-77.97655077888155,-163.40735774527215,-173.53221852737428,1.0
3156,-4175.849990777305,5280.3934932113825,853.5230325399481,-9511.029459893087,-70.010479935631,-70.11116492466064,-176.76611020875126,-162.20341163404746,1.0
3157,-4053.2545756390678,8773.215323684537,2851.9289257663368,15000.723995667238,-83.3018093834718,-84.95837944097,-175.94944936312874,-172.85795903127834,1.0
3158,3979.225414857211,7284.104214808321,-6879.48818772275,-1911.8259460244435,-79.60151312210104,-82.09306346360164,-164.0419826384408,-164.45659901460775,1.0
3159,1088.227037226863,-2951.1812761364067,1263.1361902373003,-10760.66797661148,-85.87822763379478,-101.4574069114287,-175.48541631773045,-147.95490375218176,1.0
3160,-5320.353429506463,9988.71510642518,-8208.22345846662,11903.147690935268,-71.86201160093714,-107.50804452528772,-187.93696930797208,-154.34330801248197,1.0
3161,6346.669655594776,3726.9842012416366,2479.7922478506885,4709.344416149049,-76.73676902146246,-79.8381860173971,-166.7188732926844,-164.56540717188227,1.0
3162,1604.4856513986053,7438.709301961629,-10003.566530743501,1948.9393129610207,-73.14506966890859,-93.30089383281128,-176.96572119405275,-148.05649083950806,1.0
3163,-3653.53578971161,14782.58053098115,-6924.267478897048,-4682.1964406213865,-78.59704268452971,-77.63101135336981,-148.57098007035697,-182.56143040862466,1.0
3164,8759.179771981091,1928.698699754852,-4848.375801123818,2162.860700699808,-83.84951712327418,-78.7106023937054,-157.39789883783072,-179.52246290581564,1.0
3165,2112.0781994235235,10456.551533007436,-5145.854546984919,2691.72369270623,-81.50063112492792,-70.95054363670434,-154.34022537465728,-176.43808939514565,1.0
3166,13296.125132294503,964.4120832225891,-188.7446859684192,-4560.970381805076,-85.75218725491463,-75.94714496640421,-166.06152058491622,-164.84900331952642,1.0
3167,3751.4130292437303,-1247.8898090293976,-1380.4363729347467,-9989.12105516486,-80.14858968173363,-90.07066002648384,-178.8649930051969,-164.42257533615873,1.0
3168,6952.152489783454,5619.518763029731,-10646.684730661887,-2632.9741335915974,-73.59141941449104,-98.68215759317704,-165.1150185302745,-163.3636678200487,1.0
3169,9543.481250507155,-4269.759648892529,-3437.548829323266,-2155.5662172481952,-71.38631920346837,-106.58914517598619,-184.94772737796984,-154.6129404269815,1.0
3170,1043.1555942138605,8028.1534326089295,-4929.332734230235,-3472.2421340537753,-71.84551926024463,-83.15228886930812,-173.94169319230514,-163.02099388809432,1.0
3171,-4384.692635201535,-217.9437264738331,640.2816922965812,-21231.80919951101,-78.57028709250342,-107.17935726449633,-185.06701392751822,-153.2086629526455,1.0
3172,7819.507756736167,-1584.1759793242188,-6666.707029997532,-5936.816251691726,-75.3248878476924,-78.07605407173983,-161.5620455501737,-158.52104051358157,1.0
3173,3690.143419274619,201.6199715688507,-300.3327179294821,-3536.298978738207,-88.69587583389436,-78.0443018359638,-156.9952232631517,-173.74157313285664,1.0
3174,7528.58428124276,329.59199588929164,-4383.835968006298,-1252.5822705101323,-78.49754146033571,-85.90958362412042,-175.87023848560395,-166.54938905672753,1.0
3175,8519.531004199054,7635.628041770869,-5874.115531196769,-5575.010737930864,-85.30923798014418,-89.75501215164385,-163.06764385463447,-164.63454272815352,1.0
3176,8079.871638637762,12460.068917275392,5674.665777655072,2604.5891264256857,-75.35203520490572,-81.09505654010624,-174.91414558727686,-165.80876288602042,1.0
3177,4177.0160273379515,-6050.198287075425,590.3434151356781,13104.26476204794,-83.56258730345095,-78.68306068678926,-153.73444317100515,-176.08335038979308,1.0
3178,7702.326505922967,-3787.8901170069485,7041.731714202353,5640.738214468852,-76.0352091568939,-99.91087267569588,-167.23704226838348,-166.42417495779964,1.0
3179,5241.9644445986,509.3200559047473,-495.5349907191828,-2262.7242929781,-63.64841042411871,-107.19142321270299,-182.87757954303183,-153.43819996112433,1.0
3180,6229.892925005732,8527.708243648063,5669.319492353892,4461.895525583021,-74.82646776905162,-95.4365672370092,-166.73219155479478,-156.5832005471806,1.0
3181,2665.1259325014703,4677.242411652473,-1836.5449668325602,-4626.93947075427,-75.74652059154694,-108.50313318173734,-184.71427489690237,-148.31084112437784,1.0
3182,3814.802424504331,7742.389259348051,-9784.533621450395,-7860.030180637001,-79.60731903576307,-80.83178080942339,-168.5623534249925,-168.34062672988395,1.0
3183,4081.069659004498,-3241.867826707517,-13018.280411018673,-1544.010188169691,-78.27630286176374,-84.811844661915,-180.5309524467675,-160.85710682074716,1.0
3184,2129.1205844369015,-2670.8210678696882,3643.37074976418,6207.295626207475,-84.96231540074126,-72.99890857444841,-159.06590843552902,-176.09924585999383,1.0
3185,10843.574371365963,-7931.854388365938,5115.170890406746,808.7665329860805,-86.55243030216326,-87.88933392467955,-166.89295542079438,-173.15487992729285,1.0
3186,2655.8655210856073,2300.6697377670466,-1029.5824829117314,4413.877969112706,-81.17607584553545,-89.22258256972593,-181.95425313252815,-158.36250293584362,1.0
3187,5418.853815949099,-9215.994602398358,10050.995206519105,-6323.9132307947,-87.57820898982638,-68.56834614580781,-157.09559082963307,-204.15259128411333,1.0
3188,10629.892024563485,-5497.081618690975,104.85922672534099,-474.57542639771646,-74.73134981908649,-89.27763866474079,-167.0860002938251,-160.58375711268047,1.0
3189,-2996.236043938845,12649.845099904409,1909.3596022773877,12202.090034572935,-74.63370460060605,-94.48632981742132,-167.4626848431312,-157.72482883147333,1.0
3190,6403.839417873858,-161.85300290814152,633.7846425202946,2812.889213002452,-69.09448140693391,-107.36399939002693,-176.7155111002949,-156.90051975874238,1.0
3191,8676.340685622083,-2695.841851261649,-2492.3977051687284,1563.3594202253066,-82.32403128416995,-69.88168139023551,-170.94879105991566,-169.13283900470793,1.0
3192,-640.2289076993025,-5273.839822949741,7237.699571915188,-11730.194642972465,-94.03409609997253,-71.4107132828187,-159.26398488965742,-178.0940269413819,1.0
3193,-1708.9793135323696,4705.594193667218,-5120.187389844179,10214.286369269796,-83.322665654961,-70.96058299018208,-164.48988377761216,-178.87783552545224,1.0
3194,2854.0538265034643,7644.128233341961,-5628.077517609705,-6313.794538907819,-72.60290502857816,-77.79128068840977,-162.65049892889152,-168.18292001576586,1.0
3195,3661.482427961751,2152.9055756158527,-2695.1641825316656,-3569.3567346440473,-74.78984962311495,-105.66690426061825,-183.51598959508738,-155.01788202621015,1.0
3196,4560.64084875972,9842.132699306521,-8592.113920954573,1200.977443454374,-67.74512253082622,-100.40057981182844,-168.10499061277025,-161.94640630457874,1.0
3197,4028.2363412815735,4357.825541576486,-5359.811404636102,1220.269837531382,-83.71793371668734,-95.05072271649712,-174.51837413933177,-164.2762421649752,1.0
3198,-180.10770722803838,7153.387464534397,-3058.698048872213,-4124.116906840209,-77.88249209579111,-101.67968018606038,-180.80463076519337,-160.0469149240322,1.0
3199,-1330.2821086147562,7904.5678260941995,-8788.959520815242,7490.330445271147,-69.93443688963137,-93.35663772577176,-175.39431826391416,-168.0203092900623,1.0
3200,9650.73716650398,3699.831595169269,-7098.561337255557,-3893.3797748374013,-85.14419042642113,-36.907333491133194,-151.8578218019053,-178.01394650707726,1.0
3201,6921.200296029523,3900.258558156861,-2507.712918362816,810.774104116076,-64.99511043306116,-101.73145978523593,-173.59866620446675,-153.52180106163473,1.0
3202,6652.504216571932,1949.0885757972796,-2955.2778217913024,1802.7981710422707,-79.53609832046739,-50.60695460206008,-155.71206848027538,-177.64589824632736,1.0
3203,10577.583729081849,3370.3908779913204,10267.034286962848,3142.09187803648,-69.22949486605974,-109.57298889139815,-194.52842615298007,-146.4030321250894,1.0
3204,627.5744639955944,2054.1606915553175,863.1011873854661,-3693.876208626233,-77.94732673490174,-105.58836577954366,-171.291473424785,-165.02718357333242,1.0
3205,644.9842276165341,6282.070651754982,1393.6342501808672,9167.424091912064,-64.91292154031505,-110.97291039733437,-193.77498816723138,-143.76381404228636,1.0
3206,7217.341341678464,2115.634532168408,1949.343617412715,4593.072332453932,-72.32932084584054,-86.62636724888164,-184.2297177501364,-164.1949644832548,1.0
3207,14405.438008528397,-4985.90362521265,3760.9919610187208,-2583.283595576169,-69.01411906840394,-74.45550072367375,-164.38193620665714,-164.3255965909625,1.0
3208,2435.671477800884,4930.02727825678,-2928.8735659582253,-4494.682592452477,-77.04976498541234,-84.4244750129858,-177.94524108375592,-175.40703807849818,1.0
3209,5140.705360874216,5921.402620712664,-4376.251183753085,581.92587967276,-79.5881662876744,-82.6537658243581,-180.67804717657046,-165.20401975372147,1.0
3210,-4156.444540203987,2024.949768896101,-17039.974054396225,5896.067569604061,-75.80385230272347,-74.84434433742925,-154.57715090161457,-171.19153807863492,1.0
3211,472.7441987035892,-6200.488131484855,-6019.369186750819,9975.552993666153,-82.27101909227913,-81.11597263904017,-171.06785699709144,-164.51828018568537,1.0
3212,-95.09075155417123,9212.65088642176,-14074.503960796774,-230.6061889863935,-80.63772996231117,-71.14490199923759,-157.63757381824172,-171.9852716220853,1.0
3213,32.11241620313609,3711.822081746716,-3419.5466870357955,-8499.598005941174,-74.689228135955,-117.27782939287118,-193.72054567723285,-152.19926812133994,1.0
3214,3252.9199167387105,-1408.7077505881873,-3521.041940631745,6579.713843980827,-69.56384806447005,-108.11960360575125,-182.70948972563173,-153.19410991111042,1.0
3215,9700.39601697931,2879.5691170725554,-6877.172221367062,2026.7873093509697,-74.98360183387722,-98.71633296020536,-198.61870029175174,-132.97084744231236,1.0
3216,7138.393227554243,-6671.347043731611,205.30934150880498,3143.4656052139703,-84.44291600466914,-64.82448539222956,-157.8794765845767,-170.1871140822837,1.0
3217,-2644.035034115238,9997.832702676753,-8051.253692290068,8537.223779210883,-76.73225203882008,-103.87263881071947,-179.6592978966995,-159.33330360017362,1.0
3218,511.9536573831089,4542.605582503707,151.97538428290613,-5861.187897886011,-87.36407386930719,-114.79943056370327,-180.15025292615596,-157.66749595782431,1.0
3219,16009.652584744668,6220.084522010863,-267.0413194697008,-11561.951451609642,-75.99242294338545,-103.89426900614387,-170.21029483460157,-166.95823996036867,1.0
3220,3846.2420491250514,4611.849291116765,-5192.646771613524,-3673.872695870528,-73.57049000985803,-96.85622297760918,-167.90861466717223,-162.40586970220733,1.0
3221,6578.180666764187,-2044.956662319318,3882.06192213585,4546.989506491763,-78.96309917580435,-74.71847250441547,-163.03917611176882,-176.08531386637986,1.0
3222,-5671.587670215315,4977.282395928043,-6838.460490461605,12594.739471591753,-73.53687091142619,-81.2497722830355,-157.9164216557352,-157.45722946104428,1.0
3223,4276.871287128897,2259.815871764524,-3423.6184420867694,-10901.739792437469,-77.23743661273365,-117.91069334365667,-192.04732249234473,-155.73589182120847,1.0
3224,-374.2273094351489,7579.944453041518,-5675.3988131993865,-6767.427693344804,-68.16793973354542,-63.29731722201348,-151.79787617491826,-172.66518977527446,1.0
3225,746.8542981598661,7890.013123410748,-4066.2508462061205,-1238.770517020595,-72.53236582982588,-78.23828570676807,-157.12945242069094,-173.9302179642692,1.0
3226,3233.187213181865,13542.695647787801,-10155.003388554365,3127.377143258992,-74.52774785287966,-75.32554963656094,-168.5229942518103,-170.08471830551122,1.0
3227,-3535.1569990062344,-1391.1591032477263,-9038.344521555395,11249.456659741849,-69.51168409916708,-101.78148399373782,-177.96549918258802,-161.10453157988573,1.0
3228,-1025.378073210684,10226.73732975225,-3800.7966657546576,-387.79923675381457,-66.55678230082431,-105.45920066770837,-180.58532996598797,-150.5520538471072,1.0
3229,4770.661913699492,-3374.5738941292234,1186.0360611067651,-5244.572343374143,-80.11224699879777,-111.95781882409781,-177.63605779481463,-149.7701708823989,1.0
3230,4822.4516177538635,1195.3342344539103,-9335.03675273044,-2013.1622764052638,-81.58516488622884,-103.147655103718,-178.10021200336672,-171.36587712654165,1.0
3231,-1389.7129520879762,3804.022267828716,-733.6907151172452,-6520.194128614294,-82.06175803358725,-66.72964116574381,-164.2911682165195,-185.0785386931908,1.0
3232,-1988.008396508144,8009.881565319651,-5054.54866222648,-6677.014355082562,-66.43429466177568,-62.297547431501286,-157.75085302032636,-185.4965590014167,1.0
3233,5263.469768738072,2365.5709624273823,-11320.024838947542,450.51954611300005,-68.31157643729985,-106.81775705917656,-171.56263328847245,-157.18375468082948,1.0
3234,-1481.735685210848,7028.47201156473,-4550.838712432132,8677.05567658072,-85.7821114022147,-91.3948433987028,-174.37280818923526,-162.7091267190274,1.0
3235,2838.9415343842506,-1271.0619550179856,-9387.136294070404,1686.3142994079883,-85.64783438905313,-66.24405756325876,-139.59751520837153,-192.16990906791835,1.0
3236,6198.544268314695,12990.5257526258,-5708.082277254457,-2890.1329532687314,-70.45427797928424,-83.1960314870817,-167.38684766911823,-172.02443897547104,1.0
3237,-385.9448601906297,4640.96257569778,-3708.8366373273248,-6368.777806096404,-83.29040491718035,-79.59137363068328,-166.066532259424,-188.0164696503749,1.0
3238,2631.0946048608735,12241.683843541347,-7764.800699710966,-3424.9402522031464,-74.14885595043839,-77.19663964241859,-168.32052684981983,-177.7621869523425,1.0
3239,-246.0517243117617,7921.729577506758,-679.1152505664395,9308.802312744481,-76.95169452745628,-76.70182559434826,-158.7992563913121,-173.7674336765748,1.0
3240,8748.060191521325,-1869.7884147829566,278.1569404443167,-262.0538420852894,-79.03396762028943,-89.64738347355669,-175.01317765528873,-145.87923828184114,1.0
3241,323.6422099860068,3696.1936157529344,-3113.3834462603822,-7315.857357015343,-74.34739090085282,-67.42757523490066,-153.12221478568026,-172.69860820732853,1.0
3242,11332.156697702603,-8226.148240170029,3156.3716987356797,1334.0638051369833,-61.865119834406215,-88.51912115797909,-175.55649269494813,-158.50153542281078,1.0
3243,8110.855220008414,11154.426621928817,-349.68989900676337,-2644.775705323425,-76.40998415439988,-88.9011228008986,-170.96156588639948,-159.48927665539105,1.0
3244,-3238.481417485757,-3915.3805326960273,3026.107856854598,-17976.356250412082,-79.84435003033042,-71.08970564064893,-167.6708337990902,-166.70245149539326,1.0
3245,-100.48762359605057,-3634.158870001914,-5023.068626147774,8694.320358798037,-85.62246918190381,-72.09148446882611,-174.3593555984056,-149.72893527882894,1.0
3246,1961.58590286244,9502.502593984509,-6597.066445092985,-1473.160623511902,-82.15728372045078,-90.20231049328464,-173.50649911904003,-160.30924686119283,1.0
3247,-33.46591095469043,2725.140370246465,-6096.068845398819,7066.277498705678,-88.13904169813851,-81.77197753082285,-171.64636961973798,-152.8328114377045,1.0
3248,2465.4052718242897,1107.7599904139133,-4773.231308617966,4871.218701062725,-77.71652770881155,-94.94394990026184,-177.0951796490756,-161.26892435367722,1.0
3249,6433.594728215173,7823.269990682339,-4791.902863476631,7280.91980376823,-76.0833345842354,-80.08862251098664,-165.14427319959,-181.4571389622979,1.0
3250,960.3556042473209,3976.8902707014645,-4618.521894530547,-11316.221094064924,-82.30440530680283,-90.82049611337149,-168.42077623162172,-176.03675442684636,1.0
3251,2432.7382253582086,7199.216902011519,-5030.285576409799,-650.5004619396803,-79.83494547415225,-96.70873093229574,-173.44049337147905,-167.2056834493656,1.0
3252,4273.159814036553,4244.162608069367,1787.8617254522574,7057.133097100642,-86.62445820517945,-77.24818937958298,-159.0126677306825,-181.55533927815046,1.0
3253,-3849.4418411949664,14537.824062956706,-7439.496032869273,-7436.196123983521,-85.61589283863145,-103.24244132462773,-178.844350724191,-172.81112502390644,1.0
3254,3055.2818895695764,2902.6397493920285,-2244.833428887487,4651.678117561288,-90.34978322544254,-63.913726674206785,-166.27287980166255,-163.5913951522436,1.0
3255,2018.3585785850219,12122.3946335651,-8526.69420336239,1876.8977866675014,-68.92653541056615,-79.26779368524791,-172.78200267701283,-156.81211165981657,1.0
3256,6599.659018345392,3056.3087323655473,-247.4077133527439,2028.957145174465,-75.05370722369636,-104.3708301709741,-181.16823036921087,-181.17995093605316,1.0
3257,68.47435943416124,-172.7174980170645,-2674.509786974858,7237.924846175343,-79.31119706019707,-84.55675244046397,-166.67524922735308,-162.74305461812958,1.0
3258,3801.7697633182156,-815.1729616732886,-112.10344052781274,-5656.09766158557,-81.3411258783564,-108.02443877686491,-180.63494466838478,-163.17685152733853,1.0
3259,5605.011419110882,8325.636708205371,2200.6027901726593,3123.268926953256,-78.01493235019903,-105.89171468933812,-178.60426505979854,-155.8552944487601,1.0
3260,5443.918663829829,6810.08605925246,-3662.948015904117,683.4490187119777,-79.80651854715413,-100.18021337180193,-175.80135917330034,-164.49894994442255,1.0
3261,3457.9579861790894,7334.7365628452635,-5540.574030672967,-4457.118277336268,-77.16690621864652,-123.22898462020066,-185.19304425831248,-145.6409013594929,1.0
3262,577.2980374736387,-923.3865097439726,-5453.075232982178,4542.591208836573,-81.32914351589383,-80.80685324650634,-172.33827291680723,-161.82972907716356,1.0
3263,8035.49319239035,4689.606925471818,-1701.9989078521357,-2085.150508609696,-72.22419733362459,-81.27126370809674,-167.4920571575678,-157.51205764968438,1.0
3264,-1260.623872744827,3411.527230287589,-8717.946449380814,5373.401926658882,-70.04315254444967,-90.293908914749,-170.02177831124447,-162.25529999322865,1.0
3265,1522.549419876114,9850.539882770901,-4232.942733138347,5059.706232155873,-85.77607023602626,-75.82725803965947,-151.9784741418858,-172.66611033103305,1.0
3266,8072.415388055555,-2211.5798233065702,-188.53015392117146,370.7131781873536,-78.9360623829163,-59.48731808494371,-160.72878534737018,-178.70235249941072,1.0
3267,5749.292081746072,2888.766210616389,-2326.929606451438,644.1685479832651,-89.86055467162842,-91.77431954442591,-158.19387482082658,-173.02686181127308,1.0
3268,4425.39900976602,2806.2387704802686,-5698.450323064098,1234.6763389232206,-80.36535066302326,-97.6158385800781,-172.40292149062824,-168.1338426418467,1.0
3269,-2121.0555394240305,10122.530946409006,-2394.674639841924,10716.668183946438,-79.39565382875962,-78.25611375748466,-157.76557700062816,-163.81423489026272,1.0
3270,-6565.202643301129,5427.4360976008065,-13863.406032166109,12374.892768689062,-82.67158351589785,-83.71992640166204,-158.96213722268908,-167.6242478708563,1.0
3271,8906.94655715972,4578.870477303497,-4021.710847900721,5206.267065197554,-71.94794397029534,-93.59872482746488,-174.1705385961155,-173.15689322128833,1.0
3272,6145.8420830558925,5273.249184602786,-3103.6373618768057,1702.5622109352616,-77.01786144187975,-55.24659989628892,-159.24960415889925,-163.75787277504284,1.0
3273,1651.0538225384369,12410.440118588125,-9379.813483678574,1219.4325012655986,-92.90419810860801,-71.08948369674813,-159.88513157094587,-165.09401264444196,1.0
3274,6556.926499526121,-2187.258629458603,4303.257898497064,3270.6541878515986,-88.63566997282929,-85.38425348387115,-172.0048235764295,-159.1740264483769,1.0
3275,2714.752326576513,5317.624549962836,-1707.4694744470903,6159.714321133355,-74.7092862962436,-111.10763505883455,-180.5335844256171,-156.2903150437755,1.0
3276,7978.946013944288,11927.90128488189,-15799.88391280046,1109.349112463961,-75.57548794520797,-109.46185192665644,-172.30916351727703,-151.75513690485352,1.0
3277,2893.4627958293845,5676.148883384421,-5294.4974370930995,3002.4326273802267,-79.77234596242099,-89.57915862016017,-164.4082861448786,-173.92203027431736,1.0
3278,10027.794068012496,3132.6669514197297,-1799.4251462473317,-2593.7049086176953,-84.6546724370193,-108.24013336731889,-184.9005662029993,-165.31478442343908,1.0
3279,10390.448641976345,-8232.500597223021,1260.695199960334,-3756.2763041762846,-82.23727065146667,-79.63962981281207,-168.45290994259702,-167.55642804175073,1.0
3280,2091.067523563531,3099.5149385114696,-1882.0504141752492,-7285.170173767949,-71.77073697697034,-62.585302075018866,-159.5798881515552,-184.10903516935375,1.0
3281,8961.010190009516,1274.1455575550385,5410.832404782218,2990.1285151569014,-83.63206543057106,-72.28358014878981,-163.6517736097268,-190.02298055631374,1.0
3282,1820.2453955462454,4247.969559060693,-4560.885679276488,-7530.189284393744,-80.87401750582715,-81.47483781942344,-178.76049538244536,-162.53150025346602,1.0
3283,2161.0883187058093,4018.138187052278,-1519.8819842733099,-183.0928590556966,-80.77438856962297,-79.16520425772974,-159.87549380934675,-172.28015674795242,1.0
3284,1802.1346079258185,7137.497530511226,-5069.796741100896,-4161.047799753126,-75.40739782001744,-85.9644802383433,-174.81149306755813,-163.15186993555326,1.0
3285,4319.811902899855,-158.44343261470993,-3341.2918072349057,-4722.635297212058,-79.33912307868543,-66.73141448005586,-161.51049067961262,-178.68338241758764,1.0
3286,8925.20148793978,5469.838952114625,3994.0428990062683,8903.795803789259,-86.28421612073602,-78.11736850424126,-172.07726089586058,-160.7115272812439,1.0
3287,6164.6520546553975,210.8343071069241,-4257.740214422954,1043.8309378510037,-78.28739526351056,-78.04529336111845,-170.98245132567598,-170.29017672228912,1.0
3288,1342.8374854484694,2668.3069416509898,675.8338903984292,7590.509910944492,-75.10847478317135,-63.3411653190519,-169.13548101269672,-169.85661905479185,1.0
3289,1452.736890626408,-1027.9619968999775,-2325.340215445287,-15919.28859910065,-78.1267385611743,-105.55306800219456,-171.44568195174145,-158.9961133840564,1.0
3290,5703.407609467689,-4126.998921453965,-1145.304576098772,6069.408506850854,-78.92624171520123,-86.6625309581299,-171.92157820093075,-169.41291448206343,1.0
3291,1561.2408991912575,-1730.2715753970647,-5690.032350309882,7068.459630964613,-83.95626825879091,-71.40111649256184,-168.1125933420734,-186.11581673161933,1.0
3292,-159.72019940712335,12950.100053946468,332.1794798062099,8346.733972176367,-70.12501279723057,-105.87653602620831,-174.26231898829786,-165.99683803763122,1.0
3293,6222.302969503116,6695.10220861754,-193.85733379208503,-394.9700538146974,-83.87074649370334,-64.31630557155549,-155.27100362380497,-174.36560553024432,1.0
3294,14245.202935694602,2909.7901360710357,9054.11294557364,-4811.907583167295,-69.68453623525765,-92.25004138986718,-188.92598715930365,-159.15033046290446,1.0
3295,5805.189949770684,7843.71657952433,-7149.0923427605485,-2198.243786787945,-78.09441299510615,-84.36572111098948,-165.70490352389498,-164.18535968655772,1.0
3296,1704.4892527521408,2267.024704483018,1207.6181591997029,-3472.308975410002,-76.10496320201068,-91.62954904760791,-174.186577784297,-166.928176174944,1.0
3297,-2337.153943410987,10496.555096230382,-4749.793590321712,-6032.54995966578,-98.00989373789834,-76.07373634855561,-151.68313347107113,-185.2520181361413,1.0
3298,5848.277108460811,3618.1639234781587,-3721.0323467489093,-1654.811156457235,-62.282223620303554,-90.48556596280258,-176.59789786129804,-164.09071248176727,1.0
3299,-675.9489024053624,-1238.671404208819,-691.716220103054,-13993.632492404904,-92.3254772006512,-87.86214516057825,-167.78797232693256,-171.16931247760388,1.0
3300,6146.644776149343,2489.824665373462,-5989.49280393479,-3680.810260247355,-74.80275033294515,-73.71752665317322,-165.62197496984683,-170.6397690550999,1.0
3301,-6169.849809008422,8717.373149109459,-13382.976383604993,8139.518385842099,-73.20640372933006,-51.68717545693364,-150.87371901758715,-161.58331829493955,1.0
3302,-3205.2866734460754,10321.216070301765,-9586.668461353836,8240.316962704615,-82.00871119227521,-71.06234826917358,-159.42525576908577,-170.90532635113232,1.0
3303,10809.582425791808,740.5096164171914,-6132.967032815288,3947.6942720397024,-80.26261032474342,-73.15773309768186,-167.64429786363462,-173.20045571236577,1.0
3304,4745.47054517533,-214.36958116352312,-408.5670946145039,-3648.199474617743,-67.667027653036,-84.61355003194001,-166.80592270464257,-166.17578581428836,1.0
3305,8774.519025623422,1015.4901413385576,-3132.829584193089,-645.9465627050611,-75.07742301835569,-90.24749038274271,-160.79797235202489,-179.34275002178913,1.0
3306,6417.735367427669,5628.375666895949,-3900.120248857406,4181.696432457832,-98.65479775407036,-116.06779726668364,-178.5360785890856,-162.5119610401383,1.0
3307,5172.275045911963,8045.204868510174,-9036.756679724933,454.89010564264777,-96.06645617312944,-66.61231665674704,-158.95268198583435,-181.13892013721642,1.0
3308,1229.1922786077016,6095.866513598612,1604.1628422619367,4597.048938042434,-83.5887841619908,-83.56663571330719,-160.04923744450636,-181.50355657451826,1.0
3309,-2336.6094569085135,3421.389776893424,-2776.6666400792037,-12104.667660493784,-85.62604745958858,-79.19327539722279,-171.03685344586108,-163.53493272615995,1.0
3310,1901.1377704318452,3834.4944164002204,4083.3335767639733,10463.232059191816,-81.94528965611741,-84.12767547226274,-171.9256455993947,-155.35405459633677,1.0
3311,4242.797181570145,4615.85639189686,-3739.9704701041346,-1639.6088804262454,-84.4702603622236,-97.78751548107046,-170.1886394155055,-162.74364154535718,1.0
3312,-2494.562628843013,6501.5528383685605,-10720.53256994866,7826.391584545524,-83.71668811731588,-60.294933744930056,-158.43059871309066,-172.28175340079025,1.0
3313,5228.2965834456345,-2575.761745659699,-2038.4421458118816,3759.4946830630433,-78.81049334570102,-105.50001114362415,-174.94788916860026,-158.98052214457235,1.0
3314,3728.65412132819,3641.170089299982,-125.34804241572984,2201.306766697079,-87.30204939197864,-85.00371035444172,-164.39111919532118,-175.1158838807108,1.0
3315,4368.967130519821,-4078.8902130114534,-1463.5999042874932,6921.909646268626,-58.83240859743687,-115.14355887544582,-182.9246047568976,-148.7630188328692,1.0
3316,9302.624117282976,7994.757053306811,2015.9169877856384,-2775.631878974355,-76.8077860593027,-64.89841265615088,-162.64400097036548,-173.73769246055144,1.0
3317,-3.557114761375768,10150.752315903814,-9539.109277580623,3127.8944413509366,-85.51438889152989,-88.96898941165172,-169.31101373998945,-164.4975106206643,1.0
3318,-717.6107765317474,8122.90463532056,-6985.616723951619,-10555.153796410874,-86.39164569731173,-78.90924649683359,-163.24937153375703,-171.2809158427347,1.0
3319,3619.5582335563513,3514.5433996632255,-4037.2495914435076,-1803.1241960204406,-83.73857035650511,-63.647061332304105,-163.7585562858253,-174.53523953114623,1.0
3320,-1956.2232093776095,11704.447671545535,-10864.421816347587,5646.469916689224,-79.85897489839202,-65.21625814673685,-154.89417912513647,-166.09795036654978,1.0
3321,-4577.225761644167,5923.426073910312,-6064.528205908019,12786.103751174622,-85.46636880475263,-79.0990759149949,-159.2369611986198,-177.10931879759482,1.0
3322,1444.7465830427811,3791.2291996302506,6007.85403049918,7404.561804471911,-82.69803737927816,-91.68648934195758,-170.90850179174683,-159.15779680937004,1.0
3323,10372.294744225024,-3246.2649177017347,-7290.919771402844,-3220.4032479226516,-79.8073078965766,-93.05527361299836,-167.73970694593464,-182.52313512621961,1.0
3324,4889.952771662452,3871.0499363887807,-3810.5264992709504,565.859046918932,-74.2868402899489,-117.60071472380662,-190.96403126402166,-146.51138287450996,1.0
3325,5506.1483191524885,5770.563567456124,-8373.090715157274,-178.900822177122,-75.73327718561409,-88.84606763647668,-179.20700565248214,-154.39288846299382,1.0
3326,2953.499629498693,6603.069488299601,-5128.134476737339,3191.583304145914,-76.14376180129373,-70.80701775160131,-159.4653469109552,-171.08647978268812,1.0
3327,7637.51241622998,4397.801173485022,-5978.858792090643,3881.04434123346,-81.01072713409512,-97.16652648475127,-168.9628997952304,-166.02804498865058,1.0
3328,5594.347444544029,1021.180410532415,-4597.194203691826,-1055.7860981515614,-82.47014594968007,-96.98202434497765,-165.9391199135949,-163.5123795771314,1.0
3329,609.092982878241,7739.535669728317,-7963.209799670189,-6435.708463676427,-83.75697905905525,-82.9247709838301,-167.33881422030458,-164.4378713480112,1.0
3330,-2582.2407846952715,4465.381297858166,-45.070052623906065,-9053.97012008373,-79.00473067374394,-88.96896769926266,-180.05151940371516,-172.54954598023983,1.0
3331,-2432.499729036319,674.6176184283223,-1067.3800070438783,-10418.039655982591,-79.5284635387049,-51.496307804546426,-151.30014630171866,-190.8620390625665,1.0
3332,5428.524415953577,-324.23207020208224,-5131.349793989491,237.68754148729786,-67.96232939139628,-102.5733609622567,-182.4439986250537,-159.12731535298454,1.0
3333,1610.8314212781347,1319.1001382805828,-2220.3407188481287,-11541.716344946855,-73.00116532577256,-78.88940427248836,-180.60170963469082,-163.03036450359195,1.0
3334,4052.5725364153864,-3713.343345757228,3235.738958741368,-6374.394082771021,-80.67632154247272,-62.628268592009135,-159.45140594018827,-176.24916399226294,1.0
3335,3784.761854527095,9681.130619887235,-8868.865593600603,-1349.0111446706128,-84.49476283690362,-116.2949491735045,-177.9453369416625,-161.41306323900702,1.0
3336,5955.764151115107,-4075.6479786730997,-3522.4789888021055,5650.601358460463,-77.34239002810597,-99.63901783817185,-172.2791450644318,-164.01306286541714,1.0
3337,3811.5403295606898,7694.205419030722,-8210.26553429206,-1086.6750310075095,-72.23714323795465,-104.68384790993983,-172.33946155903507,-155.9411018498928,1.0
3338,2124.7606418252035,7562.781663200605,-7209.446837145246,-3269.0225047107615,-87.66872589225773,-91.23029251639149,-163.42621248102023,-172.26618322685104,1.0
3339,5239.527277787572,8013.211047168644,-1178.3083577797865,222.52446269038862,-73.98669730431706,-94.13334414589988,-177.60366473767996,-174.13699122887203,1.0
3340,3415.0476386531764,6158.5625070403885,-7635.339835889411,-1576.3138539447352,-81.94917980863207,-81.86109415296706,-173.4628189828701,-170.98629135267268,1.0
3341,-6477.689817509139,8105.369570483587,-689.1251016176963,-9625.17561130478,-78.16663580724781,-76.09158937755228,-162.3886903751997,-164.5255117756228,1.0
3342,11519.602415447844,1547.0130548583545,7027.308140994526,2802.21517094529,-75.42687850853257,-106.45205543893144,-186.19268152501468,-167.27824000701966,1.0
3343,6771.194281759451,4197.023653027743,645.6061133861471,1362.1436337136336,-91.45262542972239,-75.96768622055129,-159.02134724731263,-177.39575444404826,1.0
3344,17207.594931673586,3071.4926922667164,7216.946229201407,-6765.428835584112,-81.69366700913444,-82.23328314358776,-167.4200425852499,-175.47436496672316,1.0
3345,2964.185885483394,5382.577831464834,-3596.4834089414358,-2806.3638850749744,-71.16158940992501,-89.0032941450887,-172.4893803170349,-173.06467747159246,1.0
3346,-3935.7333402874137,7495.41843592438,-5252.022402966634,11500.277215870921,-72.57148293713115,-103.8494889689326,-183.83726742652712,-165.6366554823211,1.0
3347,844.5912591500124,-1211.7445994253892,-4339.593059482505,6285.044649436822,-75.71075956110926,-100.45194881765674,-179.53899300391276,-157.94395084932697,1.0
3348,7285.510153594496,3932.137060068224,-7672.272341123273,-4424.850883338362,-57.51374634657725,-114.2333969351235,-179.06283374723918,-151.9825474221931,1.0
3349,103.25233653932342,14627.958648209547,-18452.9211328874,-1724.1455602447897,-75.67651762019264,-69.9770358251968,-174.60367933755083,-166.25959841788782,1.0
3350,2464.270295954229,-3969.3706786004664,7789.36573917492,2040.3795554933395,-87.82781458882053,-100.23548521898422,-181.6684807189407,-173.09329726752233,1.0
3351,-2300.420992195624,3049.5060158002843,-12689.523691346363,7067.39481871496,-65.67049023072677,-109.96802524374084,-175.97051988655198,-160.2341566988414,1.0
3352,5825.463007502815,7075.527651586345,5105.084567715528,3034.9857352292142,-69.69144494586077,-118.54219800217666,-184.5099712483113,-140.37937961595088,1.0
3353,5104.669698440886,-5179.726620252012,3366.5691428390683,9346.424789155704,-82.53683372922332,-104.95568293772034,-175.83453735906463,-180.49118532667273,1.0
3354,5800.011984164581,1082.026038678955,-4162.590305281196,-2767.75692583099,-85.59482708938943,-58.998228844564295,-152.58107012569684,-180.3013931124915,1.0
3355,1352.0200427166117,10948.140236172672,-7514.209637332541,-2327.741349119313,-73.26749966120816,-83.7389478951778,-165.10274199382465,-175.35797401044744,1.0
3356,2541.8606146443526,4735.398871289144,-4315.965572883862,-7231.061662718911,-76.29511481811345,-105.14880443111112,-179.64921285578194,-154.41121306827796,1.0
3357,8293.818539155895,-2430.6586071611086,2359.878780917272,1854.3692235581036,-74.75473270878926,-103.6106601552342,-184.00425027381394,-149.4255260377184,1.0
3358,1966.8637622025735,7969.191131017393,-8391.280385897513,-1461.9447227236626,-82.82861522183661,-92.78087436095545,-177.4236557848577,-163.30266688891265,1.0
3359,2700.45497037007,-2663.0012527235976,921.1312502416811,-8223.99755627472,-76.58528411597904,-99.3557644043643,-176.92236154452513,-160.52879235343443,1.0
3360,-3656.1859035471903,-4651.623619198942,7020.83942026597,-15131.00048952977,-75.04505995698395,-122.29132638616585,-196.5669032314413,-143.34049735157336,1.0
3361,732.5537036777976,-679.6655076663725,104.15557964693845,-11569.202039879543,-71.85025883676505,-94.79251636208528,-170.28347290550477,-165.2152239453947,1.0
3362,12041.515994275002,2104.831417739173,4470.476995262386,-973.6048348728112,-77.66637264282407,-89.9832865109964,-178.2286397326376,-162.8560396645463,1.0
3363,11018.977892808913,-992.086614867492,3284.723094655757,-848.7450596187665,-78.14226172388774,-104.37057119143427,-177.79675464814582,-152.7150948770942,1.0
3364,2663.8396812056653,5339.33632535442,-6249.423646070449,4011.6545463532525,-87.72936999100529,-70.89385941400604,-167.10400263455713,-180.533919097734,1.0
3365,2369.6708256044153,2537.5306184144542,1202.0263098437406,8653.523533589516,-70.83292513049723,-99.38853217124834,-194.11716233581353,-146.42304718691452,1.0
3366,-882.0012700800875,11648.42579988002,-13183.969045820162,973.1070796755956,-85.75589555065149,-67.9537756060772,-165.14911477767208,-167.33187588903158,1.0
3367,1085.6877006310924,6015.710342159516,2561.334544439555,10416.342622644865,-86.3634408812827,-70.2419944683042,-160.85393098258896,-179.80827298094977,1.0
3368,6074.301709324403,2044.4551014532876,-3661.1012572080376,2408.2501115371915,-83.87623368654802,-85.87780632137779,-164.99869586135196,-172.08508625231735,1.0
3369,3990.670787041584,4299.040798252622,5018.483013017962,6252.370130549696,-88.98871783133042,-91.22258535204045,-164.73522053007608,-166.09782022353636,1.0
3370,612.1512914024398,7417.905800679329,-4974.060526933516,-5776.564730151157,-78.10187894269116,-110.1054060288412,-168.0051515806468,-152.10867505804364,1.0
3371,-336.7796915237773,9284.771295401802,-5781.770502087218,8014.812215390571,-69.00796113105102,-90.24658469833888,-171.81438939047874,-160.6312923179559,1.0
3372,3657.874947142157,7152.012449895522,3310.978159844404,-4357.243120206501,-87.67105561945142,-60.65817056051437,-147.8222970638024,-185.63989319078925,1.0
3373,-2269.0521090822167,3277.516590000863,-2727.247268572053,-12259.491746860012,-69.61693684829534,-103.49409423875107,-178.30862539362835,-155.11423175729547,1.0
3374,3715.3871893081678,5653.556344097637,-5198.826174423887,1012.6543429458761,-70.77793622405488,-116.68219387619592,-186.3357333179352,-155.47063997360124,1.0
3375,6683.812268026994,8266.32006162828,-4057.0959056799347,-2507.889739397361,-87.6493708272839,-68.35809902209502,-164.97565593770253,-169.1632367303567,1.0
3376,4650.7414581398625,3272.0174069967743,-1292.8829145039433,3070.0194976376533,-75.3950444431479,-88.49799780535558,-173.601447727728,-171.12758946579973,1.0
3377,12210.009249168937,8809.774457824782,3498.878120443577,-2409.323726678845,-90.03648132551636,-79.72410213989994,-165.38235221702124,-159.6182953306391,1.0
3378,5540.1910806664655,10349.98926628969,-1530.239973906943,196.53340265909458,-83.82928424911145,-94.62441423459168,-173.30117116637592,-166.60703588070288,1.0
3379,4316.645669315048,-62.86788029495316,-5786.18106954011,2347.272545441027,-69.22318154181661,-105.7402866963356,-179.3548302771489,-149.8339536297801,1.0
3380,-2946.4952422337983,1819.4139249579614,-718.2372923133541,-15383.8356863507,-73.7535097428228,-84.39426274047923,-172.97562593163863,-160.3749274474177,1.0
3381,7052.71371083769,582.6029070309243,-3236.5666891902547,2077.758655468927,-71.07655307356166,-93.44565067014766,-171.31750558047034,-153.79489718065315,1.0
3382,2072.7128123180983,1866.4905026485135,-4759.482112970804,-8616.745826630722,-92.96692883404852,-62.150546195535675,-159.94462525229991,-174.50397555595993,1.0
3383,10295.5504653184,2662.8818695784585,-4567.680460838968,3081.0472541367094,-78.25890701716682,-97.34325844058687,-168.7255807388172,-156.2443008168835,1.0
3384,2073.5616400323106,5629.2596473082995,-5431.279932122406,-5539.744244476245,-76.4596422884283,-117.23705685303622,-183.60550001150915,-144.5264268079921,1.0
3385,11328.757208698706,-7077.33871153785,1988.8396587004827,-1974.6366693921318,-73.16015323858079,-118.6321901074504,-196.76204567881825,-141.04466369457833,1.0
3386,9781.821794101115,-901.5546382218748,221.53458312279727,-1584.5580603843978,-76.64796049645973,-91.84739094397227,-174.80680148203,-168.72137802963505,1.0
3387,-5227.068148727055,6670.179470158031,-1851.290689711743,-14095.983821472511,-77.89143416461755,-58.98707153914144,-143.63605892032803,-181.87806953189704,1.0
3388,4733.369932862653,10446.049749111113,-4527.0139011818665,-1676.60953441376,-84.18818838679748,-100.33961250126812,-170.65436248675846,-168.74173098978198,1.0
3389,2838.475024757,6134.555118217389,-9237.248466198214,1384.2773455031218,-80.7234262600299,-91.84088982430248,-161.9122749419805,-169.68887070804587,1.0
3390,4984.481486419687,7298.306632053032,-6247.788898219468,433.0211935854149,-79.35947156013245,-105.92690927473325,-177.76584927454138,-171.74500989847996,1.0
3391,9746.213085547766,6408.971734605738,-9551.76820753084,5396.967266879258,-70.06323018441196,-101.38020732164502,-178.77065721727448,-157.71111219815822,1.0
3392,-6712.219816054226,9805.869772494278,-9501.963354138814,11492.868332962797,-73.13402883405831,-65.24955973111001,-157.78243070743036,-168.01529475697558,1.0
3393,-5183.90573658953,6608.829135199562,-4131.5091192867885,14562.593534879396,-70.8765353086124,-104.04725109416232,-178.72503404765703,-154.7791820112683,1.0
3394,-9928.820894860273,4109.702824144444,5801.456792884075,-883.5435672276444,-88.35658330157291,-54.607443376467074,-162.101881312811,-172.72424188087263,1.0
3395,12093.642579095507,1672.072328774055,4830.390728351585,206.8313277600784,-66.29529778314196,-96.83805343241264,-167.2244427227084,-174.23802432483077,1.0
3396,3727.48333039944,4698.326445997826,-6458.69149146578,1569.408046164545,-84.47097668375423,-83.69989546640717,-173.05564292271265,-159.58960939816353,1.0
3397,5116.197921275598,1295.4045068303515,-3532.7373057592154,1155.6952983628025,-74.04211478521587,-123.94218832698645,-181.42898447662796,-152.26040797167227,1.0
3398,15745.516589835966,5514.138884712441,7707.263315766616,-6871.353011767515,-95.403779212602,-78.83478289672796,-169.05287161943497,-168.73226748475815,1.0
3399,1622.8402928512276,13559.286137831874,-1566.1978883595866,6324.783049425294,-74.76355087279384,-88.14497632432814,-176.94387775838078,-180.65667518170244,1.0
3400,7707.877646780961,6231.775960228536,1113.0788625220257,-1175.575089438548,-68.22056991982862,-88.99771971742052,-164.53142469828376,-165.3622929058275,1.0
3401,-7521.8067508990225,1751.0266660252203,-7853.2714257282505,13804.2405386338,-80.1446040664198,-88.7816100789171,-168.81410059055503,-158.07262622332811,1.0
3402,5069.478917648923,4744.848446851449,-3078.0279547800633,-2469.950312080961,-71.67212982406838,-85.23720093559442,-167.4411529149655,-179.87020872392307,1.0
3403,6715.396139535015,4372.322856888539,1220.4619910923866,1378.4400940409234,-86.91192330957519,-88.43600584492185,-170.3610870600551,-159.10679413653114,1.0
3404,706.151368858194,-749.4240485367834,-1624.823267027073,9651.179546585008,-83.33056757814619,-75.59563653454939,-155.47557216975747,-167.15139095657892,1.0
3405,-9346.307363212865,-2329.0677737142278,-11510.628677115612,15276.453974347898,-82.50644592783117,-85.72077056855895,-164.12268310684075,-156.96032382065707,1.0
3406,11218.491503360476,3158.2453959142995,-7481.211402003025,3683.04804008917,-73.03020440781691,-96.95108435169097,-178.64440845729527,-166.08141096166403,1.0
3407,8665.727856315934,4279.448355535795,8773.303429429461,2873.820479043463,-78.62848134805014,-91.85221248323262,-164.36705094272887,-177.6696916497323,1.0
3408,8028.349210529367,4631.45926170016,-5165.680724971588,-4737.104903873343,-55.3823449653044,-96.5595618280421,-165.0976810953314,-154.99064412787132,1.0
3409,-3525.6913904066923,12264.74321102772,-10886.740528932887,4447.1408411111415,-92.67143088961947,-89.71897727973061,-174.73334696423393,-174.7560898926603,1.0
3410,6989.057800791548,8779.217449389322,-12557.632627250077,1095.7896464738046,-85.1386461611857,-66.5123882233166,-166.62147971237354,-173.2436626947903,1.0
3411,15366.260420334886,-263.3248361182923,5898.914400939775,-5841.391427985407,-94.93356222263547,-65.33968392046543,-159.06194175266603,-175.90795205830247,1.0
3412,12367.165851240372,4364.561168248955,5433.969341992016,-440.75886752016703,-87.64359550184433,-112.3286700096344,-178.66568256627718,-145.99126500666924,1.0
3413,1432.5238736582744,1882.7989370529042,-4936.755981196104,-10594.144459001875,-79.41578287438477,-77.77014909183802,-167.70444174147437,-175.94100932924917,1.0
3414,2519.7541090297086,1916.9130715482136,-837.1286245448348,3611.8473853155388,-74.04509941592183,-95.65756852342264,-171.5049203191116,-183.25994161379225,1.0
3415,1434.1076488364677,10009.081269727269,-6006.667552345968,-2234.6892351533143,-67.65344621201213,-113.05049709551213,-179.7176036581606,-147.962916053797,1.0
3416,-7433.589760336984,7956.485920367584,-17677.73471569125,8782.99437698371,-82.93903763010118,-88.30964568424467,-170.28810444611247,-160.28895293522734,1.0
3417,6971.881081741374,6161.697521473906,-5425.552200451909,2988.207490519669,-86.8568475748904,-77.52132997530262,-164.80120208310956,-173.8754158150082,1.0
3418,7872.461536988567,-5530.843372910731,2650.6097942340766,4475.902868511899,-71.71560188492823,-88.27298932442031,-176.40543253013732,-170.96136212549874,1.0
3419,3275.1246757888916,2868.0695171961434,-4261.275681485546,-1881.5367839372593,-85.61602490639406,-92.29649141427802,-178.86402647919573,-162.9060277792977,1.0
3420,4005.516116260723,5367.50373738319,-3857.614489236106,-1415.377698218518,-80.79036327541789,-64.03704732158053,-157.7895437265246,-167.26477820740925,1.0
3421,12158.039591098524,-1867.6230343561042,1250.147288608162,-1064.7343727183647,-72.84145544898001,-88.6243268634216,-180.41501259052782,-155.1486688783571,1.0
3422,-1137.51806883819,-384.8544588430465,612.9854007452482,11531.625218968582,-87.25148702441147,-103.54253291893241,-188.27906281757637,-165.32397167053864,1.0
3423,4590.663058770843,7685.822545871806,-10546.141542201876,-3275.896627020842,-70.31512644230264,-94.4653986090723,-173.6114934790391,-156.6095661849916,1.0
3424,-4993.190605197145,5250.543564694453,-13872.894134658522,6639.397880623445,-81.3756248565339,-56.965914842045606,-156.5995511513556,-184.924411855735,1.0
3425,7345.078885442445,12.52469654851085,4064.576470125809,1302.8962378075107,-76.89436600531839,-77.3738203914398,-167.6678389734999,-169.0486419273828,1.0
3426,7023.932837192198,-11007.13351190923,-6604.570122094677,3105.2114432761723,-71.97056130137425,-74.32667789882893,-176.92517648188792,-161.22732015052665,1.0
3427,4213.637682853258,-2828.8904989145335,-5516.223844963464,3001.3567405998106,-93.69480982812586,-74.3223317245213,-164.44070593961493,-176.62889932405238,1.0
3428,648.7544515021449,5354.820558459186,-5981.632169494702,6372.624188215549,-84.54158726897599,-94.37112163060722,-180.03592166297815,-157.08701635025142,1.0
3429,10512.649712384187,4472.482781323547,-10477.502308760659,3713.955453615397,-77.75265377448193,-85.91447673189869,-174.78575677195508,-166.66304602343595,1.0
3430,-5356.600337705311,4283.752422927288,4842.224122737926,-1454.2864240706028,-69.09903950895739,-90.06057796072832,-177.12270631188113,-159.50921359974336,1.0
3431,9114.613069906367,-1272.3739356244441,-1945.4285519323125,-1079.341982753741,-84.09038831877396,-88.93567208709264,-179.4035940981426,-160.59542803062527,1.0
3432,3666.1752792928637,2284.316314320335,330.6935978969876,-1507.2685718596151,-80.66369163481889,-79.1748807572006,-169.63618427226027,-168.93216078058472,1.0
3433,2843.8012842591374,-1756.9057392728723,-1602.8621567474333,13304.518458063663,-80.93053310770684,-83.79000917032783,-165.11795216281925,-167.49928224974948,1.0
3434,1481.92081609317,10946.799954043114,-7424.362940338417,1853.754627489607,-68.17122761858268,-82.65888073075801,-176.36969727870752,-160.34993138291824,1.0
3435,9293.8135809929,3028.3476095138485,1635.3759274895415,-399.1642670095574,-67.47944567744807,-100.5606601831241,-189.07978576487304,-147.21660532112327,1.0
3436,7716.310340779374,10404.891045985987,7853.014858301959,2131.7523815457066,-94.45843325466394,-84.6229426699112,-170.69173621927027,-173.13020751628076,1.0
3437,3805.5389291527654,8172.389029673021,-9163.84379821245,-1881.5259356274253,-89.19275503825952,-74.41868050340844,-160.42480333535903,-186.4547614628123,1.0
3438,2737.594677498638,-2048.6923053517303,-6489.129218034079,5458.499670266283,-76.64648234858383,-93.5166071621009,-173.3506555460436,-163.2325099143599,1.0
3439,1551.400586332996,1390.7649694847146,-1723.4343508895854,6597.01148470004,-78.34659074611001,-89.57029352767096,-169.06016947509636,-169.8939588957682,1.0
3440,-1520.2659051752473,-3470.79432899756,-6569.425744357806,11068.970810625366,-90.48346819842764,-79.76136896108072,-171.23146526624478,-172.22285705403465,1.0
3441,-1158.947484968715,1314.107418921166,-1878.4644786854196,-13012.83708996245,-87.74092232472955,-101.20130776402468,-175.11052006018392,-164.20413402214916,1.0
3442,-1121.1344219109471,5917.4196428126925,2014.5731748408066,-7494.047366279697,-83.82719017486579,-55.16488919600709,-156.67981147927566,-173.7739984094212,1.0
3443,4535.264618871935,8672.731938952109,5237.347435442496,5846.337231417077,-83.58748657732252,-97.50517251851157,-186.78069957862454,-143.26451336536408,1.0
3444,-3032.7044906386777,13518.75358500857,-8841.100009272974,8527.532699273508,-86.98848067632055,-93.50577055541076,-179.25440875031492,-166.4297946509907,1.0
3445,4165.425038549204,3357.7968360404802,-5353.281850586919,-4941.190332011671,-92.37769329341607,-88.54065086851611,-167.74446814892895,-176.61392739225357,1.0
3446,-2829.1646188575155,-1010.2770778069253,-11353.954081102378,8456.56217068369,-82.53671748138277,-87.37376897420127,-171.81776868055775,-160.57954782233432,1.0
3447,2567.412118489084,5952.2389308388565,-6536.396924611129,-6557.402554280627,-65.2390674399837,-64.29854444645365,-151.03937582680945,-173.41770870842046,1.0
3448,6245.40152109655,-283.7991437661409,-1730.0144176708818,-2806.17168127249,-76.97981889263178,-95.14178287661812,-168.80307331460142,-166.34041877070229,1.0
3449,3551.8374538643934,4784.450922515626,415.38761536440074,6325.975107233726,-73.6799002351256,-102.46911412078006,-174.60473648770497,-161.92529010359394,1.0
3450,189.4880750556971,-1946.1676760631658,3634.4356559007038,-9432.894117625508,-90.34928828595417,-87.28819889477391,-165.73378691186986,-165.0510672194811,1.0
3451,-4827.492873511986,7325.527645266908,-11397.445412377996,8871.331153040373,-72.3951596161309,-78.3408109544139,-164.0101923039436,-168.79833755674554,1.0
3452,-3318.1558462647636,5149.687143449155,-784.3655698245819,-6965.758598356492,-79.99088028769958,-73.61500156464476,-164.7526990710026,-178.14409382055118,1.0
3453,2849.0532402112162,4243.90922164151,343.3299892220085,6695.459244487885,-73.5185571509364,-113.59648530147845,-174.32502908705925,-143.32458710007992,1.0
3454,621.5581628067422,6562.076299384955,-273.99421769454557,6186.032247938724,-93.41784825450942,-79.21833411988264,-160.59680887267461,-166.74030300871442,1.0
3455,4662.210042467725,-4679.478000999479,6924.512746722136,-3213.644473215266,-80.94721977058593,-78.70770938965548,-157.29258902331773,-176.68605437908155,1.0
3456,-2735.5552394101087,14305.039255043224,-7271.028802765832,-2826.4386589798073,-68.48552047970628,-97.34185942099299,-186.99855045736527,-155.7704506222481,1.0
3457,-663.4406652298002,8085.477176656841,-4741.113458795323,-8499.636552009099,-68.89918648906365,-100.72396442047736,-179.45116359352343,-152.4027922516293,1.0
3458,455.68773559854714,3008.884159666566,289.5199646795539,-9459.581185224804,-81.01399901377117,-79.05690646551929,-153.87173086609695,-182.96263172643583,1.0
3459,19327.464132186065,872.0558874103657,17408.715146210434,-4312.992910097018,-82.674630743746,-84.64393293570788,-159.0644214222293,-169.07030244565274,1.0
3460,-1548.8361361653724,6411.253775671613,-10484.414918287866,5209.122575511367,-69.82171724380473,-105.065277809644,-179.21059440540134,-155.02799408470858,1.0
3461,1804.8395350041044,-1069.6335884526973,717.8260872873951,-7539.647739894319,-86.36922401842673,-83.32734696196574,-174.2144882051647,-160.33892335001244,1.0
3462,1607.2084079438764,1495.4736206021173,-4690.8300713154185,-11700.734628740891,-90.05823552110901,-92.3358120311777,-174.56091316233872,-158.11416943432192,1.0
3463,18652.275694875516,-4470.755951445864,7910.657847519099,-4515.934675531115,-80.5658350378095,-91.49906712492208,-167.67358779505724,-172.0058850744338,1.0
3464,5093.93039150771,-2008.0972169786517,2453.6099290499906,5589.0090984433755,-75.28446131747987,-110.34349170248258,-187.36852950056243,-148.0881588292003,1.0
3465,6798.661559155569,5743.1858328827,-10155.515207348533,-3604.931137134688,-69.77019265700405,-79.06109092390308,-152.7364046401313,-183.11175972832044,1.0
3466,5160.604632888775,572.1695986293983,-1670.603549599615,-2220.1433912089055,-80.15926924990166,-91.74145059740408,-177.13109383831,-160.3065676400185,1.0
3467,-3364.106844210395,9199.957507850617,-6914.946483247928,-11682.173403038623,-84.02956232806528,-77.50253239320338,-159.58352474616757,-174.26726458232866,1.0
3468,2214.847847334454,2835.782678575589,-7471.25633329664,4061.967725616932,-80.29548206552565,-79.20727690765682,-165.2554226133131,-166.11542742564447,1.0
3469,396.9588151578391,9005.54446962311,-5992.273275002502,-6482.781351536893,-80.91471880102952,-71.07777117424365,-156.246170540938,-183.8548615688124,1.0
3470,-498.2104625382928,-2767.3998774941942,1453.8797066265415,-12470.602840971542,-75.66600330709188,-99.38758278371003,-175.21384705592945,-157.18195106978501,1.0
3471,-1988.7381173633928,3210.701194016203,-12285.944804685223,5999.060858137184,-69.71126564246214,-103.25887140225512,-171.61249648847414,-170.50820160115055,1.0
3472,14388.704382802352,1887.158666252255,905.5648220890489,-3291.9811796789877,-84.94806602108913,-71.61888304245537,-164.84539687398313,-174.20514731566362,1.0
3473,7735.371472083242,577.7449604941576,-7960.138003360617,-7579.632687698315,-78.06068112605135,-70.75614932849362,-165.363935620042,-172.61969004645618,1.0
3474,-1151.7901446725882,3141.6414313706846,-3983.472734345037,-12137.744374008294,-83.09603804675395,-90.8305057470568,-173.08324543578206,-161.49982455474898,1.0
3475,7195.676183709468,6949.840128430518,-8638.041202885419,2769.953690780827,-76.3754474310821,-85.1987802073573,-164.96106999869255,-170.20561374563226,1.0
3476,82.96227758696651,5715.044133907491,-14003.929572041783,-63.75190430239197,-79.25562279670473,-105.47396134181687,-185.75726184213775,-159.92547590217134,1.0
3477,-118.25430991785967,4470.05853115265,-1110.1377760697192,-2726.039542845653,-67.01928550664309,-98.52777162445018,-177.08812279371557,-164.2701576508344,1.0
3478,-620.043822114416,8138.9929153973635,-3004.353483239878,-4794.221107651949,-77.6919338878186,-95.5219869075697,-175.72233510226454,-161.89373639940123,1.0
3479,-647.8811774664952,10941.45797778373,-6201.820023826353,4611.277180681212,-77.23367744817345,-79.12602323971214,-171.01617352730503,-169.00606199920966,1.0
3480,2579.1567885129166,4801.360827684695,-1611.0238435938097,28.845839137876084,-70.17350498878245,-66.1419738186193,-144.44114934886153,-173.34826579972065,1.0
3481,-425.36852237815424,9686.496868683374,-4479.4507342980605,-2223.685334338607,-76.92314070107898,-82.05515392961412,-163.32153849312576,-167.315644342883,1.0
3482,5152.145782538215,-3511.9989720054023,-10714.934545474589,581.0946369431957,-74.61373126166258,-94.31295537105063,-173.94063204795708,-163.3546822195456,1.0
3483,2878.498622432567,-541.359828529823,-1592.4179628367422,-9619.425874536206,-73.72502200273998,-103.87444663566342,-177.07008810756489,-168.11335295170542,1.0
3484,5388.5740727781895,2046.6753940191875,-4034.4812772066057,3726.565487915761,-81.32913438806715,-82.45229893787021,-175.1629496203009,-172.78287787574666,1.0
3485,6883.016585463187,10054.744370909639,-10949.362836794502,4990.724516489506,-82.4701500246268,-106.43518606501975,-169.2957266199978,-166.5600602933833,1.0
3486,4512.885045613467,8766.364988336929,-8240.005040020918,-1073.3481121874497,-83.89472952171944,-96.97957554742636,-171.6179585967643,-162.91358133896907,1.0
3487,7668.875547922642,-1319.8580013466005,93.13582902385198,761.1364420109217,-78.06325500513773,-70.14735218159211,-163.29901223785538,-182.72544894956184,1.0
3488,4780.894101828032,8375.6656205034,-4580.759133058248,1464.7866591352893,-68.14813624405369,-87.5546684017124,-170.18832838207405,-164.59692686925268,1.0
3489,831.8161375228743,4835.908061605597,-6036.074302898289,6619.255977094104,-78.09114529417752,-82.37437189005036,-168.24382266316618,-177.9913193187865,1.0
3490,10889.91245149316,-159.02425357829352,-2300.3771156055004,8471.905333018496,-74.24835638427604,-121.10793310663459,-194.108942256714,-168.71707926009108,1.0
3491,8037.93406118216,-1194.4729094213424,3333.2088138828663,6689.154025850002,-79.85388703478202,-76.5830126307411,-168.6478027201045,-164.0503308041035,1.0
3492,3102.7445529221477,-1082.1765069010164,116.53097059130646,5277.690306810747,-81.2098147801645,-88.59069288829393,-175.7649236380472,-182.22436202095383,1.0
3493,9476.509111514579,-6737.218057623202,204.69290168588338,-3127.440578723319,-76.25462368134846,-89.76601320067634,-160.68145199094744,-166.5116712675868,1.0
3494,10636.167674985058,7027.053174226886,1570.209279893111,-3682.5910657124477,-75.13521687495006,-100.29501069664862,-164.30808258866605,-166.68684001403193,1.0
3495,80.89510182664262,13496.486633826775,-7587.823762759788,3917.1975991848635,-69.29129474043276,-102.44711386741984,-179.28647943892878,-144.60393203526368,1.0
3496,3632.00731641752,5303.254405760743,3896.8577815064973,4096.277324544501,-76.06627116501159,-118.28018395425757,-185.20332347383413,-161.44231942367747,1.0
3497,6883.664764588482,1354.1398594860116,-6020.718848842385,958.4308754195794,-75.6889464120265,-97.2730265314529,-174.87220917856013,-169.89743716609672,1.0
3498,2075.487460460984,10190.682828391686,-6961.410960728166,-1744.0714745918588,-81.35000719997467,-73.4076435736952,-157.25452407750828,-182.56170122969365,1.0
3499,2879.034803839508,3998.698959729303,256.6971024178657,9814.528071256951,-71.98387488313949,-100.82224892829134,-177.4614366008818,-176.71787386200228,1.0
3500,1860.9465373845803,2554.613648931602,-6265.49696184155,-8052.909181857228,-68.13139462780799,-87.79049092423844,-167.61401691779145,-158.1639539324458,1.0
3501,8009.594656111044,5863.444740612246,-6730.127638190274,3754.8003027210225,-77.74442172200011,-102.03888301360338,-168.6067928533074,-168.40733958944023,1.0
3502,-408.30132951433075,1123.404330057749,4551.912018794352,751.6454886281618,-72.57922480841373,-96.12917984896593,-162.8587076119301,-164.9160198752252,1.0
3503,236.55703019570274,-1814.3385998716517,-2475.160188454019,-11295.127293442067,-82.09346471318315,-80.08746159870849,-159.78353514758908,-179.1712543569061,1.0
3504,9782.364092783313,-2835.1458311927086,2346.457562841348,2043.9472950493175,-76.05488700209682,-79.12933975044282,-162.291365115365,-164.01075375353298,1.0
3505,509.22558562189965,7484.052782641512,-4684.4981297559,-6555.54707915759,-78.2907849923231,-72.39694285707239,-157.5761436099057,-169.3359235405952,1.0
3506,389.38060809625296,10647.337706778802,-6180.320851913285,4896.728721448056,-77.57479488547403,-92.65828258932709,-169.90746219838854,-157.33603996855993,1.0
3507,14939.732015475116,-2318.9648927042144,11019.954934390293,-942.1996485979727,-75.59646208849428,-81.79107611423852,-158.1982334496983,-166.01113684606588,1.0
3508,7798.174081410673,-1842.0278803824472,-3964.8376058215567,-1999.5991030543885,-80.57495499126587,-106.13830324828935,-183.5293910241008,-154.22703448754646,1.0
3509,-2353.425701091696,-6883.289145884683,-10584.98419369121,8134.308979146683,-83.721117623407,-87.61010405482537,-176.7480684411259,-168.0559380765353,1.0
3510,-5417.45103036842,4176.060093000141,306.5568161336589,746.9636561063013,-80.78468113760754,-106.16881797742685,-168.86610192745582,-154.93622948657475,1.0
3511,-3700.1274713211037,5370.6686602932905,-9954.750703898564,7642.168423891505,-72.3013797415273,-85.11940509241339,-160.08342764971752,-177.40455443409877,1.0
3512,6942.416166473721,2270.486248925966,1328.7763828016464,507.0963431558004,-73.20635861385205,-78.81960310881979,-165.98526593122705,-160.16767698612213,1.0
3513,-2328.5553931102077,5388.562799341911,-9242.267423584628,9015.55911352715,-74.7875443232726,-103.79432521626464,-183.4439949720895,-150.2121429618392,1.0
3514,1045.206512709642,922.3181777552259,18.69181092131278,-6401.811378675136,-85.92187406522996,-66.40781033257892,-154.30908152707028,-171.90324635897096,1.0
3515,1771.2194867108747,11230.147749105308,-7977.27897891792,3113.888936963922,-70.5802391825559,-111.34872687239641,-181.526243358944,-157.73519321368153,1.0
3516,101.28722672957879,4025.610937327545,-6503.108804493117,6385.999167088189,-88.86237597108472,-81.16576876888189,-174.1505943587738,-163.03546437663653,1.0
3517,3320.108934453484,-2291.599693384755,594.6768035455138,-7397.80602060655,-75.60579060333806,-123.04241245357198,-183.29577351254136,-160.30712607965702,1.0
3518,660.9054193602542,1076.6803749461249,-672.2991050590523,-12081.943771880404,-83.30714714201758,-86.15860419649161,-176.61990003947915,-156.43505756175554,1.0
3519,3734.435293892312,7761.449141065428,-4647.646354822288,3860.133523816927,-85.2669763674289,-65.3770226213544,-164.19983957102997,-147.35513935814186,1.0
3520,-628.5395069918746,-1907.3134193484411,5461.576389955866,-8908.055516553135,-74.50303646009682,-115.2767549943295,-170.24244262087444,-162.26277120710603,1.0
3521,5043.451338302235,4766.634736378547,6609.706017011587,7284.958826134055,-94.94810575300585,-92.2588503504837,-159.79376121675003,-174.18165042395378,1.0
3522,-2991.3467136673567,60.751452209879986,4478.698541077582,-11324.881428363467,-87.96935104662822,-76.49226742402412,-163.14035912239822,-176.20029004556903,1.0
3523,1128.7867131559267,832.8043461899774,-14119.365084149029,1667.0726729166831,-76.20242605172173,-84.64894087268269,-168.3230657551048,-183.3495506537588,1.0
3524,14258.07426855126,-8120.170059946476,9786.971449639008,-750.023658478439,-87.93136613548634,-57.53438340827333,-153.1321945869379,-174.79588671574768,1.0
3525,-2510.62921890333,2098.4515400928135,-16537.86105350555,3777.1389524846913,-65.47067351786859,-74.4491871225546,-173.71659511875723,-159.81473681292107,1.0
3526,11813.111064030147,-4642.98174745093,-1284.903916931674,340.31278140216426,-85.27300266453258,-78.59853162019404,-156.08945475098292,-168.3289533575947,1.0
3527,-739.0828988578302,4294.525840029202,1413.677173816938,-4350.576996383346,-73.43687215852023,-90.91789594816487,-168.53914909408257,-170.04835644720774,1.0
3528,15201.585380840765,10503.175529778431,7749.029372926491,-6314.922070557585,-87.6580949515861,-78.70530830607892,-159.91199153884298,-180.036041447989,1.0
3529,7764.458565760248,6749.091277739413,5535.490207326981,-293.1910469654819,-80.26568604123149,-108.214613971703,-173.9215435384779,-148.99000878540826,1.0
3530,1374.2096575379276,6741.664348467182,-2953.844336627771,-7834.064591544166,-85.21355446584833,-102.64191467543641,-180.86697896231394,-158.23140676208743,1.0
3531,8176.167192865709,-1182.955551935017,-1562.5585088079931,-347.92131676344695,-82.6521645622681,-96.12037389877658,-161.71831762425182,-176.1955345232615,1.0
3532,3780.229634809928,11338.806822884733,-10666.24582052063,3270.0599451351545,-77.1935340537619,-112.78447670023462,-190.14470012573355,-150.1572027093668,1.0
3533,-6526.489211902714,17406.091895517384,-11591.506477501196,7090.9951750347645,-64.26556462602967,-98.0549228502608,-179.09691679500497,-150.59964318835722,1.0
3534,1665.7567762265385,3140.623883554246,-7386.141942482133,5297.189791332489,-80.81428394460943,-65.31476309777372,-155.751094177801,-174.37912740136815,1.0
3535,950.0680269899715,11345.501195317676,-8085.383750228145,-1959.4627862821335,-70.60999293001424,-86.05354224724309,-168.0000657098076,-162.75328372321508,1.0
3536,3483.4180354024415,3663.622723392834,2793.3282205341316,919.6805232322137,-86.23091532236188,-92.7518532258209,-166.88981586874553,-164.26758920551234,1.0
3537,1956.277480729724,6600.534142820933,-5635.997248690046,-7327.995687123627,-97.39594495307276,-98.87803072610507,-172.8982980545947,-165.54545580848054,1.0
3538,3062.9314439687714,6779.915945664753,-6757.495618897698,-4606.978966513353,-89.60303025617196,-62.05370907735432,-150.57919750561473,-168.48571539199736,1.0
3539,9029.77302370916,5118.698083567426,-778.2185757587059,-2559.5841196827796,-75.56263080714413,-92.31505677041412,-173.76576776205093,-169.86679935715048,1.0
3540,4248.513975286473,1211.8718104639763,-6561.63419657407,2738.2504363471394,-80.19921463027814,-79.23830594917231,-163.44768603965187,-156.96608834918715,1.0
3541,-3726.3996740566145,6121.522390756818,-6957.24723980447,11378.360542735409,-94.72951799667551,-89.0533041867577,-171.603836102083,-161.2655580989302,1.0
3542,12901.707800883134,-4508.679998768401,-936.6155128230265,6420.168837317618,-87.14158415126123,-93.41344265559135,-186.61347002030405,-169.053506550989,1.0
3543,-5409.2522673968215,-5389.225693670283,-6375.306691922463,15314.27409032626,-88.8916872509033,-127.06703093483502,-185.36294883469319,-159.53902096988452,1.0
3544,-1222.865276525567,-3591.8235771004847,-6885.436186513216,7564.578388069883,-73.68052019908798,-73.8006912411544,-166.28812845804256,-166.70619160168292,1.0
3545,2728.3430299822576,662.2361885936709,841.003742143465,-4591.938109866195,-79.17844025020877,-83.71514161421581,-162.8292155537217,-153.9848873833325,1.0
3546,3493.7420256156115,14535.06156855583,-11359.350603757286,-1107.019113343679,-81.43835799200522,-88.42449830290533,-167.0464399962013,-168.20085184819567,1.0
3547,1423.9960230425622,1770.6139736010011,-5961.448113784783,5676.366917753276,-86.7235456610772,-93.35088392155086,-171.04355489988328,-165.30421828219912,1.0
3548,984.3820796318772,6608.986401659698,4100.171529265285,-3286.167352371793,-76.85044761215325,-95.46530152905802,-178.59893581802973,-154.09071102680213,1.0
3549,2197.8343196574583,306.20914906288067,3674.761817915827,-4091.766916735164,-86.6752448077439,-91.29086359375152,-161.7475264415535,-177.27582061573509,1.0
3550,1742.8413216424199,-1588.0678629098788,-211.50996123440936,-9586.052189338518,-72.98206438322815,-81.14053881718485,-164.63028177546758,-167.8443399148557,1.0
3551,3838.0363615799733,9866.058193113115,-11559.876882230103,-3196.8247921999223,-86.15171505346537,-91.73247078203664,-169.84780810132133,-161.83620627453396,1.0
3552,3192.110421762625,5982.868470072006,-1701.9972557017818,5016.249219976353,-61.96040153895299,-105.70702867187732,-182.46289346846703,-147.6122888742031,1.0
3553,5728.8819347225435,6109.597765276446,7870.019064287078,6881.133484821453,-82.08265551160758,-76.05738673993409,-163.09588006137707,-176.63340339342534,1.0
3554,8259.400070654123,4240.732346914368,-5509.286163839576,1425.1835586810766,-70.28151494327363,-115.57227556065632,-184.21966322018912,-150.724297781831,1.0
3555,12902.508896765323,12930.64713543131,-13369.145083309098,13568.828300019684,-89.2683327393466,-88.97797312724606,-168.58524432351572,-156.61161889958362,1.0
3556,5871.177368631866,7580.864640394601,-6519.1925873401715,1028.6989097521143,-73.49804396030986,-93.81364518916133,-170.52719706886333,-160.8990183603959,1.0
3557,-5873.19814396792,1409.8528546889706,9012.482980024088,-6800.188360045855,-67.62567602523572,-102.82032590129774,-173.16282276415183,-148.26427787533152,1.0
3558,17170.048691408396,-1851.34248913108,6139.8643990809,-7566.82670655486,-79.85740656510251,-80.00744849842312,-166.83707267244984,-170.9168728215615,1.0
3559,-2480.6943877273497,-157.80022371130718,-8985.253935348659,9733.385382618719,-81.97581408757247,-91.2845856731444,-184.8622506334989,-153.12954232572778,1.0
3560,3414.2410841298906,13748.160422297222,-7734.513178638208,5173.858207722432,-67.31440650277125,-96.67857592938446,-175.86409075840209,-171.5812589946873,1.0
3561,1093.1426622087527,4409.346108466255,-4424.4698973326485,6848.512330344332,-70.38498820890835,-84.29098795778832,-172.69705601542398,-170.77438606980215,1.0
3562,4975.298487539648,196.30609383719565,-8829.244522397226,-2489.2509972093007,-88.82418953256325,-102.25366689563484,-179.31995962619058,-155.9108374428796,1.0
3563,6312.578136631592,9311.045767624597,-9773.13654157746,2373.2279501287467,-88.6109506869117,-65.6560254974321,-166.6733287514234,-169.55728782632,1.0
3564,8127.6586793894785,7505.153042185173,-7119.878459576022,3287.0813877829037,-79.42576894500469,-110.54166080717607,-189.1747327360214,-157.99701719401685,1.0
3565,9997.182308731013,6570.326548883732,-2284.0876118911333,-7938.251465631931,-69.97637697720178,-71.02104762982408,-159.69773326824543,-167.64240278689607,1.0
3566,-3450.621544529846,4203.880232383734,-6160.053941585412,9414.911588292336,-84.05669142004388,-89.54744758592798,-178.3673776925974,-160.52555776283032,1.0
3567,4056.8131818489046,-1748.7294581895526,1702.9109923552003,-5492.638810129975,-74.79969339257465,-94.3940532656139,-179.82063012761185,-172.68314287818936,1.0
3568,3890.957351105498,7987.955087207388,-9399.93992439199,-2348.8968588705984,-71.18274218201523,-81.6165492829565,-162.51560612523815,-163.98064428895452,1.0
3569,4094.790089039471,-4849.385597665286,3083.8309524208216,-4558.42857178668,-66.60706169149014,-113.92835357024043,-178.87386563924636,-151.18757756461733,1.0
3570,3090.876745534856,11106.123605172585,-1640.3322922159646,2424.5485123605476,-84.69749931898932,-58.09716142721793,-161.8327909491088,-158.20444171395025,1.0
3571,4630.893979725873,4035.9535167887702,-3957.1906246651797,515.6288639315685,-71.28135314447405,-107.61647373746892,-185.81109367789375,-141.0949108526401,1.0
3572,6945.973714313787,7129.3049866478905,1727.5430632346765,-1934.3869077049765,-82.86175130639688,-122.63864793628936,-184.52895939406542,-155.88960221793027,1.0
3573,-4556.313645065881,7395.780980492621,-11659.842881421731,8561.984667697621,-84.97216619906622,-76.0159665319308,-171.00836205919464,-163.07832427029317,1.0
3574,6024.109136761988,5656.261609628847,-4212.861003491268,2725.866470878167,-79.7938989995546,-41.068003710561705,-152.15510253397554,-182.4059684430465,1.0
3575,-5103.6563439913625,3948.409190138824,-11340.52160458616,7900.336482400293,-77.96235472245944,-109.26755313646393,-168.81172889880202,-171.55445932836474,1.0
3576,6637.212571110863,-1454.8539296723395,-3465.481884619573,-6324.485086819486,-88.25730560049278,-88.44894900922476,-162.2403580419784,-168.44098335737203,1.0
3577,5793.960605168994,-4449.775209486403,1853.1625629388304,-5187.7354643831695,-83.79970707289547,-112.76767284112886,-188.50438649634157,-157.9831980902145,1.0
3578,8645.336578790237,3472.9794181956236,4147.370142990089,2451.990228245604,-76.60817684733748,-43.403089721322985,-145.72853804059278,-191.07808798151729,1.0
3579,8573.047095034075,8130.344763835009,49.77359720069696,-2316.154450210028,-86.28039199292647,-82.42836254296219,-172.89939696045664,-159.4486398673782,1.0
3580,-2385.3942507598986,3194.1561394847477,-2175.702450124383,-10384.821366156793,-81.4814998559402,-89.31162699038957,-172.72301088638693,-162.37589805595871,1.0
3581,7339.246541238336,-2033.3962629887003,-13633.882499303147,-4443.941349993551,-76.35216749527284,-99.72608277014604,-177.87544246163054,-153.8643624748665,1.0
3582,207.65424457467319,2981.4326627501696,-6240.705839321981,8602.661541668209,-80.66303084125789,-90.40419346248267,-176.44292636468774,-170.31828512920163,1.0
3583,4966.505747362865,-699.038577571049,-359.443966076054,3319.163762895332,-72.97102743329768,-73.14042133453576,-160.1410632401041,-162.46982500828318,1.0
3584,7479.245017676829,2749.751906508174,-4437.991703719689,4208.231283511143,-72.9814559431658,-86.29720087563753,-181.97565521429647,-160.48029854913173,1.0
3585,-223.29738924730336,3299.330967689996,-9637.417595316021,5564.885237014945,-70.95838204071265,-67.5957087051303,-166.65893746073417,-165.2291996730215,1.0
3586,5832.214702704145,-8862.077381763826,-1741.8215293511196,8810.078988426158,-82.99668493706685,-88.78372205842768,-169.68849356391698,-158.60873181653542,1.0
3587,-5655.036211969536,12319.650603204298,-7679.9771651055125,-8131.497010661305,-98.0925128169265,-78.13345742539884,-167.35459918699473,-182.53442170728943,1.0
3588,10797.357471235466,2256.8842798698633,749.9024251737869,-1722.0650011463047,-82.19411967472175,-81.4462132040709,-175.54856445653408,-173.25347941458986,1.0
3589,2996.057064408782,9777.078600142462,-8083.221401161769,-2609.9045871068697,-79.8748596812883,-88.83488569093896,-162.0395066444153,-157.5368484894908,1.0
3590,5648.520903265175,3547.390695239277,-3175.128227150019,-34.83546609599264,-81.11019099402655,-94.17421423260485,-173.7885477135089,-163.02853785496603,1.0
3591,-1162.1863409627395,7809.818054304118,-7006.081076023342,6981.992619992867,-85.02175074276269,-71.64180683001028,-161.0261616892844,-166.39985978680156,1.0
3592,546.2460839832502,5258.31676361638,-4517.2607838408585,-4044.1546011462196,-87.9067151574198,-64.4755705530935,-165.47617419624592,-173.63935690375203,1.0
3593,-3522.103057913902,5804.965476953262,-17072.5462544366,4287.08790307324,-73.91384599730742,-114.58052102843328,-181.38342240218765,-154.0062285139261,1.0
3594,1445.340125920171,4457.114277805847,-5849.119383359093,-6369.967951434313,-82.91967583459062,-76.11154994511668,-166.80708334376652,-169.07522750459896,1.0
3595,1408.3635274515323,7841.100499776669,-5034.335277364325,-2728.2118977632836,-87.30971703062137,-81.2724149815252,-171.86979329686486,-169.53052547224075,1.0
3596,10998.101497011816,9126.737793050195,11598.975029087667,3251.407763691272,-93.84622829700601,-75.02943508666088,-162.42691729732485,-168.4879548803574,1.0
3597,11221.291710639696,2136.9089444248566,350.8640004241772,-875.9507161010247,-71.07072113387842,-115.52377001548318,-183.25826240099036,-159.70927308397648,1.0
3598,-3670.6977742454137,6966.847838316513,-10181.938475040823,10574.096968485219,-88.5086241606438,-84.6277830140396,-170.01428505576013,-175.89345090228971,1.0
3599,6813.339166513245,8087.566493673295,-8826.154688083549,4458.194462649867,-81.19468256930612,-95.85171387432496,-168.17387107828282,-165.69445288957849,1.0
3600,-5521.012202745256,13805.40110136372,-8629.387294281934,-12845.316636328671,-90.02965121137608,-80.21785124819499,-174.35136185034077,-156.69056788466244,1.0
3601,11333.465281175459,-2978.836625401072,72.14352410892211,2505.392442152671,-70.89290009015468,-129.77920556194192,-192.87308998279562,-153.29202569332193,1.0
3602,3320.4126401691888,-910.1636741903749,839.3193831792228,-9556.63944984195,-85.24465640203883,-110.57871063078852,-176.21033463738314,-171.2633403136551,1.0
3603,9049.879119354198,4080.484342907452,-4463.563254094585,3905.130341270732,-74.31652175579495,-97.1278754310499,-181.53100183204546,-155.3862408319907,1.0
3604,-325.65481134612196,6430.3519312964,-6107.979844046396,4099.573663511575,-68.45286441723307,-88.86275604344432,-167.35654015374917,-171.45441067046107,1.0
3605,-1436.6698081946,548.1125441436627,4900.346685798743,-8342.974042072594,-81.97781553331706,-99.33674971239141,-169.88392305074598,-177.36092598365997,1.0
3606,2481.789064387687,2623.6299333434404,-8543.3963287552,2074.2778589834893,-78.81053504658775,-66.69907365883287,-153.82279753630922,-178.6159304591784,1.0
3607,629.9237171724745,8960.07471453233,-4410.020950597598,6354.346414908941,-74.27612667958967,-90.14311098807124,-172.15851642872894,-170.67302379841038,1.0
3608,3246.471134688931,-7386.992941496878,5341.152525096497,-11692.411084157851,-73.82174671232522,-95.44464038677404,-187.46249027738293,-149.54784965475528,1.0
3609,12101.526011862454,5766.290050908294,2519.6005683141416,-4305.2657172207955,-89.0646664825898,-97.35625463378273,-180.30281624218415,-164.0940587946823,1.0
3610,5492.973287022579,8530.827649814568,-2393.3632255434272,645.1856871238251,-85.43881655309565,-76.68033010739629,-166.64836250933666,-167.96373683577087,1.0
3611,11601.600560314084,-579.2270466285249,6986.0433876837005,-13.615302268624951,-86.26738729554378,-60.831049998973576,-155.8372761667412,-167.48233943973418,1.0
3612,-1337.6709483050768,13236.49269689303,-11919.678668944147,1734.154020581441,-81.38960774400735,-59.36585713345934,-155.2498553095361,-177.1857937913812,1.0
3613,5468.682391229991,-716.1143802967244,1564.425657365509,3388.7731958936733,-70.60439602774112,-89.45009282602219,-170.88595919246782,-147.24104759206483,1.0
3614,-5868.955638321502,9603.647416981468,-8556.286370201873,11677.147640427049,-83.01762715466165,-81.06316136114756,-165.03403563194408,-169.01182173976466,1.0
3615,-7250.971154980455,10844.180631961251,-10182.517944134383,10885.256803482793,-80.23739580599666,-87.74906493305193,-172.76875938187877,-173.57361038310154,1.0
3616,7642.471012553713,386.4977861261316,-3896.1598112386823,-1228.3841925729225,-71.76594271376675,-122.35038217053295,-192.7780741557609,-147.01705848676008,1.0
3617,720.9272703851575,9642.819287659733,5286.087379244043,-237.59373073422285,-78.59904354754106,-87.528632363092,-164.5514127778516,-167.0714119528039,1.0
3618,-3618.7717952703406,-497.73753260150545,-11162.347294209792,8323.828499131729,-77.63195606286311,-76.35330235376571,-165.77540036472,-164.0868142719797,1.0
3619,1606.46317293037,12302.321289111396,-9277.596454428798,-2914.89567105855,-63.70777922092152,-99.0930622922579,-177.86220543742778,-159.34461257930508,1.0
3620,7287.441514254255,7942.336508524378,-10254.59477106732,294.2666833486514,-80.71503197393238,-87.99829043287464,-178.34991193720396,-173.17590212017785,1.0
3621,3493.8159274430823,-4144.872276662609,-8202.636271647187,5078.578599394895,-77.51073400220324,-114.49137296183824,-186.8744375817751,-166.36631675419093,1.0
3622,4332.065657220715,1523.129565184194,-2201.1013888487146,-2880.45675798593,-86.53796877194776,-111.38081624242483,-178.45559949021322,-156.7141003895839,1.0
3623,595.4907208984359,5196.914806953958,-4196.863445242482,-4832.227802167978,-67.9394211434081,-115.93889985334482,-201.9982964768675,-150.43822939726516,1.0
3624,9732.032449944398,625.1625227512401,-5760.994035938684,-1716.7547870754636,-83.78361249617627,-99.44316218815521,-183.4685922431476,-147.88814619793797,1.0
3625,1703.5353979465597,5569.536304905476,-3994.581188642558,-2727.2740382805505,-81.83209497006598,-85.05078345095473,-178.7744534004391,-162.50927408257925,1.0
3626,15488.462352818604,3571.591460962903,15361.786576277178,1610.1298244755878,-71.72273120143834,-93.31163133618486,-173.60246759672546,-160.50797381147015,1.0
3627,7049.3302538796115,-68.27829818729248,-3791.2093583593532,-1329.6561126511822,-73.22076315310257,-120.46354180608242,-188.05752964520596,-135.5429306876871,1.0
3628,-683.0419746528835,1534.4511602043922,3564.693824243618,-8114.860469365013,-78.11398608443925,-69.81438131220744,-159.38886287508964,-174.67141066591597,1.0
3629,6485.1606892326035,-542.3059479496728,-2818.8230117921153,-4729.323421302578,-71.04575999971422,-96.96540670956496,-178.2238991655783,-161.62274533147541,1.0
3630,-6241.605018894731,1928.8682264715299,-10829.397287251733,12440.074903113356,-89.33623189614626,-84.52228371216732,-172.97623444140407,-174.14745678274852,1.0
3631,-723.550157095438,6611.456087229213,-5604.669322411611,10471.450802352583,-67.13888860516056,-84.18578530068656,-155.6756128619111,-168.22607758498364,1.0
3632,1052.104511186405,-4430.784026120785,6186.27007809498,-6472.929447964674,-79.3115249347443,-112.17154491006893,-183.1456220027489,-159.40375920183794,1.0
3633,-5665.986520372197,5471.409133503543,-12010.8825894336,10652.069991149376,-82.7864204425752,-65.01212593920418,-155.22331061889614,-166.7390126134601,1.0
3634,9340.512545644002,-2758.2987745027185,1656.5069888107957,1250.9537168255322,-86.68408236487731,-72.56196943072264,-162.26277622175533,-173.98454432733672,1.0
3635,7068.831540247258,4143.907625108492,-6368.709547934163,-1362.62683116304,-81.5553458781329,-106.05507127573081,-176.06486579328222,-154.3424659971381,1.0
3636,-3685.205850667519,5499.342049570315,-5297.211779641353,-10057.163453341256,-72.34299758726479,-105.51099760231148,-175.96934286274205,-161.70092548836968,1.0
3637,8591.566360266763,4391.554537190373,-4591.410489133707,-4010.0447645306954,-81.25048704838422,-63.81621315440606,-159.18635441017318,-185.55620601089507,1.0
3638,5386.120027933315,3041.199401488703,-5904.57222836614,-502.2794766102039,-87.46259257109772,-77.6365890482556,-174.7741462648181,-165.64460491514336,1.0
3639,1003.7210823430631,-545.7331528000365,2719.7736015948544,-4355.07507078103,-76.59114795044272,-95.74020740398424,-170.50697667810746,-167.22987295850953,1.0
3640,10622.250699278155,-1250.2377060586957,3098.5879051380175,981.0568401780837,-77.45249938160778,-109.46394599298614,-197.2204294319152,-142.40809519842924,1.0
3641,5779.401854528849,9939.490506133934,-1404.0990018353891,2557.4335203208857,-72.72936898323853,-84.53941954218149,-173.95594540023623,-156.15575567267354,1.0
3642,7748.152855922729,1508.5950164183162,-1460.4826703839367,1654.9797613408166,-80.14605342351386,-85.03242413992344,-162.06377992792503,-160.31214003238156,1.0
3643,166.69774107459733,-4866.066742672851,3059.1794664500517,-15983.72767744283,-80.92216097293512,-80.86270564806885,-172.68153500630734,-161.3607228931114,1.0
3644,-2671.8251725863884,3808.459412393194,1809.2967477012967,-8119.589257405344,-77.27602860870768,-85.30365578535779,-163.69508180342146,-170.2126816885423,1.0
3645,2505.854274360591,3881.256058635341,1252.1789196647376,4481.350726521873,-83.6633943576924,-62.11626862998132,-155.9949228249776,-179.98548502086354,1.0
3646,2862.414137477662,4233.1813068167285,-7180.84417812559,2037.0834462339014,-90.20407966255473,-85.49513613796317,-167.48569513819797,-157.90124908074182,1.0
3647,11681.55786992683,-2939.5808442116763,-2200.5569806719877,-1994.4637284075222,-75.6280142685218,-97.63476975866973,-179.28153297250438,-173.275641686579,1.0
3648,3620.4205707640635,-3536.4770659161304,700.9571858926305,-5604.831354358458,-77.33935288442913,-92.63851844904826,-173.5317058838145,-164.23131036185856,1.0
3649,10756.74238584257,11114.833166382708,6212.2692442813695,-1884.9580311399436,-68.7738349372499,-100.04326222693885,-171.7528067735163,-160.04744191438525,1.0
3650,6269.782555239518,-786.7971054519338,1694.4465850064482,-4561.92922182834,-85.5246367632556,-69.50463421529913,-156.51038314373886,-176.3043568859082,1.0
3651,873.4312669980912,5010.650680126307,-2801.9298526063576,-5121.771082154234,-77.42664849402277,-90.57518846534717,-176.46140153581,-153.8837877819325,1.0
3652,6164.461192874313,3197.1141897863017,-3366.9965900102948,-1749.1219801824268,-83.43448160999085,-107.03839847285845,-186.27889618217444,-165.79653309419422,1.0
3653,2118.0990322821062,11944.949401391696,-10626.662905383511,-6987.589516480116,-71.22469981338769,-82.83245617384694,-177.05944361282596,-162.59317839846275,1.0
3654,2946.7990084367684,-512.372723604106,-1624.0657925638973,-5656.889642368462,-81.40198193406128,-86.65230386248997,-174.29750344792149,-174.1391641389199,1.0
3655,4500.8859939370695,1883.9160305183836,-5733.511843472618,-5510.515253951365,-88.18038561447327,-98.81431485115797,-174.21880505003145,-159.1706294396439,1.0
3656,-1957.4507948335875,1150.3990942465273,-10628.659439365376,8891.433943465658,-88.46765033116773,-72.90702422317717,-160.71347666898825,-180.79990503317225,1.0
3657,-434.859679403885,7898.6582022647235,-5249.392503332306,-4818.831578403102,-80.91034716411306,-51.48601444328706,-152.25649707121966,-167.04227330453907,1.0
3658,5865.47927553892,-178.24216445984976,-1356.245233983115,-1212.7101787928596,-87.65379535366542,-68.04439304196441,-161.3656447966352,-174.51786967628428,1.0
3659,5122.119491360702,-1545.4572208961931,-1275.4561657734293,5345.197139508199,-83.42398295895454,-93.55088353641669,-167.5334610622731,-162.0115824017254,1.0
3660,10089.897268068451,-5610.298479781498,-5115.620790773395,1120.6621424006537,-81.47475759531,-59.61671692880718,-146.70927097107113,-193.6720208524482,1.0
3661,9734.479419068351,-224.272167908655,-4492.16255167014,1821.9068603991811,-70.91346357947944,-81.98017655055442,-170.8576941194022,-156.62226338572685,1.0
3662,3390.211341742678,2494.5379482484727,1468.968924262866,5481.253764095831,-71.27538448467743,-125.31064836181417,-190.10194792202046,-167.91140039339533,1.0
3663,1645.0142202195202,-703.0513108677545,1488.4792490545426,-2415.6122543178863,-70.39086218836742,-93.48254837826471,-174.15131407295593,-160.60413416608176,1.0
3664,4134.146025387085,-8311.94240176211,3253.4904041603318,9250.89979586058,-77.65443747249012,-117.0840414864158,-176.3559266718026,-157.47010501739683,1.0
3665,5963.299030437814,4143.010296838858,1753.3718098408185,2860.8001727412393,-71.62854603120073,-93.08833005135475,-179.4125317352257,-163.02197945077998,1.0
3666,466.1908335529423,2039.309185913293,-4782.926214530877,-11355.070918566082,-69.0313108781013,-85.4434136342109,-163.74353949499704,-164.67255023977876,1.0
3667,13742.689078671847,-4721.668763894986,-3940.4252211036323,791.830114022996,-81.14286043336517,-72.47827689440125,-160.6458422834603,-173.11557959761802,1.0
3668,5723.653372078498,7942.045411543793,-10281.443310285698,-1467.2689976067343,-84.62813461661864,-98.6227054514949,-175.41013272457423,-176.0448732533772,1.0
3669,4352.966931837974,-3823.9607068908285,-1201.7110378973737,9707.143523961056,-80.9928005913674,-91.16157871969537,-177.78161177186485,-155.80932501396865,1.0
3670,6433.498698333097,12808.830530118117,-11508.178249911998,8360.044974904793,-89.72621853996824,-100.19250094446184,-176.86699066944857,-173.50698488143092,1.0
3671,10023.10925471292,-2237.703667415467,-6673.648317913823,-1767.3637395765675,-80.1136029749398,-69.59878632321232,-156.39149061191102,-173.18393306214747,1.0
3672,3612.2515124905713,8477.17758660652,-8669.863172424773,790.2572212438224,-79.60174142750135,-82.42741917360615,-159.91717634491798,-178.156095172764,1.0
3673,-412.29436515900807,1435.9047299785645,-1155.02499507904,10763.171520567228,-72.23412093718795,-121.48231920320433,-200.11953597906157,-158.2144405780212,1.0
3674,1009.1720861747775,5361.2813244683475,-967.5317001744941,8964.664715288369,-62.691212047673744,-92.13846173854687,-166.06859328163125,-162.84664396415275,1.0
3675,4539.893640726253,4878.964193838355,-212.4972332326518,2423.0881033179894,-77.06052025530343,-76.05288885424577,-169.39968592460673,-172.94387311975098,1.0
3676,460.66827660628195,-4597.307841873645,-9009.020750243924,6139.140958481038,-79.87664705369221,-65.31682780518003,-171.82867337193193,-161.581313167285,1.0
3677,461.1556956571183,4292.813863464999,-9941.295373464638,2166.45469518932,-81.5622180810706,-91.40768376263178,-170.92903180857633,-158.91405610381506,1.0
3678,2803.612135330781,7171.089443947507,-2718.102748550346,5142.4791070209485,-84.28259599151316,-75.85058726943937,-162.01144004417858,-168.87322809606908,1.0
3679,1156.2984069868226,8068.253099765315,-2259.195364557498,-414.47783045841913,-83.99159339403984,-76.63548488431813,-171.51608015162327,-166.88753018865998,1.0
3680,5749.739480124004,-39.420020805668976,-4286.277867807662,-2812.639878042108,-86.94708707100156,-81.9796308570126,-161.32970459518793,-150.6116606712512,1.0
3681,2722.7755743487805,-3411.7000409563584,610.7422831328315,-6340.26329455968,-78.46184479373579,-97.67347396465424,-180.5843344944808,-158.68537594080288,1.0
3682,7133.908754393712,3291.7683745958843,-3392.660946766779,-2426.552787832734,-84.28977535929994,-73.49311538870397,-169.24133853999382,-173.1412550857494,1.0
3683,281.97649123530465,697.8492459340627,-10551.224308411292,4335.543112090869,-88.73184215174345,-77.53661028737875,-153.51451676907703,-172.25871805649618,1.0
3684,7990.99006320899,3970.2864472146744,-8850.18173215749,-6031.999487997995,-74.65147172340001,-72.3350799860738,-166.28769947013328,-168.91395568103738,1.0
3685,5334.153579412891,-129.7744077849341,7811.691175989983,6742.612377765549,-86.59133680821317,-91.66913075807318,-160.80119657249705,-175.3713269842,1.0
3686,-11935.109526584116,10064.836585612831,7381.228124064448,1122.2115590655606,-80.2331033531445,-71.62312658640283,-157.78790415188888,-178.72900701094255,1.0
3687,4222.5686862681705,545.9632295791765,-3817.3657724822806,3295.2304617144996,-79.50674374821426,-84.8518586447067,-161.7462569634393,-172.08492926727044,1.0
3688,-117.15793412145902,9094.525550814667,-4559.987352800407,-3580.015426596992,-78.53801917691175,-103.42746426209446,-179.04035685975418,-157.76463073837115,1.0
3689,8792.93886136182,2423.3798438981353,542.1101062729634,1010.6864937094934,-91.64980065583009,-91.03070799495549,-176.20460159362852,-158.97425367971303,1.0
3690,9660.496489173927,-4220.471376465613,-674.1650635830965,-781.1706318926474,-91.20698432885648,-77.08279125791022,-159.5379898665816,-171.69947309456904,1.0
3691,8074.809615788249,-275.0292415618993,1450.348957071902,-139.94210038912547,-81.07901258099308,-76.07135870668981,-160.1122736368463,-176.79952769340954,1.0
3692,7680.578893215271,2084.1151027460764,-2274.3060964267006,5493.155709015189,-76.0970693802887,-129.27282400782033,-189.40339937106,-152.4217128182954,1.0
3693,9180.970941559443,3447.647923398349,-5492.747729062584,4087.837398920566,-84.53237841078406,-70.30554289559082,-154.51511025782892,-171.07105916902415,1.0
3694,-186.71580983227454,8681.158374992357,-7457.6905542898685,-8212.481997327412,-80.18468447746054,-80.4815721956101,-160.23083418148113,-172.7727228027351,1.0
3695,1505.4834329362534,9537.218340660529,-8879.04856892175,-5773.858033799794,-72.61172980258998,-92.15400829278437,-163.66998041706964,-173.36154526308826,1.0
3696,4891.277977027744,13266.560317033345,-2861.4124089908946,-150.29133817200258,-71.88972833382681,-97.01568023131482,-176.0684707906554,-156.59391249039297,1.0
3697,1939.7949639959083,1879.6584349223992,-5693.512449890301,6090.669930193714,-70.7876725894267,-100.44338755273787,-179.61996762147294,-165.3827766599793,1.0
3698,-5703.70131825369,-1286.5503434485618,-15053.735383192121,9607.681139716098,-80.44880889216036,-60.68716837322812,-154.32327054148192,-173.5761573757632,1.0
3699,7810.9020363379095,609.6151512215822,2629.9620024092233,3541.079972196665,-79.72970141742913,-95.60073073527488,-165.13262584858228,-157.08959605280853,1.0
3700,1842.6068303671223,7375.865050487865,630.4420226987814,9404.173026521952,-80.32218833625103,-81.4343375053219,-157.13102177966218,-174.95484088128956,1.0
3701,-595.6008373268343,3222.4055327045153,-2042.8562826886139,-12375.477357702288,-72.425113055889,-103.19872598386686,-189.65139697957557,-155.81753439734783,1.0
3702,801.5831382710768,2491.6245723176303,-8109.750038084412,5275.819420097292,-82.91026133782195,-74.51273830843922,-161.33142992509417,-171.65072080461195,1.0
3703,12574.098285799659,266.67943415360276,-9149.105228058417,2697.201004772381,-77.1705222017015,-98.56592466526334,-177.43345763297597,-156.44435579485628,1.0
3704,8781.640038220927,1201.2687484483208,-2345.524410767946,-379.0028311763636,-79.4128176308934,-64.1482264655616,-151.55249015216,-170.4901241752509,1.0
3705,8988.254644588098,656.1774649208263,-3896.4455018257327,421.33681915813656,-88.63660702508575,-93.02715524236865,-169.80042280760756,-161.86480571158805,1.0
3706,-733.1241545324497,5453.980521396282,-5784.90271968629,-6007.548628315481,-80.69857362362276,-63.864559551231814,-161.92800487879316,-171.45787692651086,1.0
3707,5546.567864475462,5327.0416863989885,-7630.076698733006,-696.1876351975866,-86.37049561313313,-110.15368273436648,-180.0293258963206,-167.46155897213703,1.0
3708,5208.041629191099,7300.8868983759285,-5793.188850872509,-2510.0750716705625,-76.97316260030671,-113.86042911163734,-201.1876775693613,-142.65285548240385,1.0
3709,5357.578367020666,727.1064340373066,3091.8704780053854,3628.8145584470126,-73.68774723537015,-98.0253793641756,-181.49612841482457,-162.1529066190452,1.0
3710,6899.999493824017,3440.5886158980907,-2441.098288357961,568.3367533539302,-91.07118917918213,-98.8795112861025,-182.72069856679815,-154.35259497901035,1.0
3711,-361.4958426915633,7939.005135004088,-11912.035406601897,1846.845331995108,-81.78608356563483,-90.84055078045637,-174.99693001511122,-163.34414174908045,1.0
3712,7259.279881493988,4652.728930260757,548.1565837380545,2440.424580428586,-101.80086390042105,-67.65598897012948,-154.57453540472125,-179.1122867063061,1.0
3713,-2929.383142815512,1548.2738444588838,-6408.452685273931,12985.76516898845,-74.72945708136322,-74.31679037215137,-161.6870355806506,-175.95076356145907,1.0
3714,-1377.7803506890484,6882.880392080484,-2760.218737847125,-7856.919355679241,-67.48031569932397,-58.99522740557077,-145.42591209468907,-192.13453215371706,1.0
3715,1875.6061606069131,-86.25331542527937,559.2414127178498,-12790.302836780662,-78.44229726679902,-68.56069015051614,-156.28870604715297,-157.22656653215031,1.0
3716,10206.052985404336,13283.477383690251,16743.876994652506,6681.818755396181,-87.42295496838985,-66.30998456788785,-156.4461167844074,-195.86789391263343,1.0
3717,2752.354444773979,8876.443099756209,-11478.315412300608,-5772.314012656169,-77.24594943516495,-80.02229353329018,-163.01695290673354,-169.01724454516344,1.0
3718,8677.495627135519,166.6436624152352,-1417.3330818055138,5335.431067071296,-75.44494564907308,-92.96434276481675,-168.0206118552266,-161.0858552777312,1.0
3719,-3136.800826678193,8761.34977577218,-7187.663033931393,7058.253827535436,-70.52768723334559,-97.87238436148921,-173.44644158800563,-160.4001664734725,1.0
3720,6887.352957428567,2320.0337163076947,-985.5946690894189,69.90721123908017,-78.551497641231,-77.14008561510185,-166.73909940413304,-172.4821923033587,1.0
3721,4179.408598641594,-4970.375259174764,-6286.1193940042385,4017.015157964759,-72.12339342182526,-85.57680919362622,-171.91667946037433,-159.66547831643416,1.0
3722,706.5935957649239,10416.187342573352,-5558.945806599302,-4552.87981061844,-89.72929141483485,-68.60951633213276,-161.8115084803335,-173.6496086446434,1.0
3723,4719.4744581955265,-4265.7504964096925,90.46848956232267,-5783.124769817061,-89.66690359822911,-78.867442226082,-166.34040038892851,-161.67485296108762,1.0
3724,6333.364807164347,2855.167299668424,-4944.0413731072695,-2689.6320921389856,-74.57180410243816,-84.87273165662006,-175.19849204128084,-162.8257188410505,1.0
3725,-2925.386165683315,4959.925409032741,-1751.71318811221,-11685.144571018282,-86.87243798175243,-52.789586983632056,-152.23797750332227,-184.5987275924321,1.0
3726,3837.842428266709,-3640.511163440777,-2059.409535827185,7167.753656553516,-82.51657872253362,-92.59230399445008,-169.82878727104102,-164.31910513054333,1.0
3727,3574.4473582489427,701.9969720188107,-592.0058387860272,-3282.358041536151,-83.08583288143393,-110.773804083134,-187.91914904060147,-154.04795025638725,1.0
3728,4027.0315751682615,3885.312136726215,-4396.520142142513,-6477.28806879651,-77.09192525524745,-78.61877624508574,-170.88179150701941,-167.48754582343471,1.0
3729,6062.240760047361,3117.293591394734,533.8176561268785,-772.1342424671835,-77.89648692578606,-73.18040687480965,-166.5053150680114,-164.1167059741761,1.0
3730,-745.4459603441728,3066.623681595443,-3355.170426377978,-7736.825799976435,-93.64137671070071,-87.35804719959945,-173.47326846006246,-159.1522420764258,1.0
3731,5250.467365685843,-831.6566188269205,-513.6611600659902,-6744.235302992344,-84.1131168745328,-97.78168156628506,-168.4606472928031,-171.1738919776955,1.0
3732,4355.220127370937,3153.4929473202187,-4166.4348886439975,-1250.1580896053515,-83.21559279383514,-87.8852242320194,-160.4833135891377,-176.7360211966835,1.0
3733,1342.4281729959566,-4883.967137687209,4233.134916818835,-11271.37289122891,-81.47324355269025,-52.5648294305446,-155.74105484866857,-165.4869898694677,1.0
3734,6047.21896161327,-4459.177101093756,2224.5235997930836,-3421.271014584672,-80.93375168369154,-74.242129146137,-166.03943577548583,-156.2088693179799,1.0
3735,7651.578715761821,-119.10934990201704,-2469.972100884211,563.5167943316799,-84.55340853117319,-88.40871550143089,-174.5099566110383,-153.89524665858437,1.0
3736,3207.765540785254,5822.2211613926665,-4279.545981365583,3665.459521437542,-68.11362463428615,-93.31569312797599,-160.78607808879934,-161.48815639791036,1.0
3737,5456.260839646536,-3316.360710022749,28.41788849912552,4571.369109353259,-73.96129432117706,-80.52586663156985,-162.6266166973656,-177.53487175355005,1.0
3738,1270.4299144540853,6513.4207966763715,-12280.954683622771,87.12975332327177,-83.1298044105318,-99.79484290558315,-171.02486409298334,-174.74247487237764,1.0
3739,11785.306417652018,-7944.756687500122,-1554.6114936802526,-3999.8013898787644,-79.21444807534837,-74.50959304206803,-166.40757890400585,-173.8817381351985,1.0
3740,7891.974348145215,5123.699934887589,-4090.4919877154794,4512.9712106198685,-79.88871640803995,-80.62841568412055,-169.97376957430185,-167.90343977650485,1.0
3741,3751.41432416649,-148.2694110234424,1237.135410610765,-6932.020864928525,-79.5210676970925,-95.29733197219551,-176.66535838248916,-150.40955833258852,1.0
3742,10171.004155316781,-2768.486992925411,2779.6639190787755,5657.811624613291,-73.72185203483119,-118.84444838928573,-186.7106210758443,-152.77945948057712,1.0
3743,4771.695781868626,-4316.468714506309,2401.977461520653,-8407.838779889815,-77.79981279836795,-80.32410800950966,-157.7614317393681,-176.01407788576518,1.0
3744,6173.409531080736,5945.4611972489865,-8160.378506202677,-2072.9899238077783,-89.519954157398,-49.83086717211017,-151.60781540187574,-182.11023393415348,1.0
3745,6251.303450715049,2696.7050622162487,-2563.517648591816,2136.0351805132746,-75.70314392038496,-85.1715149115698,-169.67594345793677,-173.6524824266168,1.0
3746,7586.774988020562,-4012.048791900547,-7355.333025824943,-2486.4303471619914,-81.39493179183599,-72.0712758903879,-166.80220978417648,-160.0072820504001,1.0
3747,-3075.4903313982945,8399.969313919764,-3561.234790366568,11896.23668857036,-77.81132932345781,-129.2026260946309,-185.99548432191455,-151.38387780370064,1.0
3748,-3208.8707169851555,16268.67095806967,-8853.630123278468,5337.599540017781,-73.8110089123491,-73.01976850607163,-164.99569225579427,-162.26138797536012,1.0
3749,2346.301326590094,1915.1727964668776,-2211.0334686360948,-998.2064387448917,-65.07730831496752,-102.64364541908746,-173.53090197040902,-154.5168753124883,1.0
3750,9123.838324479926,-2286.221612237105,-1583.5775359772701,383.59318988152904,-61.07831231233325,-92.97049261674984,-169.28027948774647,-153.69009991020383,1.0
3751,9190.956631222054,-5433.296004537848,-3168.145641561996,-3066.807099441313,-77.82680951782531,-50.26966107156231,-150.44476372699887,-182.81420515117347,1.0
3752,13192.259199121047,2084.4925643839033,-4040.0339135459885,-8854.501482432266,-76.6823327412714,-74.35799667731769,-177.27307892264318,-173.26543770775766,1.0
3753,4190.1371620213995,1705.9303919006238,677.2656204577773,-3057.68067684315,-83.9096380616852,-89.5160362313673,-160.4191283764362,-182.59607323683196,1.0
3754,555.1436558288998,2087.3080311897124,-20.406483567030342,-6093.255341986245,-84.4335746411809,-87.1762064186694,-177.3233955288057,-159.8054335095025,1.0
3755,-296.41976413321737,-82.24600410127624,2178.6060224134044,-10814.598925561859,-74.12797020613539,-64.18315740026424,-158.53510065052757,-178.97459066510842,1.0
3756,3170.271462628464,2465.583102324997,-179.9714054081103,-3780.410586080996,-85.49797742412306,-85.21892964509402,-171.2362067505921,-169.26112740782435,1.0
3757,788.3079099814738,4099.149593437881,-5231.270274481612,-11462.465189088776,-76.89282302622492,-92.94627043226319,-175.09088331166632,-159.70196745298696,1.0
3758,4381.7674923916065,4386.9449077865465,-7377.707520877367,-2278.180688017315,-81.70343030037363,-103.80717211632599,-179.1782059719068,-171.38386016334863,1.0
3759,7867.703072589825,8406.538668879453,-3242.817217041564,-1836.9556743737587,-66.76473888709786,-114.48027591515445,-186.19308189442822,-153.7627628316301,1.0
3760,11648.036957847065,5582.640606787309,608.163697100371,-2819.3771121204995,-84.45555001187613,-80.20171416392415,-166.57538943673663,-168.74243072961445,1.0
3761,5401.373304745012,7279.7206642931,-8206.193614206883,-974.139219068423,-97.81537293825296,-75.65687221923045,-168.23753622879394,-183.23070467621636,1.0
3762,2352.8603037105067,7715.190332771137,1435.9246536799478,5506.755993858581,-82.2854920752555,-87.94986127762704,-165.15747083866177,-172.21665088388943,1.0
3763,12616.604114266524,2687.1356155888852,4471.688977540965,-3231.8740284388878,-79.03349401196758,-91.62322276809176,-183.45838840151677,-157.84777820487182,1.0
3764,8464.234383188399,7578.4202744050535,-11115.69096425109,8620.298048436125,-81.58781364369067,-98.66797299240146,-179.66942068482902,-162.0054496724941,1.0
3765,4251.502815043516,13611.249182258674,-4482.055828950372,-2128.5643533854864,-78.89605937648511,-84.12955578698276,-164.98538702950637,-158.44620675341574,1.0
3766,3651.9831556625786,7264.883189532211,-9834.539182112165,-1942.6489626416303,-74.74995905708349,-95.45560926969524,-179.2785895192808,-152.36220339492115,1.0
3767,3040.179770108943,-853.351581883906,908.7940326679775,-8276.85390297874,-70.82474883856277,-94.6467525260329,-177.94523356776253,-158.78486650884923,1.0
3768,9142.484385328607,4709.020905796461,-6113.726250245321,3569.7465495906795,-78.0597487768849,-68.7898976151221,-158.49083054231306,-177.2158558032275,1.0
3769,-976.6472261242227,2763.783154365114,-1465.053531536537,-7385.894312999006,-81.18487187576926,-66.94182659132309,-157.750918268298,-183.13917186174015,1.0
3770,-10419.02389815341,7198.175620326761,-18875.85139266608,10774.584131652578,-82.72603212882933,-84.63203275390454,-172.3341288317532,-165.28483171108317,1.0
3771,10950.550747729707,-7601.0616673189925,1541.198690753831,-825.1001126638902,-92.33880645973282,-99.26658985474371,-180.01435201965987,-162.77911828771704,1.0
3772,5376.921167837855,7206.532570440622,-6624.21872036021,4500.853571268445,-82.85697089370686,-84.76937778321627,-168.39813690255028,-169.16474986282105,1.0
3773,4251.54665505492,1100.8716036393653,11761.238134504913,5614.96392363821,-91.786354496946,-79.9861903616834,-163.94134261883258,-160.58286946425932,1.0
3774,2207.232507118017,10021.357818594925,-10603.5674454645,-3888.098923505292,-88.35890475030996,-88.76623936265806,-169.54277703875292,-163.42872883467444,1.0
3775,4641.01687877131,-3440.041238496438,-5178.690042052157,5365.280232188232,-77.57829692878292,-69.47730473136639,-155.66004940322944,-178.34251825841886,1.0
3776,-586.4213407592822,-1281.2489376929163,-7569.296507875983,10733.545494423037,-77.65981361452648,-63.954563779748426,-155.02211174344538,-174.29450578918616,1.0
3777,1566.527368492447,5354.5720807593625,740.2709526639,8692.823718004218,-89.61818887604471,-68.65499357831808,-169.1527417758982,-168.56502411903676,1.0
3778,2373.950555374326,7091.088795232749,-6121.491458138406,-3989.78888937923,-81.1525034835479,-68.33594298634898,-164.67698275820317,-170.12572906292314,1.0
3779,409.3801375348303,1974.8205389211316,-5074.162976015172,7306.0794309515,-81.761421899957,-83.63175036456337,-169.9574675047176,-158.29549626684,1.0
3780,12166.167554237478,-10445.593557661508,4651.51375093469,2288.360888708558,-75.41282189755056,-73.4057955174024,-161.8136896725629,-162.28553003623236,1.0
3781,4066.5376685561546,3038.294067009476,-1635.6477451192218,855.5129878582854,-69.67847344536781,-90.99218473148166,-165.91035184137917,-160.454145468766,1.0
3782,-2107.6233003159027,2864.796498866398,2833.730660214192,-5688.095438123398,-82.35691560954291,-85.3018350412134,-166.94854416436186,-157.44533914093262,1.0
3783,255.7563247053145,8034.402926114634,-5150.816939332976,-3415.377679714832,-87.4527004210243,-95.4044499184077,-176.56885497292987,-168.94716244055618,1.0
3784,5427.9065212684945,758.4581752325046,331.63339989414544,-1075.6953411200984,-73.45477897804642,-106.2373676938119,-180.7479504002157,-144.4531097888218,1.0
3785,4917.280510464747,-539.0978321520889,-1108.0477188860502,4908.069947655228,-89.71724590927681,-99.48899302898657,-176.15366089298104,-167.45928963540027,1.0
3786,5431.740449529464,-5028.054935583228,-663.9175013598675,-9439.38501344615,-74.6629097882368,-46.06224825466725,-151.59013435644277,-183.60076185999952,1.0
3787,2213.6940025332956,2511.076216373314,1839.2361165672928,-2909.6662511045115,-85.62588260775553,-86.34871251581191,-170.93006023134848,-168.72309084431808,1.0
3788,4591.148373352855,-4508.839198362983,-5678.228911749649,4147.793969555827,-75.35718611202024,-70.26706944849587,-157.47550299125834,-174.20752961381737,1.0
3789,4629.791890555331,9326.700907716615,-6984.834920217867,-1449.046850368179,-74.66253396996238,-86.90927615480989,-169.2762579844535,-163.31203304287018,1.0
3790,3182.9910468914536,7866.585535916422,242.27117378771192,5438.918598240922,-87.25883536764754,-77.48622527514864,-168.6970199757353,-174.18238657250564,1.0
3791,-8750.70183239807,6797.972346688313,-1811.4028728056169,3859.5184790492463,-87.66660145468194,-80.7680127091123,-171.02190092822724,-165.73302991575054,1.0
3792,-2004.2317169892265,8553.32371809752,-6836.430904609022,6781.970481213932,-72.46858746588256,-85.44607513445533,-164.1176249664512,-172.10517275463442,1.0
3793,3946.637706544444,2082.675209197645,455.95623680736486,6714.9428796548755,-76.86403087565186,-84.48919466230018,-168.43143497551787,-168.3759315276787,1.0
3794,4180.546075240177,4217.489870386675,-3947.576280719672,-4280.282149821886,-83.92701439850207,-64.02499184317656,-164.9177472160079,-171.15552760176024,1.0
3795,-415.6657198057903,7738.729341232571,-1890.6442793420117,8642.900499017433,-82.4551911196196,-95.85849252020756,-169.2781533818183,-162.73276464818235,1.0
3796,6895.426787337332,1119.9578294128419,-412.37356938729295,-485.32943394483794,-70.0637354121931,-90.18292976407997,-174.36670791517622,-151.81138491621155,1.0
3797,10807.384679615821,10492.04235887131,6818.184101380849,-1884.6343861462312,-74.5193151433945,-98.91692783870417,-183.68442293681778,-166.06517573183052,1.0
3798,-676.3567502234608,-3022.9610911275863,-10015.489653342242,5528.878030273798,-70.33469748394239,-75.35623260223355,-157.4645175707663,-165.39629754043477,1.0
3799,4381.7560688951935,-5977.58859079644,1070.4030007577655,-9596.019446005643,-84.54810792129041,-62.597922698413704,-155.68683372159364,-171.6409767973775,1.0
3800,2753.4898288531435,2519.188987735712,1006.7615234692115,-2726.258371793311,-81.89999689700797,-104.97487484429465,-188.01411496745789,-153.2107000403837,1.0
3801,2693.95625989779,4161.555802517945,-2626.4875195928835,-8823.308075129913,-65.40157379327842,-77.87379258992702,-166.25200919024365,-167.69025067845678,1.0
3802,7720.912686348237,9357.178619843222,6773.286719171928,2461.9346916349714,-70.13384933851023,-114.3776505312015,-182.59630744463712,-154.8005650325665,1.0
3803,-3622.5580868609513,5618.072639774171,320.5302283921494,-8152.496222332789,-78.9750171910759,-103.34606797751185,-173.71543829145224,-167.0856701973509,1.0
3804,765.3563376860943,10166.193987075323,-7383.080224834068,1833.4536039100526,-81.71676186470586,-90.73863321311829,-178.3731627113215,-156.08274508589247,1.0
3805,7890.22230577347,1131.1159450485357,-4773.100964576649,-270.2271842496158,-74.64715314211827,-103.58847424419514,-176.56943684265318,-170.94450805974455,1.0
3806,4511.073935952519,6221.844920754747,6963.067128686518,7546.391695436658,-67.35919095103237,-118.21569480251354,-180.69211923854448,-152.40627395702373,1.0
3807,-2812.5350067343047,5450.453342291466,-390.2337467507171,-5934.030937180503,-87.51039995332526,-88.23592304608442,-160.29785060213143,-174.31716514983836,1.0
3808,3433.7069029863374,-1751.131833440691,-482.77618984894355,-6225.379796555684,-64.31362411496355,-97.48137742181378,-169.61146140715934,-156.34246541515557,1.0
3809,11836.1888608725,3400.5709638555054,-1101.2389195916583,-5541.88755150136,-69.77995691978661,-145.4255451683319,-203.36231474983296,-141.90166169274696,1.0
3810,5447.184847642124,-2433.7321229501163,-3290.709068036635,4202.352290099245,-82.17442813471244,-80.53338700539507,-159.44543569207278,-170.0530360690523,1.0
3811,3581.8458558638335,8010.501041698509,-7821.656096145617,-726.6021342981168,-72.26037339234267,-113.64662975713755,-190.03780978022553,-146.471899186164,1.0
3812,789.276973623851,6484.736021822641,-536.2373655114196,32.00545155711998,-72.35218353647512,-89.61452143230534,-166.26925405935776,-165.35630142756125,1.0
3813,687.7908347305008,9183.992027539547,-5972.194323743841,-5962.290059441278,-77.46665097389571,-99.02288582228617,-182.46155407750086,-149.65608902177968,1.0
3814,3623.729151367166,3438.648263521539,-6702.871526588606,-7816.312241794787,-80.15777487062823,-80.50828562860907,-163.02235119274047,-161.41084736517197,1.0
3815,4090.4296166745676,2736.2124994389455,-2741.903146789334,-2142.754097666968,-74.97701063566402,-115.24515284083182,-177.85796939308307,-159.74545797486712,1.0
3816,9639.918497997292,-7444.156001302656,-1365.5156838943672,278.80380498360455,-84.73259933796098,-78.52297635488401,-160.8822101754002,-173.17158617157313,1.0
3817,2391.208899145792,4096.310376170466,-6176.793775722187,-7317.1616097932265,-67.10073898991884,-111.97882073509595,-181.0755201028851,-153.60971942319833,1.0
3818,4661.181352804843,19671.02019953512,-2997.8753497533244,-1945.5702036624634,-78.01914073534502,-121.93681855207325,-181.25616009066613,-157.74558660351488,1.0
3819,5638.767203829321,4221.269962695594,-1837.8728147404024,2944.5254207679995,-70.86905472664398,-101.69132565250996,-171.0520535885868,-166.33121429041316,1.0
3820,523.8301324460277,7190.198667259788,-2157.850480478998,4350.91535617085,-76.99985252961191,-74.70109353227453,-160.56745823070747,-171.37506522035687,1.0
3821,243.53061392857,5799.047627596815,-2681.0329325513976,8074.156214010339,-80.051255301852,-97.84884993604413,-162.84691775477543,-162.08758688753605,1.0
3822,709.6226593798654,93.62289562254978,-8914.771943109581,2117.317079720137,-83.3002535823619,-81.20702452631737,-168.94861855511328,-172.92244770522393,1.0
3823,996.7942179851201,9474.415382054927,-5290.786179398749,5366.10784958858,-75.11860302644281,-71.00812339785965,-155.6776764222324,-190.55975103128003,1.0
3824,616.7111571126127,-1740.446194604606,1314.8549496225387,-10728.900340872717,-79.17615128515835,-115.06059827293878,-171.05480561631242,-167.03311517195726,1.0
3825,11985.367027041952,-2293.2386417249177,5427.557262866834,738.090140717333,-74.38614201889945,-64.19028272367984,-156.05842284358081,-171.01969179378438,1.0
3826,-2631.261056713487,4232.037128382306,-2325.213446521593,-5625.115685305054,-86.02168625673191,-79.70720623780639,-166.1828115928179,-178.50764422802732,1.0
3827,10029.649595651133,-4867.61678129564,-2165.3814655385304,-1875.5641719423063,-71.11437590943493,-110.54487156543146,-181.19003865438285,-159.3913084781273,1.0
3828,3984.545448726621,1553.8833215246264,-4434.1951717141765,2988.3404663184047,-79.6495342827354,-93.45787540874636,-167.11497227234028,-163.45724190651146,1.0
3829,8221.02288546113,-712.3934564308345,-1728.852865286147,369.383121457636,-73.07383400118796,-98.65510255471504,-181.96422992895018,-155.58430061762374,1.0
3830,17077.55954669058,-2554.707199242775,-270.1315929461869,-8812.25219846769,-75.38740920383152,-80.30234669231046,-181.3528736411198,-177.91571956941652,1.0
3831,3439.1061514642524,8953.139651195408,-2910.6861178114636,-2759.942963972331,-79.36698427949958,-94.86184228065311,-172.6560616286863,-170.24175894614427,1.0
3832,16581.39333724604,814.6962380929579,245.9054413378521,-8951.569506139627,-80.93784445587104,-105.20156555029442,-175.43675228924624,-156.30833789945808,1.0
3833,5749.735345441126,-5413.926006188426,2225.2223802516337,-3851.8681405034945,-74.86605313622702,-85.16283345462729,-169.9521840099418,-168.2129843168847,1.0
3834,3946.2682133443923,7721.191147502142,-9921.610169831256,-6311.589998727954,-79.69627488496356,-96.95324944999219,-175.85187376666943,-152.47425726810516,1.0
3835,5866.876374757375,-4164.418683593437,1604.4999785374753,-4961.5655078849595,-72.96658962161806,-108.16380756666351,-186.0536251789583,-155.24071266206812,1.0
3836,1533.6644972156487,-652.3382606523476,-5024.9588261328045,6022.662052828868,-72.18336697230899,-116.83344490802969,-186.1170212851315,-158.1810078547185,1.0
3837,768.180616960004,88.1638202269217,-13949.725019666479,241.76455200979598,-85.1896137792899,-75.33885456859045,-176.22169711761737,-168.19910570007437,1.0
3838,-4646.463989082658,11942.763126398357,-12300.87016378654,5401.7251826150705,-77.34107042495158,-100.63511056003517,-179.07702408654274,-154.30896899104997,1.0
3839,2984.181900933999,2572.77650343196,-1937.2103809583966,-3116.043655073473,-87.0349033913231,-74.47183528350796,-153.97961961967061,-190.6641474720147,1.0
3840,-2428.3714965683944,3708.4388684841347,8138.893274526582,10298.825723762837,-87.10371081497858,-64.38866005092002,-149.954334375829,-176.7929217216413,1.0
3841,3693.488263498399,-2890.4173411915904,-4338.997503043024,4727.751563179695,-78.78885538476501,-95.43660010572266,-177.30486972590552,-152.68935264103774,1.0
3842,8679.096075142836,6760.0766014943665,-11255.19048895185,1736.654490502977,-77.44198722361979,-72.95809103765505,-164.51782024679991,-174.676230416909,1.0
3843,-2697.8268766190695,15409.338542047088,-8680.28796461176,2904.2862487362445,-76.58992946875568,-81.16048182175273,-159.6450607217103,-175.41592898767803,1.0
3844,2592.900102793912,11228.406992958277,-3929.8641805975885,2796.6011684337955,-74.22975393994989,-103.41445718972346,-170.85928370465976,-161.5469513739774,1.0
3845,5257.423539735053,3316.7142647269075,-7419.937548913377,-840.6138357948607,-85.02630227370726,-103.06080665287226,-164.64488974803984,-169.23571323854088,1.0
3846,2214.209069138591,5280.360648675187,-5018.197260452997,-2267.9312017736415,-86.87080874483259,-76.60008242022687,-158.8248991839862,-172.28420812122823,1.0
3847,2093.7648203180142,83.58847879040354,-3162.4947543897106,-8269.877112276024,-79.8938813453298,-73.94032126715022,-164.93921932355164,-164.08665203233704,1.0
3848,1290.0127333834823,9120.593042468548,-8872.902010427435,-9044.07038951791,-76.10905369153858,-89.15791065444857,-157.04492832363115,-174.8259968945391,1.0
3849,5514.733022698558,-789.5210804034982,-6879.209485830277,-8097.812412544617,-85.2367756043974,-62.56941474840968,-149.0248761869485,-183.5265336603485,1.0
3850,459.58760719659296,3508.398782689511,-1000.8149078645907,-9071.10677184015,-82.42506339705237,-75.94211790527795,-160.5158113292722,-187.62659421467595,1.0
3851,9282.996989766327,-5356.189582138,6169.944489200054,2661.4837060593695,-92.01723748940346,-57.396725321578316,-144.6019199336446,-182.65697320418687,1.0
3852,8147.032258781371,7231.755537765352,-8549.617749344272,-4542.570262285356,-78.7171035788637,-100.65839372919308,-190.5658005431925,-158.16428141722764,1.0
3853,2074.213750675143,-5370.562789602121,4044.7746663988423,-11355.592783194765,-80.7079374702012,-95.52409900239411,-181.93609377863058,-164.3460045500163,1.0
3854,4990.553793588201,4952.0335610509055,2178.1409776906453,7165.662131296344,-74.05346526862309,-95.2217509636072,-177.25709438871394,-165.35817957739653,1.0
3855,6027.844344539694,2258.461809367646,-1513.4392972541532,-2376.196709177763,-84.14896016800927,-87.169865311261,-171.32268350403731,-162.14072608523404,1.0
3856,4018.3057322810223,-6684.08524524192,-6836.237765640906,3705.70966023283,-71.02619926120093,-96.37741328186229,-172.17215988368798,-163.21668989865753,1.0
3857,-525.1894740645313,-894.3766424009812,-10601.354097876856,7101.537913115285,-91.73687796310843,-99.46422695141834,-177.19148439976317,-171.21602507785204,1.0
3858,-1776.9523867665566,10333.717163262534,-6357.503413537529,-6819.3650447655655,-83.24488894195424,-110.5927204663345,-196.11503464248722,-144.7858850923188,1.0
3859,3796.5373876183585,1487.6620197936825,-2610.0389769524236,4705.530290153831,-98.12850213319413,-78.31844111296353,-161.97995926567557,-171.45273435212513,1.0
3860,2936.713996833105,8235.027532521499,-3731.1282432567527,-204.5807823053276,-83.85925239271806,-79.84064492655882,-170.30065594785324,-151.44211950614297,1.0
3861,-2573.8458769091762,585.4734236658978,-6430.222765761192,7763.844767872218,-73.58603955734104,-68.38606892884249,-164.0196960565145,-169.2775053388533,1.0
3862,2116.845236370616,1926.062597514426,-1408.1468320624522,-5876.8800662621725,-84.00709923938855,-77.15318218585332,-162.64918531493697,-178.7188370002823,1.0
3863,4190.443461954042,-1386.0950698469794,-4543.570790721363,2812.8988944112775,-79.35665374694861,-109.15108838118056,-184.5326012995547,-169.27594636800146,1.0
3864,8046.493175755791,362.4003671335179,-4824.824244914344,983.9224869623506,-82.54300488664052,-100.09734539612349,-183.02897399215442,-149.21701735034569,1.0
3865,-3734.2351298415324,5411.565836615322,1493.8923764401184,-6285.683608235912,-85.79670817963896,-114.10364827124883,-171.61400250137626,-158.3041738229699,1.0
3866,-3216.3739452192845,-450.149675496919,-15212.94677699503,6015.813379457812,-83.7151090110253,-108.9682585070868,-189.52763685738324,-152.19722888206877,1.0
3867,-1290.7491887259678,5917.384131655503,-14561.680156637292,2877.081311123234,-84.8994306832508,-100.13729537090796,-181.7894612455754,-164.00713084535099,1.0
3868,3456.225265515951,5831.063538045548,-290.0431603617082,5078.704439855827,-94.75767382886731,-113.6598902886384,-183.5890430877144,-149.0676571322254,1.0
3869,-1121.8148712663756,5362.353430216472,-5464.131702006311,-13399.60512476542,-81.99068787811736,-101.0696165419174,-173.51153354636466,-165.51752938349676,1.0
3870,5504.108044371432,-102.40283482817736,-2323.6560595789488,-2034.1985560918197,-69.62556044955558,-97.94395020501443,-178.45536878670043,-167.145771048326,1.0
3871,5410.296938154664,-8497.123577038828,3951.981824061361,-12436.691061980431,-69.01278101412082,-106.76212015744555,-183.90801484478277,-159.18199910876623,1.0
3872,2377.0527716610623,4995.725802667571,-5005.145135926502,-3801.374806004651,-70.05204652169836,-106.86851651109131,-181.09211622785097,-145.87373524030656,1.0
3873,378.22470764220515,3551.8367590615308,-4869.114225368646,-10149.114010598245,-73.65901996393904,-84.59099966411245,-169.60777675903606,-156.73398948291162,1.0
3874,8598.774797902894,3331.0682337052294,-2775.1582116347527,7675.736019647246,-72.14607549265435,-82.19873898707046,-167.8481529762025,-168.71062944612444,1.0
3875,11820.463149316916,6971.293614992252,205.88601353630142,-4669.972216403588,-84.12701455222212,-72.3508493641316,-160.73003906460377,-174.79728807893778,1.0
3876,2073.0804245038817,4772.45999952871,-9259.523625928327,-12049.103404534246,-72.01173058629293,-90.18967035456053,-165.48569590705566,-160.26937841136873,1.0
3877,11935.62821397153,-1673.6480233044824,4203.012145456027,-1697.455279823307,-92.05810902898942,-85.4586613927342,-180.6713329945257,-158.9119934134548,1.0
3878,-1915.3021087725147,6793.350978624355,-2826.527252037354,-9791.30189045556,-62.64551970374874,-82.91859753416661,-166.4583036450973,-158.93160989615197,1.0
3879,1638.3920693414098,-7081.420069654305,-8258.573443434694,4755.905848916237,-73.30246409613297,-91.81775036276288,-167.16277410364708,-185.8574695449111,1.0
3880,-6594.557717656885,6402.808605464804,-12203.807136419382,6642.169917153442,-78.15148998053061,-64.01517900109569,-153.29150902492518,-178.46420864385493,1.0
3881,5656.978839018542,9926.46940256936,-5027.206521202356,-2208.372469672698,-85.53356201656983,-90.04503696843003,-163.19083930930978,-169.72576470201324,1.0
3882,4380.723410658474,-4070.308974564057,505.0085682253038,-8698.076383177035,-82.16257651032585,-54.7481623176336,-148.12649594402265,-185.39287654368133,1.0
3883,10241.628432925216,2249.1263391058337,-7928.923810867792,5169.803563417213,-75.25186927926839,-106.05875232359358,-176.13747194294265,-161.96811891544823,1.0
3884,6599.333594401182,2410.7465642356296,136.48092749524034,3789.2776564900037,-83.38398455295561,-88.49846794348292,-157.6074776877028,-161.7116104778712,1.0
3885,242.41241384456026,908.6331628428815,1462.6885669781918,-9569.555554229906,-86.28487697458333,-67.26354120708808,-159.10184889124034,-178.62790631001133,1.0
3886,3827.9668619371164,4474.951123576239,2262.3593616375424,6760.844803772207,-79.3632567490355,-85.83972688496266,-162.0719539292497,-166.864654656305,1.0
3887,2666.59740737289,-4994.188398733721,-1266.5299112753364,9950.339303561172,-89.5156900767561,-101.49453167219589,-174.8865848176116,-158.53515583684225,1.0
3888,6692.9259617096905,2134.1212128864972,2404.590771136012,1294.573565955302,-72.2323729954092,-79.99613806393964,-167.36583756657294,-172.16706585069366,1.0
3889,7108.921599206819,-5802.943631247821,-1488.0941909605335,5262.606473631847,-73.73415897845565,-84.08109972167583,-169.417534929802,-173.02576266799434,1.0
3890,3858.3942513238653,8427.987760986565,-10377.058213465498,430.4764072948193,-80.72479982866167,-71.96806037595034,-161.07140566773654,-177.14138666939346,1.0
3891,9242.180881878166,3599.521341724434,-7396.992645828802,-3470.6302845620253,-88.62757166765873,-59.38721741249141,-144.6662281433484,-183.3199769376181,1.0
3892,9770.25229678257,1046.597443020925,-4238.4644434482225,249.2262123912101,-79.56025300735067,-76.06603939330554,-165.5808091818085,-177.4978740150672,1.0
3893,-8924.32562372526,9191.021515893823,3668.325319140388,11672.261942314375,-79.67550236567493,-89.73671130570456,-167.7722605419422,-167.15579582315917,1.0
3894,12817.982628256603,2355.1746591359697,695.5464997424418,-6086.003386094285,-83.31406313875789,-83.67086548686848,-160.08511181659065,-159.92374799452344,1.0
3895,7745.204431739202,1406.2564805409168,-2150.454746181552,1340.289079405926,-69.14485110706138,-87.72566683915878,-170.39187411456084,-171.52844334069673,1.0
3896,9517.372029051052,8103.743044742822,-2816.9174978976957,-5412.463137681435,-75.20089193800985,-88.25450818369869,-167.25093122401321,-175.057930151585,1.0
3897,9682.991103757095,2888.926740519248,3870.9563825483497,-1323.7031571034233,-81.42015617311816,-119.95633072840087,-180.91570289018907,-158.13326312954786,1.0
3898,6562.021200483195,2739.8222395484354,-3594.690800257872,-595.5825222456448,-64.80645631007276,-95.6705987659987,-164.9299656135266,-164.9043608978576,1.0
3899,15248.612033432304,-8212.88544453666,8511.940382449966,-2751.8971490667873,-65.22028683009945,-92.61961868185865,-174.4072144210064,-166.1489046989168,1.0
3900,-8847.798619832965,9058.525884769339,-15420.868695194125,11133.526250867986,-76.08933710971229,-121.95594776754197,-193.08966127021796,-142.5191430212681,1.0
3901,9720.402934593612,4034.0495341639526,-7568.219705943204,2831.570305065799,-82.64584451286979,-74.86050910142313,-170.1155192031516,-161.7001242827382,1.0
3902,10740.386886590699,787.4405460782499,-3818.7565538257263,-5257.935042915166,-77.06017481872975,-101.48605010379885,-171.86494527908235,-163.89248540545546,1.0
3903,-3234.712795618219,2396.4724382069135,2518.9832607409508,-11876.279725988157,-71.00607490427164,-112.3243291270125,-186.79414673218622,-143.6986904756806,1.0
3904,9023.338860166134,-3251.5030023163986,-2198.5424081784786,-2076.1207766768252,-70.52781358371327,-114.56898886614582,-187.0652333510772,-135.98690420364306,1.0
3905,6400.384710250279,3116.150075542535,-6913.551338809574,-1901.5983335356582,-72.0984827433607,-81.02329890121055,-182.513499007548,-166.81253424371775,1.0
3906,4566.159443605928,-266.8207892168333,-764.7667098560795,-4569.199273182303,-82.80294250295276,-95.873494766008,-169.26132676592508,-167.22163570750374,1.0
3907,5750.242691082175,8797.279869707554,-7938.179852384732,2336.260630400268,-86.60684090961608,-90.74045210540487,-161.83826554481828,-178.8560055601219,1.0
3908,8743.19779151978,-511.2604011187227,4464.319333961118,2630.6615823317884,-74.47785762720736,-95.55262391294312,-172.2494923798922,-156.6172016702285,1.0
3909,2267.606683096747,9542.65897280903,-7223.043930403706,-1791.9298752556456,-85.67843701979726,-84.28948483375476,-170.44561775923685,-165.57790375446686,1.0
3910,84.35497427911498,2739.6096728457755,-2534.2151115031816,-8963.624113385373,-78.7754879064481,-81.16679883517294,-164.73441837260305,-156.146710189493,1.0
3911,5468.011796265509,258.69323128095533,-7426.305999309342,756.9352088981537,-79.3049628035021,-106.6125884520689,-188.9259699312749,-156.6907776018798,1.0
3912,5117.140783962972,8139.118571171384,2426.8997559836225,4380.55207059458,-79.05851269504367,-89.97106945896412,-175.8437092145953,-163.42339791954728,1.0
3913,-7344.975225827422,1619.2302772273924,-10317.929664673215,13727.029995296703,-79.85889566446363,-102.96255715231625,-169.8588591027272,-168.5591538412636,1.0
3914,-7688.3816422817135,-3570.9711809208798,-17442.2600945974,10391.164265894575,-61.838371498344856,-126.32106272678399,-203.61978672115066,-147.54351613584018,1.0
3915,4415.172052801988,2870.7639853836163,-1688.9741670539256,-1016.4869116928861,-87.39812325681484,-90.00616214003752,-163.61439310703986,-168.58095666454713,1.0
3916,5569.554393042013,-3308.3828215729754,-3523.2475957205675,-7777.818951014123,-77.04042269854367,-94.33931968099026,-187.9045305915606,-164.11546501149377,1.0
3917,3810.4667697467025,1763.6287696306829,-618.4880849007501,-2251.9099144686943,-74.69687163490848,-76.83030311475225,-168.8153248866643,-170.26314244047106,1.0
3918,4733.506036154942,3164.9369599577753,-5266.922538326936,-5956.411766503739,-71.00696231907484,-59.42077514660832,-165.9497973434986,-172.33749944092526,1.0
3919,-218.15502485472217,9839.532872632382,-4709.080411454453,-1026.0083714167147,-81.67500766866551,-99.90486933995471,-180.35826617589265,-145.33977778150256,1.0
3920,4644.038156531215,7269.275691100221,-7903.662347052905,-3926.6231370329965,-81.47367415706613,-60.39888658962617,-156.996454603615,-158.4550287196938,1.0
3921,4327.076342368262,4795.84377415545,-1548.056141543151,-1556.8613080115078,-60.31668814237696,-87.11460467179386,-174.06614925083105,-162.74321444434193,1.0
3922,3766.0419222651267,6688.554022233365,-6214.561291876006,-6287.90277921946,-77.82330149734537,-76.88411610426382,-163.04845200078233,-174.1574621887101,1.0
3923,-458.5393521212748,10819.542410683533,-4201.054149702891,5555.234313780294,-80.8380174431935,-104.54856682673558,-175.9609609856802,-166.64627843126752,1.0
3924,-74.76996633860944,3902.1636887157347,-6545.578689846023,6298.753426875665,-73.57312763071637,-73.9585646432504,-168.3691770686074,-168.33648141298178,1.0
3925,8071.040614795205,1793.9832981424488,-5204.195572052673,799.1545165745921,-69.68870661711588,-90.89059109489352,-170.09119657462912,-159.43693901003272,1.0
3926,15281.506231974316,-4134.429018315124,-481.9129015300323,9689.969855871745,-72.21781503770595,-86.7457214233156,-172.9759992338224,-170.37682728174462,1.0
3927,-1492.8630870963598,11024.408914465344,-6511.236984281661,-6283.5062841285935,-82.88892445527539,-96.62329552375898,-170.8640338847565,-163.48314717588224,1.0
3928,2532.906694651386,2612.11392487966,-5702.411316511058,1578.3205622401608,-78.30010204738709,-84.15579427505443,-172.31435207631043,-166.93314029515804,1.0
3929,5103.215847963483,-5080.171734954424,-7038.098064336149,764.3643054327244,-84.50285567537749,-73.74041540669486,-169.98948203190136,-159.85825602800182,1.0
3930,869.3241030069503,-3641.52096769338,-3099.3586141338296,9180.016069009256,-79.00615908635872,-92.12562726159645,-158.88653989618467,-175.01110755781824,1.0
3931,2339.9542218688002,10681.67492843676,-10187.44968831641,-1641.997689558417,-70.67430243497479,-109.21929520216773,-181.65644159575834,-176.75287453029205,1.0
3932,-4836.558822948209,9726.974363899426,-4855.448824380359,-12078.10637829444,-72.53533043684007,-105.22766848002615,-177.68222628097143,-154.23905287569536,1.0
3933,-3250.8361025495306,6042.795519209232,-16795.83726878067,4575.600205020032,-79.67235612816661,-79.06814300807653,-165.08130135966994,-175.34248712913495,1.0
3934,5951.554590234136,6181.597426062258,-10169.761476362566,-5713.50704839423,-81.26555465601456,-83.53180598823275,-175.37389784615766,-166.16754903436927,1.0
3935,2269.0862752624344,12808.607504629395,-8739.708914738634,1532.1316888641907,-75.76269240197244,-101.91648486278513,-176.49945266363977,-157.52956974140034,1.0
3936,7315.44452860106,-3078.367899396325,3653.613198558055,5211.33799827804,-74.2448526074,-100.06377934340745,-175.1445406041783,-147.45473933028566,1.0
3937,7127.139663867867,4744.480819024951,-2325.3023211205573,-1321.2181772790834,-81.14596018226143,-83.20434087025019,-168.44300130585685,-159.61295792805015,1.0
3938,5904.361212456669,-10930.06479693959,-3593.602706860011,3951.1508031044064,-87.4650255303276,-58.507950873965825,-155.03728844529965,-172.18202477321472,1.0
3939,10703.849869714571,3486.5783985550643,2122.9309800932942,-2713.697886501809,-83.26362191395394,-67.69222615485796,-159.12092845778423,-173.21853007883183,1.0
3940,-12816.90792759722,7213.614390508273,-25287.19730266705,12611.327618112377,-78.58826865494271,-105.4534606523113,-178.49242804329364,-152.98818013481574,1.0
3941,18389.49759501295,414.26660603806687,4822.007540308455,-8689.427006930571,-87.41710401538427,-87.41629082054713,-168.20590486559794,-176.67769583626836,1.0
3942,12447.581552653257,-752.1419583549451,-2840.981617251402,7195.469953529991,-74.44596586320202,-101.96181499250643,-179.82807938155767,-167.43004307058314,1.0
3943,4950.052959585094,8722.687584123294,-8681.22794076053,2110.0994991580174,-74.25652655355718,-87.26676811890678,-165.69901331099655,-158.15475745282544,1.0
3944,-1023.727980636973,-5841.236871318454,-2131.7869065948526,11479.60590113871,-90.74179776791688,-89.01543655609844,-170.51649050137493,-172.46748402710642,1.0
3945,12366.926837212104,-3820.813653681749,9273.769717951742,3888.3290841291728,-77.12775935846409,-78.37045743000502,-164.4970898730006,-166.61069321440965,1.0
3946,-689.7002898644166,5777.70278939464,-5581.587184277001,-9008.99123528818,-65.38743165080813,-83.07444397205194,-170.94806942591134,-170.3940023796606,1.0
3947,4806.253966703934,1827.2447633071324,-2805.7426678553734,4429.976772121152,-85.86816558209507,-67.42716382792149,-158.2588524201939,-174.77757637711542,1.0
3948,9995.461635410547,-997.1763188768601,508.0799125632347,2233.6284719576065,-77.74377081808234,-100.58864962521966,-179.01795502828745,-163.87109149882775,1.0
3949,-639.9316873786307,4854.745169566089,-3000.194394822368,-6719.424098907117,-85.27655267987603,-74.35705866163835,-157.34562595624672,-172.85721619726255,1.0
3950,6049.81508824077,702.1674576225249,-1382.5556879484764,2648.6932575828127,-67.84403094013314,-106.78511681653796,-181.49441190222473,-147.78458718299174,1.0
3951,7341.511655499165,2002.0516497185436,-8604.60944333225,-5452.76388335434,-77.91427868612992,-100.51540903885476,-176.59594204789525,-156.20498984351448,1.0
3952,3535.3109716818362,1764.4701653442041,-445.7536442653214,3318.0978996999143,-65.78667318375796,-110.35586001681986,-183.0142482913442,-145.4328543765226,1.0
3953,-262.40852301358063,12520.19941751594,-9238.625821801625,-6280.133041991432,-84.80924643906278,-87.4881161452561,-168.9624094857842,-168.70756210000903,1.0
3954,-933.5417945620583,6719.359437625271,-2714.3784666337365,-3252.3628059157536,-78.45933607410868,-76.82603276633235,-163.49176397154667,-185.34564233983397,1.0
3955,2347.815539008268,-4457.933405636653,3170.0436844698047,-9909.476263382765,-87.09361752962009,-83.21578084550144,-164.0281891611605,-171.62532820682543,1.0
3956,3458.331627637057,551.5807932238425,-10657.601661853849,466.34306059693876,-66.5854302399128,-84.60653438536973,-168.17460232122846,-164.93131177550254,1.0
3957,5189.816714744099,-2641.9717519508335,-705.8365123955324,-3547.056153474786,-84.07148984352808,-91.49952180501766,-170.74126409364536,-174.45120586715694,1.0
3958,7283.901264715805,5894.798915089508,-3962.3444072401644,-2752.4739880983097,-83.58653994541424,-89.85202072485208,-175.34048441481917,-181.3017395586015,1.0
3959,6499.982348232038,6774.683958965557,-8845.830748559756,2283.508327925541,-68.91614614557493,-89.01502327324675,-176.49594486058746,-166.81815865127655,1.0
3960,7729.605441491927,-944.497899423903,-669.4989712964343,2803.640374269317,-68.45780027281087,-104.94622754013395,-185.04795201330842,-151.87638895191222,1.0
3961,1658.9443300253913,5677.023957646147,-4852.089282978389,5413.588315226024,-70.23649616743543,-98.72514855658747,-173.85540328208998,-156.80943914918763,1.0
3962,1725.6434226856552,14013.217749008409,-6757.672376814325,6307.761125528785,-91.65492196090074,-91.46991754865728,-177.67493569957873,-171.4525551644025,1.0
3963,6774.862810026753,8049.559702201865,-4786.202060380319,5908.598379088147,-71.5606845801129,-105.79916618153062,-182.26460160591895,-167.6785302088321,1.0
3964,-406.22036606665324,8655.194344418123,-8610.650828482267,4148.681707075728,-93.37258753319033,-63.5264575017011,-159.52736003822412,-171.90162689129767,1.0
3965,4874.926608006394,9631.410083700503,-8916.73126470407,6781.961959129238,-68.78501046290744,-101.88773502653261,-182.81512205838885,-162.3401275899942,1.0
3966,-2543.139569996596,9340.75607522838,-5698.839859319277,-8825.347491792514,-78.94447509595967,-100.10162659861113,-185.97098781642626,-150.69090051526283,1.0
3967,5637.875233852078,8061.167854700216,-3761.781708126013,1880.1333964912285,-75.66649106615456,-83.85860246636213,-161.151724520579,-169.4957905736512,1.0
3968,10384.058709284594,714.8318995796333,6803.52090956275,2458.7896059727004,-67.78738447275856,-94.2292680925226,-168.07701148824634,-159.39850820370327,1.0
3969,456.57397384584317,745.6667596632371,-3590.463326823275,-14772.031172421732,-71.69469433745445,-91.9233486042859,-172.597265839474,-165.39946095675026,1.0
3970,10883.670689282282,637.3292887359798,-1459.5235570035468,-4823.99682127593,-82.81595648065976,-57.833520875443,-153.27010327405918,-175.42139074060114,1.0
3971,5165.163568922849,-808.9509467877787,-1720.8579691956763,-6496.709230402224,-84.6070791798686,-87.13737884784082,-173.955502013368,-157.17369729855636,1.0
3972,1037.1807401364101,5231.922929827028,238.34504086552323,-1935.0562804612362,-76.99587387429607,-86.59569076495693,-173.1390545732965,-161.6238980988864,1.0
3973,13340.803938969746,844.6538277476692,2897.637443059518,-3334.4939736070487,-65.03389310993849,-95.38124451609599,-178.8291685053173,-154.1272795218988,1.0
3974,10696.408299180637,4245.477607695542,1978.0908921587845,-322.8683772270724,-79.62057602502574,-85.39500232965823,-163.1640054642036,-158.79150269922718,1.0
3975,685.7743436771932,4063.641373211143,-2523.801178653105,-5193.163425645254,-67.70930607063349,-85.25099107661,-166.06415090391894,-168.10319284240643,1.0
3976,-716.6519286136031,2869.586456585126,-687.8991999508384,12155.196716479333,-74.41616141005106,-103.29889615477467,-177.93216207381693,-148.25235422497337,1.0
3977,1831.5282706788885,5828.822572499968,-5269.867376818963,5651.5369553666,-74.86206413282754,-64.95726525821823,-156.14437517429883,-176.11269554245698,1.0
3978,11716.22924400472,-6839.9284995617845,-1828.1155948386665,-1083.8563629482408,-82.78622146781849,-71.42864143480183,-160.3049689360345,-160.30268240633225,1.0
3979,5016.994296712623,3240.7330367693307,5212.907172446093,7898.950597143271,-78.01140711032241,-92.66952928343834,-167.97825794105324,-174.47614127622612,1.0
3980,4340.3515357652595,7706.830266378002,-7273.865386712634,1644.0339626166485,-63.534419393791595,-119.68126470100722,-185.42938174453343,-153.50784697698379,1.0
3981,10022.482045048426,-2247.4991160615905,-7198.497088914747,-4207.187270612394,-89.81374237708266,-95.95340039976656,-168.93248102265306,-157.26965178311667,1.0
3982,4343.7944393289235,4796.701526564588,-5303.52335793669,1699.216264949648,-73.28211646340478,-113.06014849195522,-191.54518800295045,-155.43205590950956,1.0
3983,1274.9528575738025,9720.3899955904,-5691.631163334473,-3070.092696680874,-78.7261408007593,-108.20388957862423,-190.80226560050045,-147.28413469028527,1.0
3984,7344.939545843111,374.24188014125946,-5095.2101245796985,-1908.9239450725388,-96.8377807076154,-44.270317054990045,-150.8210982823346,-191.77924271297184,1.0
3985,541.1390811294958,2270.222479159848,-10596.356437955596,3783.9169477166115,-89.52943173392833,-83.68001150443688,-172.3582427688034,-165.7775542057915,1.0
3986,-7508.659761802524,5158.35787516239,2792.389155778446,-14757.843774825784,-80.53677439623368,-84.67361640382559,-166.71256218168156,-155.59278395145748,1.0
3987,4377.92732082377,3083.714286181867,-6194.628221625829,-2688.7269610123985,-76.1143762165902,-84.78054123221274,-165.98831060863048,-155.28398293240681,1.0
3988,6646.801584145369,9756.133162549386,-12178.352664430577,-7.188629647480127,-74.82932141874979,-109.53194818569331,-187.38436841356412,-144.87485270085799,1.0
3989,8593.02544973078,4323.52074364313,-3512.0399014000027,-5752.60658947975,-71.741885720642,-99.91569461195034,-181.34251870099652,-166.96214737005917,1.0
3990,6297.473797384475,6195.0830674049175,-4824.890082240197,4226.3055836867115,-79.92813094256422,-104.81757066760208,-186.56612967845797,-147.86893181110628,1.0
3991,835.0761047596511,-532.3592223451334,-2849.594136086831,-9374.95434088974,-98.25715771447578,-74.49143660151697,-162.45755203537593,-173.80188414071424,1.0
3992,5336.011406506211,-3843.631934925035,-10034.891261596418,1356.8506594549503,-76.72199371818417,-91.95251831119292,-166.42966394210595,-170.9466856206439,1.0
3993,1788.059753856474,855.2646342342665,-531.3964571915326,-6933.482086261946,-85.83888524673671,-73.1634727078012,-159.92411280870814,-176.87826147004665,1.0
3994,5831.461912052888,1186.931535262065,-6941.835642880887,1464.8659966227547,-73.78565189770369,-84.91489796439197,-179.05383726030493,-153.60671176265686,1.0
3995,-2340.2281533652767,681.873805432883,4122.603861585721,1321.5800166126708,-63.33437473547371,-116.9524318482901,-186.41590774464507,-143.2145925846692,1.0
3996,530.0526265461239,-883.4481002331933,-703.2396055768842,-14262.498938580155,-85.54737596748672,-65.93199556217316,-160.91818109109656,-176.05709149835397,1.0
3997,3953.6365930040993,1206.942047705843,-4445.888276484099,-10089.145077097244,-83.3688776843807,-56.61768222028347,-148.60738921962218,-193.92876562489218,1.0
3998,1541.4632070077437,2454.6956523705803,-2549.357497691643,-6319.264956265813,-76.11646501705823,-88.08061308036834,-174.64658349943176,-158.15670475402732,1.0
3999,-16407.46873667514,10062.257820765963,4761.498325263063,-2707.7111837804605,-75.27976805701752,-106.3370920539897,-191.11942663727558,-149.0137043336577,1.0
4000,-4764.85452218655,9417.011535922036,-4468.373001284293,-11748.34370400308,-73.05095799102804,-109.91350177275561,-173.21016346087993,-153.5757102717096,1.0
4001,-9074.18469496406,6960.689369935,-16017.960025635173,9184.113003875975,-83.63710318668322,-117.34236588364296,-190.62286288435374,-151.0726075800489,1.0
4002,7987.760180970106,-3812.837186095408,-3711.3073760263437,1735.9610193886022,-69.87737086533485,-78.925683752361,-159.3800935848037,-164.0793947426539,1.0
4003,-4945.854240008178,1610.5350227187257,-7167.880940760997,13399.050122448116,-63.435136281971694,-144.6653052778624,-197.84101361542912,-148.77639124613924,1.0
4004,-2030.927138388549,5776.8406461976765,-1723.5127247891412,-6043.622054323979,-77.46172986498586,-67.8572798903812,-162.42683985171553,-169.10438962101864,1.0
4005,2014.309535455578,7747.628848723288,-11422.040628048762,-922.2354849488945,-91.1600894270536,-77.32411420297329,-165.7852778375137,-162.61680134076892,1.0
4006,9375.047507175017,4232.561951029518,-3230.8070163185116,-3948.5968432046852,-85.97240994052764,-79.07656588094788,-165.54882604424887,-155.851918752919,1.0
4007,-41.46444677228223,7381.934262587105,-5533.242910861437,6480.069289322296,-70.516595982972,-86.32019782207993,-170.45166465400953,-164.6512228393494,1.0
4008,6564.034249933185,1365.0777981085098,-5479.276161936199,-3492.8331842432913,-76.52329544431564,-86.57155730008031,-157.89633341470312,-177.45363707345905,1.0
4009,7681.449654814756,6714.529344021383,-1872.7519632718856,9971.556668168952,-69.54706815762307,-111.56806381780947,-186.5703411234303,-152.7249380199875,1.0
4010,465.36885717346,3217.5204425659645,-8893.284572655199,5381.950802750401,-81.5277800180103,-106.00551129281675,-172.75242981861257,-180.86123786411915,1.0
4011,-1075.5646959178855,1604.0707125686713,1768.5045403632178,-5946.143575561624,-90.7335991701574,-104.16511345475747,-177.76242407975627,-172.40990055091908,1.0
4012,4527.838572150695,5107.766425642998,-3382.3013544766754,3334.125828612883,-77.29420089657141,-103.07172629570495,-175.009427248173,-156.28500512685676,1.0
4013,10494.759289990867,6838.509140219795,4417.54184943443,-1027.3302459014517,-89.93266139379418,-107.83848982883879,-186.83758727838816,-142.6204512814831,1.0
4014,6178.195192970536,-1491.7383028379913,-122.11747253269145,-861.3075755679133,-75.49173955535916,-94.34493968063506,-185.218914730714,-146.65712746160054,1.0
4015,-3777.8756976989025,4030.480233147996,1153.1672444633343,-13340.93283978138,-78.82502116877424,-88.07235973600979,-165.13829842348036,-163.18622690749925,1.0
4016,6048.586413461326,3211.267624776026,6829.205713618101,4758.831230640285,-81.70506973957966,-105.12168054224627,-181.5545780069671,-149.4973297215434,1.0
4017,9557.510357552881,359.7143868365991,-3768.465383486902,3770.438547754048,-79.44514293264783,-99.21125257425065,-176.91309171846407,-160.74084905679803,1.0
4018,-4816.667750242383,2964.4132047453936,-15328.177631467568,6825.792286558394,-88.65560099165675,-76.83357300177369,-167.91786226793613,-164.17168453651038,1.0
4019,5159.5860073826025,10144.429713016354,-8050.2034416328315,5424.963519330597,-79.5489173322779,-70.76236354869633,-167.41074392003816,-180.6129433887639,1.0
4020,518.4775025170976,-1375.412717599701,1911.955519079782,-10763.028135506534,-82.61784420122655,-69.16264645619236,-158.06275939383687,-175.12695899434527,1.0
4021,5211.1593468834735,9935.447937227345,-12904.503122340539,-433.177660206995,-86.01741770200456,-77.28293794800817,-166.43455680385944,-168.9176313745704,1.0
4022,2920.9597098204886,4419.554492042199,-3857.146215038359,-4257.123471549289,-65.24404772812397,-59.44757842821508,-151.3106215241967,-179.72678356754653,1.0
4023,3887.397084597855,-4042.9834539443823,1356.6447393357275,-8754.404317584953,-73.40111085595335,-103.38693842759535,-182.03644036278044,-153.9291645475096,1.0
4024,4203.524031035065,1818.8568071277352,-2171.6861742813803,757.5030432479583,-75.31858535868948,-120.50359696853747,-179.94205860212142,-160.48399529133405,1.0
4025,-4575.636464767255,4379.955143513358,-10266.819249716016,8970.91227045276,-79.89336114188357,-77.34579735028271,-170.09755750308275,-166.37347691361893,1.0
4026,7205.449020892675,1980.585197346157,5054.397242382274,2212.9564984206,-74.88245065479121,-89.08317898198275,-182.93218602271753,-159.42429333904732,1.0
4027,1797.6096781746255,8428.12465448412,-5196.352397347982,-3913.915249619978,-89.84464776597464,-92.8671136817755,-173.3425304636058,-163.48522094800933,1.0
4028,10833.521412720012,5551.45692020553,17.689710824261518,-4268.454752858773,-77.41467339240417,-95.23753433789946,-176.11573299837647,-155.61533736788616,1.0
4029,2278.0953771411896,-6576.462840317638,5364.31224815586,-12138.653225463955,-70.12345476710215,-77.09543230549428,-165.88505795271146,-172.46312944810276,1.0
4030,-2219.866956809654,6820.859811121961,-204.49667111836067,-11370.113951530604,-72.8377934042072,-88.13579746436473,-172.2432896682363,-161.3477018162955,1.0
4031,3308.0259978667036,-4234.855516005751,-2857.764362329508,8562.333299016413,-91.45830299845576,-70.91694450793507,-164.1719104128879,-182.445145001725,1.0
4032,8361.266575763275,2522.2396365417267,3388.5756351589903,1426.9596526258103,-81.02058580552728,-83.46001370175394,-166.94997971616436,-164.9972382545603,1.0
4033,7787.029507974936,7771.840827195129,-4697.899124235364,4545.5627993923035,-71.04216751859015,-91.11807327860569,-166.20298038868,-161.3821770588403,1.0
4034,1911.5303269514384,1723.9943456831684,-9246.843975986532,1239.7994770010566,-87.11938082756272,-74.98516217149943,-148.38509854202917,-187.45390379151354,1.0
4035,7235.761052392069,3981.1203808007913,-2909.2818725039924,-211.4371446478862,-71.8373849076969,-89.89216020862492,-176.0882596167893,-165.84788362139795,1.0
4036,-862.4290097167022,8118.374297262887,-3810.7309231122413,-3003.3534940354225,-75.547409801612,-109.09000584957508,-185.53635680839471,-159.4556127196546,1.0
4037,3639.884830287241,6456.40450099188,-8142.719588285164,-909.0876135206796,-80.08656148216936,-65.43779351632823,-157.86701544897392,-187.39193037863066,1.0
4038,4646.424648273183,10137.737375306624,-7844.840241134737,3004.648036081582,-72.75418015527667,-122.83812231498747,-187.8737927793072,-142.56273479548923,1.0
4039,-4645.600005450454,11838.035144347223,-13979.87592089262,5311.577823086285,-80.84805700120266,-107.21542595962562,-188.02623105305798,-138.99085811836517,1.0
4040,15739.887413195444,-1504.7552320740629,5836.248322629061,-4706.694401565505,-76.043172040328,-79.7627979337887,-164.0980834844471,-169.40811214924716,1.0
4041,5842.537114762941,7381.335201093922,527.5876159728728,2630.4734239313866,-80.36725734936469,-80.31130783229115,-170.64853910465132,-160.33723527034306,1.0
4042,3702.1004575213374,1168.6225001959065,-4540.763287805074,2889.1937600116926,-87.8499098168295,-99.16352884312184,-170.18540180606436,-168.32875681341696,1.0
4043,5690.292058042313,2805.6234365014757,-2356.525512508402,1790.35127454147,-73.92488976232745,-87.66562553821375,-169.424287860213,-161.0634527740754,1.0
4044,6802.903516457482,-2117.808955347541,3308.9974126003267,4095.7116185885925,-83.5223872885229,-108.99620681586576,-184.05503724542322,-156.9324204947185,1.0
4045,-474.5895833236378,7017.229747380424,-5264.216228434751,-9893.330386756896,-75.45876757711596,-97.40204576550356,-174.05938345252855,-154.88184762766988,1.0
4046,-472.5235648946398,10898.74726451959,-5383.396038673168,4944.262058601483,-91.4484347510422,-72.39278990270734,-166.55693423284436,-165.83808175273262,1.0
4047,6655.958157552469,-4463.797757564823,-8112.476565462954,-1397.0297756759326,-68.58959288105082,-97.09350153609924,-170.66371262616892,-157.9019556905122,1.0
4048,8822.698677385253,3975.464435657514,-9163.350963833309,-1911.6595956123106,-77.43314932682817,-68.51901396830245,-152.55853399741218,-162.24595371396043,1.0
4049,437.20979869887213,6423.791536012013,-5753.117427288967,-8732.751980507517,-69.96430367102082,-92.57409065123969,-174.97109799092576,-162.16959952002819,1.0
4050,10151.71613444616,-1406.1328744255418,-5801.901703072317,-2027.7100118496824,-69.50261539955132,-130.34034681325227,-192.6499744507781,-140.7929018947277,1.0
4051,-2945.5182137871934,7643.730102755253,-4729.446307349837,-11369.332709442151,-81.90550850399433,-89.36406257592162,-172.75411230674567,-174.1556995413077,1.0
4052,-4191.020421138555,12428.521580191917,-7642.860237025989,-9281.015268838575,-71.44848830464132,-101.22481199680072,-179.30333430245497,-152.29881143293804,1.0
4053,2521.778135011956,6998.67573980501,-10247.621096533145,-1806.6639834364203,-84.24305110082412,-92.42659027622256,-166.8974337484233,-161.4673890366309,1.0
4054,713.5211258166617,2361.6372944460004,-6236.325732925451,5977.224472064748,-82.21604500024277,-91.39229156334716,-171.3317029909674,-155.95595383675735,1.0
4055,-783.8985147971403,10399.417943449223,-6904.685697197271,-3468.2698023109965,-86.17266015172324,-80.9878903879134,-168.75764397385555,-171.86568172057136,1.0
4056,493.75181893206667,1618.9841156287648,2200.374215410126,10679.17065301777,-87.15497200608847,-76.05458076665613,-160.7275770273898,-186.74628540354297,1.0
4057,11215.558737503146,4960.205928995315,4693.43977182392,-1279.5998578838758,-75.57926548222399,-83.65772384221574,-162.07068036874384,-169.3340359437783,1.0
4058,11758.837032281272,-1974.8327738532416,8177.137983421813,2671.43698276709,-85.5639883559384,-96.04163056121808,-178.94336955411552,-173.41015478724955,1.0
4059,7395.014493529759,214.18378159290086,-2143.269151379588,2011.4684500363107,-78.19326076182689,-84.95253486419804,-179.11705116895058,-160.6241783683329,1.0
4060,2725.6318359215647,-10967.136705279565,-2219.125265138057,9293.350828994295,-80.54416847316983,-82.96541942122614,-167.7259094330409,-175.84669225049066,1.0
4061,-287.4285474643834,5616.454066638668,-6967.470147631085,7686.371221262146,-80.89965908752941,-97.17371764186248,-172.00568433899457,-162.1317026908337,1.0
4062,2211.0995709569092,8769.758009726133,-6144.70608762033,1864.924782303468,-81.49926596418928,-102.09166892948375,-188.1558283503848,-175.28366428343006,1.0
4063,3907.262450706906,10997.43561572769,-1361.3877375056425,2216.954796544818,-81.52643127722656,-93.3285392888034,-177.71918444805627,-165.74029671865392,1.0
4064,8727.373411306828,-85.65914177684952,2847.067550147188,529.0983864542147,-90.90752741421458,-107.61052372452453,-179.4494373690217,-168.9848586644792,1.0
4065,5755.61890341894,3911.859897530389,-9302.803278986414,-8291.136850396451,-85.79252764589346,-85.95375869578383,-165.13758634750474,-163.0453300084392,1.0
4066,5434.1224908625545,7929.898277606645,-2721.9310292177565,2164.3398013653446,-78.71973209306648,-100.66403080274016,-176.5745203232398,-158.5796503476303,1.0
4067,-1415.9764309875861,-1237.559547576644,-5258.380905322335,9113.21531515627,-84.69583018792663,-90.3338093703363,-168.07926268578012,-157.7620298819904,1.0
4068,-10531.380926020243,16773.892562016394,-12717.544859914764,11491.46571718446,-86.15126721989199,-90.5384677520745,-159.06594358195468,-167.34849671030167,1.0
4069,2124.3140381087865,3313.2688865126534,-5452.228227287598,-7594.665531469967,-84.74832786803069,-98.73637687828536,-166.23775174870443,-167.07257829231088,1.0
4070,-3137.439419626594,3078.227997857663,-10233.377672026163,7827.5220513457725,-84.1656643650074,-83.45763695111964,-169.86352243333965,-175.56846622176295,1.0
4071,6605.058382463646,-2348.4280527946926,-1029.5613911396654,-3161.9144917042267,-78.23059847129758,-66.70773177160484,-169.26302454268014,-164.50797616997338,1.0
4072,7263.128696370249,13271.264369822613,-10906.391694461448,6685.1704177208585,-85.27449499816659,-97.4806881742724,-182.01586476751424,-155.1387270612354,1.0
4073,1902.1079460474682,5176.286381900093,30.02666598343362,1214.1159487561822,-78.57428276070006,-89.88947395878884,-171.46788882741868,-174.12924254048315,1.0
4074,5243.576511450563,469.0430060269168,-5205.537546564282,-7012.006210646595,-92.32524175044934,-94.48087559601146,-174.4287496079368,-177.35446833833782,1.0
4075,-2712.7541225876253,5224.069287807456,-10179.953212991699,5813.834645502624,-88.23206445252676,-86.3242927502392,-167.8166690438759,-169.32343902028168,1.0
4076,-5428.494302309707,365.82656178075104,-9156.144739971933,12553.287875882885,-73.11503885451525,-89.65950527484858,-162.75389107056048,-173.62630263175282,1.0
4077,7445.92673899165,8017.1341062791535,-7806.115908104104,3844.5124516015476,-99.54547634155898,-71.8513337716418,-162.04226438092633,-173.05179441944276,1.0
4078,948.2555664565023,4887.919773643787,914.9683054813215,10547.776871796348,-78.74769602090589,-112.35649832133068,-170.4378242612692,-173.27639863248513,1.0
4079,2199.527474596933,3414.1900161979306,-718.6584014990718,-1763.6187791903249,-68.45282185502,-95.77933409710644,-158.7397112665951,-156.16899822441798,1.0
4080,4961.1351502068865,1988.312097349568,2417.397935712171,1398.1479320207475,-82.74481621091196,-92.16008503077033,-168.45560051997592,-164.80769749077243,1.0
4081,1790.9219548657443,8373.6058855584,-4885.172207975085,-540.8015811374228,-93.32222531729076,-89.90354180080101,-167.64060837641452,-169.35145625994076,1.0
4082,1440.0159275885321,9818.0144023875,-1437.6222527769041,6088.545275177985,-85.21345475125516,-79.77652067114018,-164.4538138269456,-170.38401605091394,1.0
4083,11686.375976827449,1157.9081582471008,8647.926424675374,1734.7056902250995,-67.95448704364757,-86.5902299655596,-176.91691206652376,-152.65833051448422,1.0
4084,-1987.1849662413194,7606.059028138898,-3155.901166950653,-7784.049266384372,-64.8361262741438,-120.41424286652068,-190.36244696333836,-142.45851668858205,1.0
4085,-4133.38388992436,7675.146729641556,6722.521002577915,1258.4311665046037,-73.60364252569853,-95.16228756960184,-180.82163632816602,-151.37426389870632,1.0
4086,3166.171047667719,-968.9858579704063,-683.5303222993367,-7602.304835321344,-81.29526563332577,-88.20057322086619,-174.17659329943146,-167.989246921783,1.0
4087,9316.465272524665,-273.69804307360556,-1563.4168441637328,-223.3647208725764,-89.97890629298153,-95.33431769773246,-161.76731785701872,-161.16467850569398,1.0
4088,6749.11988054254,5400.869104474613,-2499.7246188042163,-206.69302015777592,-76.77272329437413,-130.3087994019372,-177.6693970464377,-155.9715856991459,1.0
4089,6098.17109813382,9954.386832581435,-9547.932460508757,-1102.0090980579487,-83.61097049114925,-81.88994313353118,-184.09637317515003,-159.8152620514719,1.0
4090,2637.1692234009456,-648.546772348817,-5056.124580162285,5932.689603945507,-68.07539667464192,-72.40853641199705,-167.37333235747323,-163.89683538770382,1.0
4091,4917.585920372844,11598.800840012613,-6570.019380009374,2329.2106495779926,-67.7191271409837,-76.22275490552812,-159.54518469515426,-168.26858926774082,1.0
4092,-4123.943013319449,5788.010548035767,-8850.94139567346,9196.850804467436,-80.95733955661173,-80.3955248533262,-159.088616347278,-170.19542484161147,1.0
4093,-1109.8475600489537,-347.6927355002606,-4502.568128788923,8935.936787497354,-75.04564022656082,-94.44756035779842,-178.6131375702008,-160.94084892608123,1.0
4094,9837.63342280125,1781.1714461018908,3492.8894924387832,1799.3242614408068,-81.57926353266483,-83.77885491402749,-168.25137984652437,-170.72113474282742,1.0
4095,8056.417104965691,-553.4368287798954,-4722.90863546098,-4684.573237588583,-83.50060767628435,-88.28033230247826,-172.55212443759964,-176.9752514980771,1.0
4096,8632.539523603029,8961.690017482364,8622.23563891853,2159.9269333732514,-75.71419419208422,-91.5065755046153,-175.57033025215668,-154.8808823023084,1.0
4097,5119.97572779244,1321.3887128435756,-5359.994880742083,-7498.60052294691,-82.19270785394559,-99.66096683448272,-183.08156957298814,-164.04804656218053,1.0
4098,295.4601085512523,5489.2129013441245,-5266.703217429323,-4842.404163682148,-92.57291158339041,-51.432932851770246,-156.79330301309975,-190.54752149909888,1.0
4099,-831.4441286287217,10392.121482820217,-7777.394814104696,4882.003506887884,-70.78107790108217,-75.60378782196214,-162.58665588900018,-168.6043005087229,1.0
4100,-6578.955896481086,7746.604925688815,-13779.039110168274,7337.199593042588,-80.03719639586107,-92.78941908524311,-173.35299184542328,-173.682029618977,1.0
4101,-1842.053057081571,-2871.790097846294,-7096.9096221395885,11903.319300687732,-77.24778681312948,-122.69046696528292,-184.70187843300945,-152.12371246082952,1.0
4102,590.2450619918098,3377.3223446096245,-12089.216014682966,2951.2149372441945,-81.93867683032586,-94.01783834105159,-175.64870575553354,-171.01215526353548,1.0
4103,-528.2727822069684,912.6498215097412,-2917.7285472810518,10614.237583400061,-78.17721427521558,-96.68097317691706,-169.5077255657609,-164.45034809359777,1.0
4104,-9891.744359048915,12118.735233651016,-5536.548541042276,16715.783308337155,-100.24074793296106,-89.07561491636528,-172.6260943001854,-178.40913059024936,1.0
4105,4875.157262257664,13805.037011848455,-11596.621943497097,1992.5594351675663,-84.71426114551758,-76.99104056513549,-161.22883153029355,-172.1784559338292,1.0
4106,-2136.0867198183464,1975.2514639485614,-1911.3264837486397,-16741.990930715565,-89.02914993270892,-78.86356698282593,-175.13887541796623,-185.76808541562892,1.0
4107,10499.91467706465,2967.6353388768407,-7254.0579022028915,5110.922856734184,-82.58521965275906,-98.9677652298968,-174.0929963192217,-162.2785261647105,1.0
4108,2821.961419496851,2044.008584537318,-1429.3739345521876,-2582.576680468965,-72.4369594130443,-80.7141383870658,-169.58572393238174,-165.54957743559459,1.0
4109,4402.81334688579,2433.346161164128,3117.3705279021538,6121.41792827868,-86.79398657301378,-98.31775883008639,-163.75742758288735,-178.51594952783384,1.0
4110,-1247.2780412638226,4925.037727967565,-6293.827154325072,-12029.391143818993,-93.1686522313321,-78.68152258070846,-172.67633435237738,-161.69579829078108,1.0
4111,-2594.3821406558263,6865.435246470552,-3508.7209398143555,-9168.308429572078,-74.17289330802122,-101.24159342008346,-185.90173932735098,-155.6900409789405,1.0
4112,697.5260262939958,12681.703711032073,-5835.6777434292435,1956.5537622100985,-92.51131888467465,-84.4359012244802,-168.11387645693614,-175.20249107477616,1.0
4113,6563.84799489571,3242.102169414709,-3739.6514770095237,1703.7807817840762,-74.32340582365478,-77.78917659700028,-158.7565930309217,-169.18984631822295,1.0
4114,766.9916923693387,4882.6370006253865,-3856.424573411772,6490.568614377294,-74.00190014348817,-81.687533603946,-159.10154025838662,-169.51675071152277,1.0
4115,4235.00149891379,5613.123644258299,-5866.253428889579,-3248.067015234608,-81.23783116907036,-84.88746619576663,-166.23904006502218,-172.380653220736,1.0
4116,-2870.043062019501,8010.7742824217,-13956.41164750984,4353.313146255012,-72.92809811894143,-81.93441632970303,-157.4422755036614,-170.78219116890727,1.0
4117,1312.9620335444545,4599.004054299322,-7174.816602024511,5472.270704345909,-87.25852267941391,-110.67216797918178,-189.90360128541488,-146.8174658372077,1.0
4118,10011.547158807398,-3013.238484235226,-3766.171442603987,2678.603964404799,-75.6184167613047,-73.79757245552848,-162.98983710798043,-160.58691657064796,1.0
4119,2037.9784573257518,7134.015581065464,-3513.495186364225,4491.927619486641,-86.70833916757528,-71.61547110520412,-160.03178798366875,-187.2901103597579,1.0
4120,5257.6784411101125,5037.4360533549825,-1803.5137039896395,2287.693458958534,-84.24804237454433,-98.57726503426261,-177.35261214538485,-172.38574641772507,1.0
4121,1141.9579556896524,5460.474371324016,-2355.438525970029,7632.237563801193,-94.83759989861697,-69.34827457225524,-151.19734622523472,-187.56312336270315,1.0
4122,6052.600779043314,-768.7365533716127,1318.661848091724,5303.773526845033,-80.08297280037118,-104.35131076685987,-181.24896632587257,-158.34417252898714,1.0
4123,3920.1024377554822,1820.7794594183874,3220.5553786026503,5610.2915073663435,-77.01109235312332,-103.1931474823027,-183.39969241130115,-146.13551586769282,1.0
4124,25.214621383946145,1448.8507357516633,-6927.023175865376,7078.456308435991,-85.87744525644368,-95.36951126808907,-168.05179232119,-169.56733312690866,1.0
4125,11931.013722581642,3547.11390580975,3038.2476050609735,-4425.766137685027,-79.29764494091461,-94.32025204864833,-182.74570813688882,-158.80044781063359,1.0
4126,1897.2664351340334,184.5450298125675,-8213.021354781331,3355.7282227260594,-81.75274535376316,-107.09756812435302,-171.34239959523396,-151.8658175121865,1.0
4127,7154.104507136975,10062.350555401612,723.3703477763371,-2649.7850535841867,-81.04835320994582,-89.96773023660849,-170.0649135391992,-165.454522531123,1.0
4128,286.24324097046207,9987.358882664323,-7072.472164014258,-4401.025457957204,-80.2734122111371,-119.9504063089969,-181.05160459592184,-172.819724911492,1.0
4129,-4883.6333284772845,11290.649132899216,10684.398993973082,5307.703143478724,-83.94334839062778,-78.62365448243267,-164.20449418124775,-167.279981803428,1.0
4130,2330.2848700296267,-3539.198498859651,-6230.291717562982,4502.200350245268,-75.56713170975296,-93.32164826469912,-175.7636521491869,-160.16880315206308,1.0
4131,2555.2470569150305,1981.3280572388321,-1596.232187002026,6824.762333416364,-68.50683485845171,-124.39031221083638,-187.3446369965821,-152.85939471361613,1.0
4132,1551.066474707142,-197.2916215750713,-1346.2818689004266,8318.767846963636,-77.76828001828581,-76.27043845644818,-176.1157169478726,-161.86678236300793,1.0
4133,857.1131913656474,5417.16308887286,-6307.491707383,-10229.532557446442,-71.28418154027403,-65.75592142313876,-160.0823828333462,-172.11206810059775,1.0
4134,5135.659568233232,-2539.8776287500627,-6792.764493206168,1876.4208976520338,-84.11638838188664,-73.14877577268746,-164.58267490126676,-161.01036882807395,1.0
4135,2604.867981071398,6314.690584867886,6592.846350721512,9023.397106091476,-81.89762247525971,-91.35471563345301,-172.12774933601582,-161.9915651737743,1.0
4136,2057.682364321617,1190.839465639874,-4747.992425502345,4979.916840273751,-80.14551743232076,-85.29948697634912,-174.8243602373049,-150.54906684092197,1.0
4137,1496.7838545802747,5328.119700914533,-2416.5689103741715,-8279.092666673909,-78.83154801058475,-90.22431986732846,-178.1371588593683,-157.76931059622953,1.0
4138,3898.1914852146547,6045.764077844104,-5500.929614500014,-4564.35146901272,-75.98499759997108,-94.94926102393718,-171.02946550717982,-150.5724553150161,1.0
4139,5729.429779795108,-1554.9815014717008,2536.217167358226,8493.652626852932,-69.82667642990207,-89.72093141367763,-179.3885872110211,-170.38146913787898,1.0
4140,7924.101009991851,-3503.887362434741,-5133.252689106314,-1052.5226511807398,-84.5072653133226,-88.6086233786829,-166.1976725053288,-169.0302661377886,1.0
4141,2132.3104984940455,4199.620064711999,-13012.20391729974,-1190.068618561862,-77.71823706632526,-99.0627208444216,-177.74090411058393,-153.67697429580963,1.0
4142,8826.630973106689,-1406.4205307835623,-5082.417494210075,-1000.6196300401249,-74.25156021680215,-91.17598732715216,-169.80403865597407,-154.69898985758516,1.0
4143,14934.478358789593,-1155.7629787703588,8629.585146871303,-2147.5545897681586,-78.4710475408782,-105.1861983463413,-189.22808123776093,-136.8818865504774,1.0
4144,5153.43957407469,-417.89201340878225,-530.4018851253925,3037.8483257915154,-73.71769636640522,-89.61349850550026,-163.78769803236042,-161.50606173418527,1.0
4145,11956.681882126792,5242.59638226434,-9723.158852094508,5314.574725180643,-88.30882198571861,-64.50862077436817,-170.85745913602256,-162.76091340134946,1.0
4146,10184.584915500353,-7247.2081141238505,1594.329909261781,-2027.0705828513203,-81.6069605673503,-117.49438721029884,-182.88235377811657,-150.30998690872508,1.0
4147,-3173.22291283944,3609.263340655771,-4558.337102771732,11516.27605872694,-81.43556546787877,-73.8032044673343,-157.2073281969069,-180.9838315673334,1.0
4148,-3722.655920585083,7202.889802301314,-10452.595093796785,8191.138143245219,-75.15766668159105,-68.10152255330748,-159.68198960167624,-171.99536047136127,1.0
4149,7818.2648069267025,273.16355909877154,-2684.8508891731926,36.308661066426495,-76.79429529660115,-80.64483396815058,-165.50948251746925,-177.6340516829561,1.0
4150,4860.191456902653,9474.286683252338,4811.670689321724,7106.947606661153,-77.14552153131872,-88.89728975680413,-162.75998973444868,-161.8154735506708,1.0
4151,-4317.019418700576,5207.9213297447595,-10839.350591405288,8317.648660674178,-60.1222883995167,-138.33862786726854,-196.1050283921694,-146.21778400566893,1.0
4152,2240.2456177097038,298.5439153659364,-1709.1716610875217,6943.434883338427,-94.1573332494614,-82.42359593109259,-159.94586411222667,-163.95719735354658,1.0
4153,1510.8237202071368,8045.402346259842,-3120.386832403636,-4890.471856888665,-81.0488032133989,-102.60946418852792,-177.24789961955963,-162.80084681488404,1.0
4154,9100.0719744746,-2839.789831234747,549.7442990395381,575.5805657025523,-81.54704531907508,-61.306919310873646,-148.95755561730917,-164.79586134183236,1.0
4155,5089.5381187233625,5013.376135046898,-4931.301529675447,275.6810275586523,-72.24785273576472,-64.82090930082323,-151.88277193107035,-166.5843361134941,1.0
4156,-3215.00579185143,1618.2531442786487,-2509.8634761596427,11972.105453743634,-86.32067156491291,-73.83296259461964,-157.01136116918858,-180.10539730842595,1.0
4157,-4065.304376472785,5906.766787252633,-8111.393341289615,8834.810459041304,-72.85960652419982,-83.86221166581615,-171.96771826156248,-174.66002750997592,1.0
4158,3858.822553521453,4933.819290217121,-7951.897923919827,-7566.186380004699,-69.89668847582948,-80.66572008314994,-165.32242900621338,-161.37318969237387,1.0
4159,14185.68076774473,4702.3286277393645,7248.443454750803,-4247.961006771936,-72.07622867187358,-83.154564070406,-165.33326240452564,-180.26574414669216,1.0
4160,7499.534473028369,-5546.168950278501,-3580.7669245546244,-767.1728894635286,-72.33581787404405,-74.72516379662451,-169.84614133343896,-168.51136704745036,1.0
4161,12064.979229741437,13692.038152984253,11837.78081712707,-1071.8955980596631,-70.49046800435053,-70.26250112287786,-162.85481015111785,-172.20983321024448,1.0
4162,-1021.2326362269101,6073.2311002020015,-20696.784886633934,-230.61952743845993,-75.32390323810536,-89.23489884701068,-173.5943659259377,-179.48881544519145,1.0
4163,5702.81903238712,2569.240955760983,-6831.586339308669,1813.287237044797,-73.74063931951609,-95.34987227598592,-170.98486789929098,-158.8281681159154,1.0
4164,12241.733291370985,-650.3202442586536,-4516.629705379365,-5292.932924289688,-76.72370028081204,-89.77608311438775,-176.38302975955136,-167.95387273528243,1.0
4165,120.1662428786845,5412.735112042758,-5160.47926491836,5883.249869383174,-80.10923737933155,-79.47353236810615,-174.54296416481304,-161.03253635211584,1.0
4166,8956.13304719301,8106.323194070064,3052.399214067314,-4392.3406827934405,-70.94425367448959,-87.49421983985334,-162.6111637531586,-160.27684424340333,1.0
4167,9741.05116591151,4473.23377692403,5106.775172516653,-2322.247144886346,-81.0370389587613,-75.14150048252765,-165.7391120820652,-175.61502930423381,1.0
4168,-12466.873597393893,6452.045831063316,5165.4154076472105,1327.9813833677822,-81.73445672870649,-86.77631545284294,-171.561615228522,-162.95985117246622,1.0
4169,5356.7307843676845,-1897.5126537390613,-1766.0962992959583,-8656.40859145208,-72.7316056176855,-101.53919579101883,-184.39848806506157,-152.14954776159752,1.0
4170,12326.117182710339,30.923079142237242,8420.844799772314,-1050.6532648994935,-76.44753208142188,-105.3293996573743,-173.11184033303513,-161.29350521726877,1.0
4171,5765.941656811252,2811.113986136653,-236.3716265635909,2797.5263436644536,-79.05020166893875,-100.1519095629897,-176.7116812890755,-162.21999958088253,1.0
4172,2615.225557768792,10071.416682663867,-10398.455644587842,-6396.928746603886,-69.51446702873477,-63.37417630837869,-164.27956469579408,-164.44949690297065,1.0
4173,1602.1246422245786,3595.8449873657405,-905.0379780801583,-2232.180290777791,-58.89707842326362,-84.08202363165705,-172.88874687055048,-161.8474452613072,1.0
4174,254.89770878316165,-725.763975550945,-4376.4264446177385,8765.700318212912,-77.29523538544157,-68.69739963205176,-164.4417014649465,-195.82344979753697,1.0
4175,-1976.7386244111526,4946.012375615755,-11339.336202312921,5150.2257158533785,-82.23591573524887,-87.24859282920315,-162.62865073323334,-163.17893504347725,1.0
4176,-3858.4961352520877,20017.845005339757,-6921.999049207296,6591.965432779096,-62.97322984705738,-107.79212462702097,-178.66305046427297,-154.31874598898634,1.0
4177,3669.5493148634773,6541.365292772031,-7080.539183994763,-2072.888254181598,-78.94842806022741,-105.38940611122783,-182.97492307549348,-160.57106413721877,1.0
4178,1306.0485543416207,3772.1582232426167,-6404.986147348547,8043.359784612378,-71.21416130131938,-78.95471879327464,-171.83748305893897,-152.08396654278908,1.0
4179,-774.4323497736407,10743.531766745815,-6568.436539969239,-2830.206769371933,-91.83724739351749,-113.37611444581209,-181.14348421251566,-165.162985549283,1.0
4180,2778.2611737761563,-1226.7764065916995,-6878.394690986101,2974.991286754146,-82.68490934494848,-65.20580418116357,-161.076642627513,-177.45310827897865,1.0
4181,-7383.39410732646,11415.675265616446,-10703.497845412912,8118.075452000211,-80.5520226862271,-83.5289966072139,-165.68522811314722,-171.42580213497146,1.0
4182,7503.999750766829,1186.6780278261558,-3978.4082150170757,127.84323449763946,-73.27584321515145,-85.48228430650664,-171.97799563335101,-154.07573990304505,1.0
4183,9167.210785989862,7094.758253271353,4255.697087716029,196.68271900648858,-85.7661610729983,-93.99024504281559,-166.95633579673037,-166.99536167648847,1.0
4184,14417.094120243817,-520.3194215706044,-7982.451483074524,2723.2763973310116,-68.37814172700824,-92.32296697754809,-180.79591241233476,-147.1807264954793,1.0
4185,4974.202281787418,11813.239095091982,-12851.5118060869,-2671.833100042951,-69.44869520065701,-100.48168270928923,-181.47533556105878,-151.0344522317467,1.0
4186,8789.765518435644,11609.91385805177,-4301.489174281433,-3134.924420818098,-88.42315298847753,-117.00167837544755,-181.15829065511352,-150.13027296933365,1.0
4187,-1531.0358470459016,10123.6989957157,-4617.938037748047,-5300.145245882652,-94.41766769486716,-97.54791575662972,-178.1450914791608,-173.15243110175624,1.0
4188,10521.872369272023,5228.23259249524,2720.3342174358254,-1373.9857578705457,-78.31294907804288,-77.66794117778392,-163.15008600025092,-165.6924307115314,1.0
4189,-4535.197532817107,9372.076011399431,10313.95832023456,6090.563268781269,-73.97685084160034,-84.46004401545773,-164.42298935394126,-174.13649146749412,1.0
4190,15112.989018269967,-3752.0161963591813,-4503.737458834657,7185.632075724028,-88.61034136163369,-81.12419843821272,-167.3069193714622,-167.6750567618037,1.0
4191,3639.376394846886,9754.572329433684,-8889.416221779564,-3567.154499162392,-82.15150319384088,-74.45630993832768,-167.37906177199918,-167.45679809847906,1.0
4192,3528.337249299803,4455.72813477287,-3349.683015941229,-414.4915788819814,-87.3109110313394,-85.66878530111714,-161.94058520428263,-173.30594424041834,1.0
4193,9105.315176172377,5590.642798353678,-5509.158789817975,5869.881019277917,-71.0864145886439,-72.75474773115769,-174.9145559535295,-167.78112683610328,1.0
4194,4053.7122623051837,12329.051602648471,-9408.895592738554,3340.1546171650066,-78.12028435449668,-80.05891731066778,-170.4460116140828,-162.82657653881077,1.0
4195,880.9789895919548,6520.139179530705,-5581.269883690588,-3971.081223986774,-69.66306958098599,-97.74363871719807,-175.3719960956019,-168.59301492026103,1.0
4196,-1388.0404121325455,4738.154645121454,1456.9802850740036,-6469.557710379011,-78.14449587697496,-101.20334098643832,-177.29930911512577,-153.39375594115154,1.0
4197,4938.219680406994,7494.876190068572,-7401.478503590908,997.8281342577824,-90.25059807676881,-73.03570180782911,-168.91176892045036,-177.8351262724678,1.0
4198,-751.0113384254527,-193.14336837772217,-1194.1561911336253,-17074.219642889842,-78.43770230942236,-70.59791427517146,-160.99471727422105,-170.57034072217488,1.0
4199,-2775.5779574610365,4776.067584142521,-9564.228960698334,9282.10549014434,-81.31191907180649,-98.5369740758604,-173.39814064558095,-172.22995871216258,1.0
4200,9094.11504838943,-4776.615357856599,457.01820708011587,3386.168092934628,-74.83518868587517,-86.00889364423792,-172.40247681425413,-166.49025073513,1.0
4201,5867.83608141389,4489.332969225436,-4781.463062943075,-4334.286967272684,-78.12992010363514,-84.70606098854482,-158.6986063023068,-171.09544822292952,1.0
4202,956.7616438601099,3001.707218891999,-2298.7675677024786,-8439.495138868686,-71.19054292492874,-96.85408670408701,-177.577491245358,-170.6256419606014,1.0
4203,2084.503584523467,1573.8949938566966,-2352.7940809894894,-8065.108996727367,-78.01121961856992,-104.58495763823011,-183.7624486746551,-155.5003960388106,1.0
4204,-2516.864464079629,1660.2955883823624,3907.607896561346,-8549.013473894523,-88.24919471018798,-82.94080162949169,-166.0492320036604,-169.06740117626487,1.0
4205,5607.76576341241,-1316.3402916974908,-3642.5295043419983,-10320.75867050758,-82.84795042058437,-81.97443321492094,-164.75026307913657,-157.0801380435524,1.0
4206,-2640.386358428326,3833.0553367678754,-3475.619209310493,12004.360156024017,-80.75862923424545,-82.22524342893458,-160.00548224239722,-167.6824481061161,1.0
4207,6007.810228662481,1941.6091237481203,-12093.095565784519,-4147.4697926384715,-83.11031366791053,-68.06481376322218,-161.48914965472508,-180.67044918108158,1.0
4208,5877.236982509752,7911.7892096644355,791.0547448952418,3072.841749584454,-85.04611755207317,-50.259733208606,-147.27062074323328,-181.4648543587425,1.0
4209,6167.743796396306,-2918.0230401595327,1520.6834415175697,6226.811245511914,-81.6576930869094,-62.97315471197471,-155.20823963390984,-180.64917022224367,1.0
4210,13295.8682092606,-288.99569812104266,2031.5981616263011,-2703.8042624400914,-68.0069551349003,-88.15489861794359,-172.1744761656815,-170.61942994165543,1.0
4211,-3057.2982655439787,-1388.7619895358464,-9939.064615031115,10547.560990722268,-79.28093004932937,-117.81959237196888,-185.83638550753727,-147.0252679264971,1.0
4212,-1690.7703301235633,8119.40237710912,-5220.727005637694,-2084.198207181116,-85.38729820768103,-58.59267079782556,-144.1452978647342,-192.50907166028543,1.0
4213,-743.9190492828316,11388.387016348068,-8764.186279561387,-8065.991020878591,-80.08779300963792,-83.462410058338,-169.20801495972393,-148.77363111434397,1.0
4214,-568.5865989919887,3730.8767857599237,-12490.045705932891,1999.4834906435294,-87.60881693590626,-59.077992881529,-150.53366387660907,-171.27550961488518,1.0
4215,-244.60813743254351,8759.922605492611,-9274.063260580233,3397.4482421629264,-82.95637487495918,-65.57246737757468,-155.78988092072973,-173.28900968445518,1.0
4216,-4361.296912408267,1835.8524522076546,-8380.829527512387,11187.662627416057,-86.20738978976449,-99.70886817199398,-173.23362714492998,-164.5629527385505,1.0
4217,35.1321570784453,-2822.486959500132,3490.3239135472286,-9647.277355404303,-81.01525554687683,-100.95792526604349,-172.20406991692698,-170.8309704766175,1.0
4218,3719.6226258142406,1726.3784861464935,-6146.254702406339,2982.540781298605,-79.00876351869996,-111.52442493681585,-194.91897466376764,-139.52244006573645,1.0
4219,9621.314077723158,-753.0253311791397,425.8623654699529,642.1012306659093,-81.77533928727506,-82.26646584089244,-156.34986577624798,-169.66567100803317,1.0
4220,-2792.3153666798526,-1178.3953185618539,-10632.004934534956,9255.725571876676,-74.59120874651325,-88.11762316085056,-166.22003538340115,-166.46716564036745,1.0
4221,4814.110516141351,-5265.290850584222,5142.164269510424,-1607.915439684125,-70.49171017596308,-92.94416738638225,-169.5903643348076,-169.75758353610865,1.0
4222,-9348.708912844619,5852.254725337544,-6181.129308004529,18754.391626934786,-79.03194867801997,-81.5894831516547,-165.89444521958504,-167.79533815981614,1.0
4223,11715.61585504444,20.897202403692194,2201.9686392057165,-4293.685923597723,-91.97603339480726,-65.49243257014058,-153.76757542164216,-189.1836517609653,1.0
4224,12247.927915747006,-2603.283785938457,6513.2459711118745,1146.6222373418268,-83.9753392338382,-109.87826494141397,-186.56968267093447,-159.99131985729974,1.0
4225,2279.0826733312692,-6777.737209295355,-7900.558146792568,5901.233099864176,-83.02562864206608,-106.69595759361448,-176.20340466687222,-156.36895726104265,1.0
4226,40.826942673043206,7356.883090827758,-3237.4404471957787,-3785.247171797931,-78.83843110332835,-105.02460663448973,-182.57351617881815,-159.63400156907286,1.0
4227,4839.543238920729,3445.4083670098184,-9632.176655109743,-1715.131558854242,-82.33157490907443,-82.93309166436121,-166.57132217257484,-157.90094743028646,1.0
4228,3796.707163766679,1626.8403803381266,-3100.301782245576,2772.853376140806,-74.68634547692838,-105.06980321666953,-171.1779597374803,-156.0334927811975,1.0
4229,2104.8989132222528,-2097.022482014514,-1071.0428729344583,8212.887479367004,-90.34786005836224,-90.63069007178461,-176.98011333660725,-168.0248706370562,1.0
4230,1207.4505552504284,-2977.1681233796257,2351.3668983912085,-8676.298509417325,-82.52149328825247,-81.64780863007509,-169.69226942043255,-165.09667672132457,1.0
4231,11796.090165419442,-3747.045026242733,1669.253755741669,-1702.5640655832376,-68.42638713552448,-89.6429070299626,-175.99376241944105,-142.0439069893216,1.0
4232,4957.8117885551155,5706.519118961593,-7157.630618870255,1052.0101873691078,-71.16939474479454,-102.35298563213593,-174.7740440895939,-149.78560357576177,1.0
4233,8583.444020864437,384.2531007359713,-3774.952441576535,2112.714592561972,-78.38421292733098,-68.67548065153713,-163.44240727667432,-180.8547637930726,1.0
4234,7123.140567377709,9097.433449307557,-2595.1504812917865,-2013.9343623491493,-80.86871526032957,-91.73385276246982,-168.07741600501652,-161.00463081130275,1.0
4235,6617.281525849156,173.5067109628119,913.4697532121137,1369.0675050522852,-79.44505127628055,-88.93607400239347,-172.43955464286807,-173.15099327233,1.0
4236,1553.1114646943583,1727.0818653587282,-15831.678270634753,7.74085790211565,-71.5338510607503,-110.25308946968143,-191.77329903839507,-149.66611830764285,1.0
4237,436.13031852746695,12959.601485510399,-2565.040773841368,5818.826029636435,-88.82539410229376,-75.01691505529854,-163.1399522207838,-176.90819418590033,1.0
4238,9879.760316889127,5335.933967472287,-8463.926884514876,6094.982889877581,-72.09978712279914,-73.59046020588401,-159.1761161325973,-171.5086256443699,1.0
4239,3350.5452038611356,7050.1954572002405,-3677.231003755876,1708.7737200789027,-75.05975917041718,-74.20531325225525,-158.03159909873753,-163.00894362160116,1.0
4240,1935.4919632749377,-966.838651242075,-2575.9809406778904,6023.632349411361,-73.98879203489804,-112.70606651667276,-189.152763427665,-141.13582726737093,1.0
4241,573.4034624470303,1740.9088880677753,-159.279006946774,-4829.361142804276,-75.65070338619334,-93.25679232356775,-168.6321422145814,-151.8184371288934,1.0
4242,1215.5691849355653,11634.568995132602,219.55477973189286,8949.220787976952,-80.95738308735483,-88.44697749360625,-166.12001982686098,-170.1047410566799,1.0
4243,6785.873642298179,4186.369185971032,538.0784026358136,1974.6067720033789,-93.59272865897509,-70.14272944631549,-152.09005669945395,-196.14382401931084,1.0
4244,6016.203044403868,9815.790963381603,1080.945596041715,2343.3627269625067,-86.61651271582834,-80.7474828754183,-158.2608100626616,-172.82772176000122,1.0
4245,8112.236230379075,13905.570096933394,10019.613547274686,3666.8857609159913,-81.01421537538951,-97.59383543917184,-172.30339238780587,-168.2537635832739,1.0
4246,1171.505895127071,2796.3739827945305,-4512.902124597259,-6486.383874455168,-81.19509336666499,-88.23568142686237,-169.2997143982248,-173.79942773082166,1.0
4247,7307.069174147778,7301.970285136484,-2148.5553225270023,1204.9327362514152,-81.52653153277417,-82.55369582802963,-172.83139212563887,-162.71514546562724,1.0
4248,-407.80340988802124,7177.192438654057,-3026.1479623170476,5759.736023781819,-78.64480039004974,-77.17559972143073,-160.9670433953096,-169.7984070417026,1.0
4249,3950.7840185372916,4307.377687463555,-3347.654483775983,905.3874602812368,-68.43710523198375,-85.50712290255724,-161.61294292381567,-171.59536232681793,1.0
4250,7397.645808410577,7272.388571904747,-13106.067608219593,344.7319461646514,-75.60797239835892,-77.91685854288663,-164.41861322375595,-169.98638442460913,1.0
4251,9205.541195819951,3714.7066973249594,8908.108811720764,2738.642849480575,-81.12760047450271,-61.778565466901306,-157.14897930256197,-171.51057767671847,1.0
4252,-3579.5212510147185,889.3136659068155,-9246.527682962398,8185.81048271499,-73.91001032949997,-85.05178830416328,-170.3649717912374,-158.3743836972967,1.0
4253,512.1247689213409,-1048.5137620520848,-1606.2010047866968,-11384.725837560734,-79.13363082079638,-57.406551598865235,-148.61990522845926,-184.90405787409333,1.0
4254,5220.484416149196,9218.747235571487,-8615.774410864662,-1933.6359191991016,-74.92947163076067,-96.34548579280164,-163.2102158957794,-161.3852088787323,1.0
4255,1705.771983620316,-627.2045809850443,-889.7658280231502,-12199.108031453772,-76.42109070902991,-90.85580426585307,-169.78740315080188,-167.94853218420437,1.0
4256,290.5928810672962,-239.8262023170692,-2291.0742900210057,-13655.15909737999,-77.12851231878035,-98.96485672346982,-163.002366552413,-167.88647111150965,1.0
4257,518.8098063008639,-718.7885315358691,4000.8083852375053,-4120.332335752015,-84.0727881183098,-81.19678638522221,-168.83347172484417,-167.4062775746385,1.0
4258,13252.504880518854,5542.279965680155,4835.542488404951,-4499.472960296943,-79.7111753231896,-78.92640923963715,-165.72066511649308,-165.83692493905798,1.0
4259,6198.541452603964,3450.8867989021132,-2636.0371947304357,952.1186331814175,-85.02569722948188,-73.73055100378295,-170.48621144913915,-155.88228778686326,1.0
4260,-414.1733867391406,5551.2369692363045,-5318.423600156372,4404.479094218295,-94.86416741447172,-70.81801816427925,-158.98106788302786,-176.67459794282323,1.0
4261,-1265.0165040427842,-1353.6213882248665,1109.7997804285824,-15117.5400147744,-76.19764830410573,-86.76570813159792,-172.65073528411878,-160.5916313038539,1.0
4262,2324.8294954554244,-1117.2430106984978,3023.5382370726857,-6377.053086420495,-72.50790749428998,-84.72600771301734,-161.08200913944827,-176.54238019195776,1.0
4263,167.06387646225497,661.854029206193,1596.1431316691185,-12621.73712599415,-83.03785903157853,-73.60641113475842,-171.265022845866,-172.06327740770305,1.0
4264,14742.919148116578,357.293813417082,7838.319625216512,-1037.8901643380823,-82.54005048710637,-99.77026764765078,-176.9322019301432,-159.45876709424013,1.0
4265,-1163.2302811831798,4634.8890994283365,-8953.011322997656,7492.880121104448,-98.42847583568374,-74.27419285449821,-157.74921031515964,-193.10673417459367,1.0
4266,-9412.925977978648,2128.4418762432274,11088.783452163005,18030.17176581156,-78.96349730549959,-89.27090023659534,-171.81775135914035,-164.00439453765725,1.0
4267,8898.773067048867,-1701.1093356053711,-2437.7062998845345,-718.3370068637829,-75.98003957552892,-101.46138924727232,-172.139306243289,-161.0719677189966,1.0
4268,2894.224010380312,-4199.000119654867,-6536.662592422871,3266.7761685956207,-82.68739412265944,-73.42787612824588,-154.7634618909883,-162.28715947563583,1.0
4269,3736.7472114787874,9271.905702949924,-8271.329545862927,-3085.249896554466,-75.30467121118065,-81.54606781003854,-157.79174212541733,-167.4289255538964,1.0
4270,-4366.253796830744,1154.6310883188023,1732.6765835957135,-1507.3567409126008,-85.68693126450603,-100.67908138765837,-180.7682450042855,-165.16369344312807,1.0
4271,3211.8511849512124,-533.5701343029071,-1235.5782082801916,-1733.6522226405855,-79.61076881244408,-86.05072701278638,-169.86120162994774,-164.48541855628844,1.0
4272,5013.3261528256535,5327.0992588743065,-2059.736446008606,5200.1629043610865,-76.58765536936339,-93.420768187839,-176.2417253856457,-153.87542866602365,1.0
4273,1503.5550052720196,170.1968461489667,-996.5238232278049,-8166.872853530903,-67.72850076846497,-91.25759500240174,-175.36059884599467,-167.723261149392,1.0
4274,4193.630865301286,2601.267571037986,-6436.182286788636,586.599630274729,-73.75768511020276,-93.78594211718257,-175.9906492253388,-172.59488473630213,1.0
4275,6850.571301400043,2601.459166394627,3687.8370558531014,1623.1417991642186,-79.13025889473252,-68.41598642235823,-161.00696240590878,-164.60850772265957,1.0
4276,3271.1780042620135,-969.1083991178657,1902.7113464925649,-2280.2189570492474,-87.35824626003972,-105.77658642861184,-189.13611041533707,-161.10071855689597,1.0
4277,18043.984125876395,-7994.923606312525,-2823.8361526091835,7997.70867676244,-72.11575471519278,-105.5372479678365,-173.59252305311895,-176.93685709892617,1.0
4278,5299.382799402852,6752.468225850737,-7907.341020624443,-5258.604825733773,-72.89817197114448,-106.36849372944427,-186.1941300262816,-155.39447822210016,1.0
4279,7320.213796149593,-231.13156305477656,-2061.1705525549264,-1099.3907840346249,-83.4476861660527,-77.48936120924026,-159.81758702604762,-175.18232088953212,1.0
4280,-2647.121103366533,3759.389268929194,-9587.865851638266,4883.2355405799735,-84.74547750929743,-87.00437525235748,-166.07711035573564,-175.5739863043706,1.0
4281,2507.935741714777,7103.389105527584,-3231.227286129033,772.9888733830426,-90.8147766831979,-89.72113036262785,-173.90586777703547,-163.36570630393143,1.0
4282,2602.554614611406,-6726.518195969428,-2437.347941658341,9744.09168425617,-89.20260842765428,-82.4911310118856,-168.9424687151776,-166.04182760174817,1.0
4283,-3843.1486128683464,4327.457305752797,1145.4571639190299,5223.205142230519,-80.18372452849677,-81.22828668807138,-171.50817312858925,-152.24823749040317,1.0
4284,1083.676218368148,5075.815007482933,-2821.831983929264,-5078.278900306866,-67.71759145685391,-97.7765540525573,-175.98951366240982,-162.92686854948087,1.0
4285,833.932071444115,4665.845393573402,-1553.562980240316,-6134.191452347792,-82.45466111467121,-85.84039287976465,-163.74810083783763,-172.2476208851394,1.0
4286,4788.158303310711,-4038.5681432127712,979.2422027503371,-8071.55372243505,-85.43649053123406,-73.74063349098661,-154.4878805684705,-182.06529856255233,1.0
4287,9333.461881315803,-5278.828553741894,-657.3562122824965,-5705.3194262754105,-83.98301313228123,-73.87012883308716,-153.54962558108818,-184.52836069950976,1.0
4288,-4571.29196710323,8670.449326721835,-4499.820202290165,-12820.8033297853,-83.07794349913837,-68.42303156023965,-151.03763220914072,-178.48221517356856,1.0
4289,1145.2726216307424,12963.752016175386,-10054.44316046956,-3235.168955806307,-87.54412544100047,-119.2934175211995,-178.45749353832824,-170.81433328503323,1.0
4290,1769.98193166782,-5617.128760665466,1962.727638205036,-10338.947417808906,-91.34182062602835,-63.33408353019442,-161.22063393041563,-178.11881471026666,1.0
4291,-2579.47592206219,8253.629282923404,-1520.3964408370578,-4830.7065498373095,-76.63575423075503,-108.01794797717046,-184.45567169349377,-147.60475905807306,1.0
4292,-1225.5214875690422,-1348.5022666241239,-10225.436948447254,8836.881011843634,-83.07464748920356,-70.75839681247831,-155.14647808490798,-172.20200000409085,1.0
4293,4658.836488619066,1358.2690638438914,-1991.9985781384728,-2280.785433694237,-81.30243209593435,-95.99773127760983,-190.48519808090253,-157.07009160776522,1.0
4294,7987.375528473772,1184.0652310341454,5095.766184337574,4302.712580578816,-75.10788887834583,-88.07697598793791,-181.16971751941875,-156.66637652662618,1.0
4295,5423.2094442330545,-5622.9648875803505,-1438.7407172531684,5491.471936100815,-71.62034985842325,-92.78506231027214,-170.1148511110565,-175.92374740772505,1.0
4296,7789.684010523224,6264.252267993811,-4424.933394547324,10112.140304330062,-78.67558957422251,-86.10736654407648,-174.34193028679422,-161.09057256761204,1.0
4297,3942.610670937949,5860.507681933728,-5367.666238249266,619.0253427832566,-83.82178260031498,-77.69868559878063,-160.3924244348117,-186.65762376558828,1.0
4298,-3500.327619645479,6149.372466106913,-2939.576718814742,10948.756774578495,-81.58142276978235,-94.62850275705779,-172.27493086663742,-155.79639870706373,1.0
4299,4052.166056637801,-3593.9859795558477,218.72799130355514,-11902.271843603949,-80.31879802250623,-113.86447650584249,-185.14654119814514,-158.5466445706416,1.0
4300,1312.1722996896094,9512.007253807396,-7272.222501672388,-3932.890318107553,-77.57583289083611,-113.87482586486212,-186.8822675419682,-159.31053244622197,1.0
4301,6718.065687803341,-7976.636218476756,-2090.1146959525113,4783.3681714706345,-71.63337341873525,-92.11465096362366,-183.22168175690325,-161.13080762931398,1.0
4302,9748.851965010368,-3946.92093293296,-2151.3907529382595,1364.0790303472436,-84.30800473281333,-84.40534282407963,-171.8635492254011,-172.8010885720583,1.0
4303,6844.7988491368205,450.0242660466758,1122.584377286787,3956.619075674701,-73.56015673822056,-109.98533820176563,-186.15122974812462,-158.8460257175263,1.0
4304,10301.152699485174,-4734.321304562583,-1116.1696427518182,-1233.6064494446139,-81.30294714217916,-71.95381765020025,-149.9103887258981,-171.38686573078803,1.0
4305,6576.4737522703335,9086.934188554575,-3359.754728117956,-1538.9335896610637,-81.31144302474004,-98.79468683833633,-168.43490002322494,-166.4355080349244,1.0
4306,597.5490543965609,-1050.4360466075168,6327.32859905955,13076.49005509729,-72.60183000642961,-120.65265370373419,-191.30175343919743,-152.05781748826405,1.0
4307,18325.044536271915,2474.5646101873303,9184.289442617961,-6052.424603016973,-70.98021795706254,-99.73417214930788,-165.9172089127613,-164.51782100222275,1.0
4308,7678.5413496138535,4510.274921699512,2284.774529541163,2851.7921947574628,-73.37072444646543,-102.25950187248456,-181.21000539123895,-146.55006472880243,1.0
4309,8555.768413152775,6641.145289343059,4484.048752725974,4652.708435325349,-92.15768910924041,-67.84542632496283,-157.5161279776433,-169.36920540754826,1.0
4310,716.4647997653533,12291.67469126018,-6308.294086796094,-534.2347275317727,-89.08369374875127,-77.75163164920443,-158.80064818152894,-186.96371439079573,1.0
4311,11890.028352606794,4309.573137049235,-9816.532591418581,6136.008024860383,-81.75860469490956,-73.86691031873121,-167.14333288244822,-173.83132836901092,1.0
4312,-3161.186869456966,995.3376176291844,-13863.03447020478,7753.64284050978,-74.15416947088337,-81.08029203100301,-169.08992583251057,-155.48614808818414,1.0
4313,6428.1631611810735,-1718.6735114534836,-1034.7437385574522,-2235.9770554003176,-87.24879870213623,-63.21152879656272,-158.20565537619495,-166.41533610836186,1.0
4314,2214.3823754341943,-993.1833377818848,-3915.501187179739,4047.568600657785,-84.03790568597292,-65.53184944568726,-143.2146439920846,-184.0254720241509,1.0
4315,7057.751579420939,6925.978586728528,1450.5757749862842,-667.1096803542312,-76.79457755495908,-61.70095729659063,-158.52216304854582,-163.58842586982954,1.0
4316,2335.6957156916696,-1261.4702035570526,-7787.95519187203,5360.16912412524,-87.53809461989078,-65.93335979577625,-162.4999594617656,-180.5380866257281,1.0
4317,3257.9813769022294,986.9854137461607,-4402.467816846333,-9817.191262490769,-70.29480073091582,-93.32807093061407,-168.81607658160817,-168.2631612750761,1.0
4318,-477.65977370550104,9805.72746535943,-7193.956416095863,-7511.382669648224,-72.24600832457821,-57.097124628234916,-163.61731698770157,-149.2214899234815,1.0
4319,8724.766749731083,-2731.595004361515,6513.738513423145,2917.578199403014,-92.7546026356285,-84.1898962188707,-170.45027702619367,-170.997062804499,1.0
4320,-8643.317894164878,11802.720147371465,-7652.769801474362,13005.724788651078,-81.72039788732631,-76.0867506381752,-170.7004243250288,-160.10160718689565,1.0
4321,-1653.7353619619864,4067.1747623069737,-304.4862410289908,-4590.103967752623,-64.20160780843975,-86.39880398851527,-170.02186675884784,-170.6918300059722,1.0
4322,8616.818387649053,-6556.300145081762,-2433.410823227371,944.534342945186,-72.92735677511749,-102.79772836477837,-183.25603428570355,-167.62757341043832,1.0
4323,5188.616228971814,1464.1817235887436,-6099.6788903740335,2992.072958476253,-64.51361886938533,-85.37960041271975,-169.6921197162122,-161.8832063142226,1.0
4324,-1040.1769309235945,6225.169330165915,-10669.238649269199,4856.734145085248,-76.50430552949813,-103.6909533873956,-173.72631740036607,-149.54178585457788,1.0
4325,9256.538904877134,-2545.933602629249,237.60761466311519,574.8688514364146,-80.22232308899584,-94.73654837915996,-177.15810953406242,-150.25015282023733,1.0
4326,680.2779249077208,9760.291660808185,-10781.507428600058,-9001.282788765848,-62.364853562234956,-69.22379044003323,-163.93366742195676,-185.95786281022026,1.0
4327,5024.186419495013,15501.3475837202,-14416.029655481567,2837.7187621534677,-80.05301953970778,-116.2812655514419,-189.66207954442356,-161.8535706545545,1.0
4328,2833.84788510413,1952.8612386902648,-3015.365868599843,-2926.608892699977,-78.86672737149266,-90.61588918500294,-173.49395450161106,-168.79875218796806,1.0
4329,662.2295103491757,1283.0054456154776,-1027.9633301788654,-8585.24520657734,-73.64452835944012,-110.96794169741018,-178.96285617017205,-170.90929871042056,1.0
4330,445.51991224830624,9940.066346516527,-12208.613060871216,-107.15537565925581,-72.56498005144134,-104.53912791984735,-170.88439769227426,-161.5833699021831,1.0
4331,3841.2668448578193,2832.678221478419,-4577.82108166972,-5821.12578774883,-78.94994647422247,-62.366692067129904,-158.33161924447742,-182.1880108802455,1.0
4332,158.18095646832654,8549.569636892402,-5913.121836875411,-5695.210423852636,-84.73565734380539,-89.24722453432948,-183.28224204402733,-166.63955965620997,1.0
4333,8497.272914595475,7368.307117762477,1956.74217068006,-519.3026785601593,-75.55755002497128,-129.69151932796626,-191.54309715564017,-157.48728306073897,1.0
4334,9843.704159152025,-935.6703135812228,311.1298716042654,2396.230406840228,-77.57015331453718,-89.9432087927047,-166.44243038224485,-158.17193583675441,1.0
4335,1549.021452658633,5248.254760530313,-5882.83903067987,-11537.3705556804,-71.70173999097906,-86.47565332339536,-174.07039110779908,-161.51484399523048,1.0
4336,358.6355599365101,769.4132261473618,-5620.136647617888,8308.925288872591,-68.9700253495514,-104.42186467086238,-181.18257085640803,-150.6946846007918,1.0
4337,3835.5969028547,-13.741590036392637,3499.712746166385,-4890.388017016288,-80.26705016470399,-105.2628034304935,-175.55923073506563,-157.36164812265406,1.0
4338,-3743.445409843831,2639.8525711088405,-16323.319752421632,6973.87942972737,-86.14300728117438,-85.8231990390023,-171.6025465705049,-159.2213824953331,1.0
4339,6416.36079706194,10340.979939272918,-12750.24245156067,2736.5858405408108,-101.06455489374221,-69.14864273286578,-158.1221572450764,-176.53322555133764,1.0
4340,3963.704969682955,-1005.9936118450908,-536.0204155828887,-6096.248700963624,-65.12778919516167,-101.45522479488349,-173.8448011250656,-177.49669046417318,1.0
4341,2201.744207629239,-2193.683155961733,-4116.394880090652,5644.191509994574,-82.4262581840593,-80.73989883504478,-157.8010733268014,-177.42197553136745,1.0
4342,6241.426349953191,2638.330471188816,-6279.475260476154,-5624.318674740662,-76.01115664299014,-72.36500792997091,-159.95851145848837,-172.78040008617376,1.0
4343,7386.746160155914,5982.136590767478,6107.524063667963,2073.484403577351,-86.58635636800133,-60.53230589022188,-164.54899928290504,-175.47629749785773,1.0
4344,10664.142550166183,6519.7104505448715,-8929.034406261599,7988.472015033349,-70.12362356348784,-96.72994929733909,-178.79565232353107,-158.7505768501472,1.0
4345,5328.087992868028,5865.349131073648,-5443.861629904978,-1024.562714406503,-82.07026311388033,-88.2410306831517,-181.6388483874362,-156.85922658319296,1.0
4346,4229.219017917122,1392.228978621334,-6147.982926027878,-9337.543147727607,-94.03482395811456,-94.0294598721997,-169.1488863676069,-182.8848066815705,1.0
4347,6776.861344460926,-1883.162511268012,-170.69580309857724,-2064.22890420885,-80.6898238838662,-88.507329077778,-163.57893169704377,-173.1238049563573,1.0
4348,-2281.1360250255093,12161.824835902844,-5627.7604446071055,-3400.2391465653773,-77.2437793576243,-94.44474545594069,-178.15468147574674,-158.71089615758788,1.0
4349,5802.88861626126,403.40262214488297,1865.9218935117608,6114.517336550296,-79.31790466519215,-121.18953488201328,-180.77943392015445,-137.58232982419844,1.0
4350,4310.869845920504,4252.094804289546,630.6652451320809,8200.726823549861,-81.70687623865884,-96.03148565038447,-182.17927975215645,-163.573770554024,1.0
4351,12548.360059216959,834.0573658690031,2966.8102301350177,-4641.148509972368,-70.81762942708548,-92.0328158335647,-172.75691635640428,-158.61510505977725,1.0
4352,8909.505881170959,6740.049703166614,3215.0354710361717,-939.1422778602778,-79.70753986076289,-81.71707785726564,-159.94900380687443,-166.5045408649688,1.0
4353,6618.177571129079,11814.890436050193,-12973.134436940805,2066.034541856974,-68.33186976403213,-98.41983872120696,-171.77159459280685,-173.51697630618366,1.0
4354,4639.143563069539,-1609.1337967633526,2202.189862830225,-368.3047169997655,-85.64793256129288,-91.95193876271597,-167.7619814969827,-172.1361021692672,1.0
4355,6135.527666787729,-27.442051066830953,-6064.127862527572,-5640.423219768302,-79.4377861052837,-92.38814968651032,-180.24711421463658,-162.21342123824962,1.0
4356,4671.7492463977,7440.062501951695,-5569.064273218851,1226.9241413889356,-77.70383839180323,-95.6233428710167,-177.97422971493748,-148.17209223392422,1.0
4357,2459.2708440373176,16260.738762586918,-2898.839832213501,679.2203898084983,-76.5932013655901,-69.53264930066368,-176.58918809984513,-163.49589130921456,1.0
4358,10350.429086213464,-325.7094331822747,11592.424948655529,5136.493212411289,-80.4142918128916,-75.1011775137088,-172.8699505926266,-159.3534956975885,1.0
4359,3605.282719452713,2158.4204615084677,-9204.506186683453,3548.9369460928033,-77.99141377141251,-107.70609028043714,-183.3447409452073,-167.52873273368434,1.0
4360,7832.357613624243,5670.477437959051,9767.179349885475,7411.041397959674,-89.53305729820197,-64.28860483716115,-157.45650391661923,-176.17444392313126,1.0
4361,9254.15056552111,6186.20464067981,-4639.465813189636,7362.350665333951,-83.13126230053982,-106.8022577048975,-190.6272490645519,-143.50758508923292,1.0
4362,12473.999503939065,15345.59106150019,598.578955584863,-8061.122464990934,-73.10283598120195,-90.9841417345657,-177.1574658125569,-149.93275652273863,1.0
4363,6602.837866335229,6802.997912394614,1983.9070677255318,1488.4660359178872,-83.18125469406675,-93.90558611822007,-171.15878536050275,-165.52185861444784,1.0
4364,5860.1780588415,9304.834307348136,-10740.480766605124,3197.376553025505,-74.08033245017934,-98.42522731613586,-180.60383296885965,-170.1505231721339,1.0
4365,533.6865215985287,4936.385248523905,-5651.194089705392,-12707.246530518383,-82.03842810567886,-93.54030624245055,-170.87625264909735,-156.58515116070998,1.0
4366,4431.710391722191,-1307.329287192108,2597.7462661321947,5261.460875649156,-88.81976459216213,-64.85806345780547,-165.50133395413565,-166.60579381770532,1.0
4367,7343.321843412683,7854.629265419,6460.003606600188,1602.818667846085,-81.92646455168689,-60.03909288527787,-142.29374426602965,-178.13425543770728,1.0
4368,-347.96820435653774,2860.013751534107,-1048.1881762351431,-8822.122194665122,-81.94273637043855,-87.96727668390866,-171.3894398999072,-159.31251180224885,1.0
4369,311.28289843470867,4431.305262489898,-2196.53451913507,-12700.310486023354,-73.88857671137507,-104.04701247141422,-181.1066614557382,-162.30763003969176,1.0
4370,8035.297214523275,1996.0942147900407,-976.447458494572,540.2257567092353,-80.27797927653904,-89.90220742659986,-173.90315036101472,-153.84681886342975,1.0
4371,10333.283315568091,7696.4353116247,-11077.645730060385,5963.7554940827185,-87.79289279229086,-82.4277428142839,-172.7227257975764,-162.0706349712451,1.0
4372,6282.181867655545,6757.519897363318,-11477.228826154309,-953.7835988145202,-81.4741888569932,-80.55576000962195,-174.04953584740983,-164.7685806394274,1.0
4373,3090.0710487880237,-10954.3148818032,-2640.8739568268443,7372.698799977677,-76.93916796484774,-65.28922433680381,-160.36794122214698,-162.75862168331662,1.0
4374,341.6768508725636,8872.133426762626,-5227.836423400561,-5654.126186727368,-72.26913283298983,-97.61636948056845,-165.18783224637778,-160.39539110970827,1.0
4375,-11663.352908520605,7510.457612448903,-23672.020579766813,10734.548857339329,-80.64250793616132,-92.56796771693858,-174.05594636906102,-153.14727743279923,1.0
4376,-2588.129850613942,892.52834234343,1317.8774435455946,-9627.593692877434,-80.36536496482378,-64.35251629136239,-152.399926090156,-176.18344199244166,1.0
4377,5947.455758267245,4536.757327293678,3609.156491880538,5195.333247637946,-76.48473549952125,-79.11367796287244,-154.26554225232923,-169.10861171858429,1.0
4378,3107.7967837608267,9527.853093929127,-6087.244263357876,-789.8442968827699,-80.97694638682037,-101.65279207652446,-171.3578930408903,-168.87863144471584,1.0
4379,4633.773022787091,2910.9737055829687,-799.4699577912523,-204.64083869386096,-73.00115572470001,-91.8436622395914,-169.0796565032395,-183.83170550897728,1.0
4380,9868.632758088757,-3903.704383009092,-3021.089676503567,-2222.580156697696,-85.75522734115735,-69.57845217161476,-164.59325839069336,-163.52528037295102,1.0
4381,4661.0865102600055,4226.89043455819,-1681.8925451756227,-3700.847164442483,-74.3811498610811,-100.21453670965177,-170.08821679329435,-177.45982545251752,1.0
4382,4341.613249906294,4248.052419699343,-198.10823374997844,2704.0102634613077,-78.2652736034959,-89.98776802477099,-172.21061900906113,-162.47408390488542,1.0
4383,44.81981499970678,6789.139381382851,8621.887795959838,9221.187472409456,-93.269588361572,-92.67571085893067,-176.3551993681782,-170.68036064621526,1.0
4384,2990.1511439256697,8598.799457354758,-6640.355222256092,-1753.7081794345638,-71.32193456371157,-108.36206069041926,-184.23381233673814,-154.7072933695198,1.0
4385,444.18552320618153,-1005.2315031215362,1222.725259195402,-4718.62056250608,-80.19038928323383,-84.7372364263135,-166.0703817146298,-157.54006274925186,1.0
4386,-2828.1554832317943,3506.2972819905467,-7742.162383734362,7292.3646875909235,-76.50455790430183,-91.09581040785649,-180.77038189530447,-171.313054970309,1.0
4387,2844.7748698397445,1499.114624535824,-7245.3721820146,4773.975684758881,-72.4912128924068,-94.27186661668166,-161.53984322550264,-177.0555830858751,1.0
4388,5567.394140009693,3195.8141896574,-8014.8904725476095,-7018.078273069873,-74.771764219976,-86.1011891911707,-167.55231061237632,-168.2463513455068,1.0
4389,2419.8302025417684,2563.106416190695,-2384.4285517243065,-5978.648991527193,-72.35917258599359,-66.51583508077559,-152.95195077114428,-172.5817087204233,1.0
4390,9073.341981650396,-1673.2682831110392,6672.803326484857,5978.896648434277,-71.65536259906425,-100.25037648928937,-179.17116049658694,-155.70612542030113,1.0
4391,5898.97602112889,676.011622493593,-5702.531691867885,-2257.4845602422115,-72.76570155612522,-104.32808356798496,-173.97016210342946,-154.38396154697975,1.0
4392,5069.784855600052,10028.796740468333,5095.648497985651,6257.89924933405,-63.57610537944479,-108.45947861695964,-187.4178233986003,-150.23344499104815,1.0
4393,1176.3569543330257,5596.110434181403,-5731.456909431707,-4551.141493915889,-83.06469805317563,-91.74020758655656,-182.94365669367164,-151.6287457311231,1.0
4394,3751.0146658343137,-51.280715973492704,2389.4872413509406,-4842.026345652216,-75.76413966539113,-102.78196000223582,-172.0098325412358,-161.25842372522794,1.0
4395,10246.506321002435,-4249.544009569112,-3496.6466819735692,1256.0766529358536,-71.99072217049257,-105.7457811418476,-182.91480419696464,-141.51902268299403,1.0
4396,5395.53172191079,1982.5647516482131,-2579.8724731774014,-1332.6744355693222,-75.10769811985689,-104.14027903744508,-177.734886341687,-149.18499023291363,1.0
4397,2163.851486522834,5856.243862159379,-493.057608628543,91.45576826938573,-62.53565887636696,-99.71581803378186,-169.24137743647233,-169.78559626316397,1.0
4398,882.1842532948332,5841.874881872647,-3940.0457732965574,-6165.4316774856015,-83.89044898739701,-94.69494491095756,-167.38334826559907,-171.29957124824327,1.0
4399,-6547.181318256045,3064.9368209001977,3604.3304403543493,3375.6527463210837,-74.64887745420842,-86.91164247079818,-163.3192214489553,-168.73387258896537,1.0
4400,12605.862232163921,-2300.8049931969736,6181.584129413702,746.4945228311683,-81.73575655164115,-110.51038187881957,-184.7251764497478,-151.48851840852802,1.0
4401,7616.1855134951575,1535.8980406201065,-387.8435288603126,2702.819402011571,-71.57446092856216,-85.55559294696779,-170.49743864168724,-171.36850427838067,1.0
4402,5044.365575628892,-6487.64538904885,3854.2122753239155,-5710.728268027696,-64.22746650305638,-95.81832400532463,-162.3915551946998,-171.92685471515807,1.0
4403,4746.083683207827,6592.564187655547,-5168.9795250824245,-346.9304356207137,-73.18151771773312,-84.3455955751005,-168.18642975148833,-172.5071027293329,1.0
4404,9711.471394164726,-1566.955221165379,-7514.871685213152,-5072.411661689303,-82.50832496825738,-75.7613227419194,-161.5548601362248,-165.90554189644917,1.0
4405,8894.167482865225,2833.8883996729905,-5702.3115693585305,264.2415624186141,-58.342200352319196,-85.50729778375039,-158.53590413081108,-168.96551725387508,1.0
4406,2838.027229440926,5925.483452468324,-4825.954837369838,-607.2747199238094,-75.53530256689751,-107.76394332595521,-190.43159844491979,-157.8373079383646,1.0
4407,4534.514189249022,1693.1690294491402,-425.9521211895625,-5316.725161122353,-70.23356193222713,-99.81279655363055,-178.79316019764897,-150.0334864830856,1.0
4408,-1163.5375654951629,6912.217887890911,-3283.2899124849505,-6907.848691095716,-94.83654802048638,-106.95331316130367,-168.5017291224575,-174.16953771824586,1.0
4409,538.6726147071728,12738.506346631666,-6413.0529054004755,2594.499312857138,-73.66297633183204,-86.99842499648729,-163.66063244204844,-160.5253280009081,1.0
4410,8767.49974619175,2630.5917141972936,-8921.308643744487,-3762.1683396795324,-71.10896086842749,-93.03236555405596,-174.3038051338725,-154.16744796525128,1.0
4411,2816.4857745099366,7659.0818790063595,-9359.053644451184,-6161.317813759714,-72.81960122374568,-103.27668058791912,-177.81822922933915,-157.09939545328007,1.0
4412,-1742.5005492332032,3335.4244285197974,-7103.511385506414,8932.231684786984,-93.55598620517713,-86.20622414453493,-171.55214819000508,-166.9147687096755,1.0
4413,106.04026268345423,725.283905993019,-4234.237010339444,8196.30180306006,-88.94428891942077,-86.0984031175478,-172.7806955776438,-160.13974799390752,1.0
4414,5362.069884234436,5265.577378994058,-7892.3550819299135,-4304.95488449667,-71.7541830024557,-82.54418099440038,-169.03247292982599,-170.4261789332458,1.0
4415,-1991.2395717273896,6277.188705030403,-2585.3027215831316,-9693.859263012071,-73.13289291437513,-109.58959278408977,-181.84952099031327,-166.87206175006133,1.0
4416,1216.6980613589403,6900.133475755845,-6116.7996105351285,-4391.1130741881225,-84.15274077043262,-114.42157424543637,-182.17543469504895,-151.2664199032394,1.0
4417,7513.360079406652,9697.17600684208,1548.7004961078346,-2016.6900841724594,-79.18142703345515,-90.86379487606726,-172.29197200883937,-164.72349549535053,1.0
4418,7456.215036514339,2882.543015983142,-3177.360336566993,2890.3222724998873,-72.15429296714657,-94.010653611001,-173.14096326553206,-151.8046871798831,1.0
4419,6275.697220817836,6230.518954392373,-10782.07899153882,-2436.746442868503,-91.81662387976219,-110.22145582813143,-175.3333812453287,-156.93106606573204,1.0
4420,-4981.988406679056,4585.348158523314,25.803246085918996,-12705.519836586502,-80.88450581417385,-90.69276177760837,-171.46330471962716,-168.88277935778117,1.0
4421,795.9687627060288,-1790.250302529589,4076.194444886422,-8100.580562890075,-92.91780039119303,-93.80720323399616,-176.82474828241405,-177.1024913055407,1.0
4422,-2627.7913321329884,573.0368860577287,-6929.496416768484,8541.754697180948,-80.63857597759075,-102.88885737256389,-177.38347138144246,-166.1627840417803,1.0
4423,5788.667905806058,10427.88468932483,7230.120831109472,9662.153061410496,-72.4916149428781,-75.69192822692217,-165.33955915645058,-164.60597819337275,1.0
4424,5233.610073221955,6217.625791780987,-7655.749077217742,-1712.8272088090764,-83.62020500555987,-60.94746969829269,-150.31590904196503,-189.19975655028907,1.0
4425,-2786.855561248473,9632.482260336305,-3236.208112410733,-5727.416709218593,-81.43059135918966,-99.1136417512134,-173.15597372008548,-164.06869429740178,1.0
4426,8486.933884614342,637.6232464427343,-6877.644428415178,-4538.632581030746,-78.0632248394695,-74.8761278834625,-162.9400028640637,-177.5683694446888,1.0
4427,8245.427134525567,1285.512273581714,-5431.565122483066,122.18351773013848,-60.874677813888724,-103.36927629687862,-165.97321872748893,-165.15788239453008,1.0
4428,4254.660885255739,-4325.347315830255,1897.6428571206604,9091.023438828113,-77.49689560188119,-86.17103890282833,-165.29884912970937,-173.05131403262698,1.0
4429,11712.745452704781,-4262.815088912768,-2671.47460641182,-1052.7367112690486,-78.81323785668651,-112.65767975579028,-184.21535575211647,-141.87259662608542,1.0
4430,6900.417392829269,-295.9814363985869,-400.4371426810129,2309.8291828672423,-70.28392714436677,-111.35522520961321,-173.9374260867621,-164.04224042557453,1.0
4431,12664.914923042483,-7331.271371722075,3661.1882687114316,564.3254242897835,-70.52875832355785,-118.23700182029418,-186.01669428647517,-156.59709343959625,1.0
4432,4069.798685553052,3396.3464172742138,-2516.264805881443,2537.6409752595423,-98.1324132727049,-94.45591505032826,-169.90046675861214,-173.80971198399092,1.0
4433,7182.058498148537,4841.410133740398,-4927.488386750552,3222.104954277785,-68.36427649064608,-80.84250849782067,-158.08586796354672,-187.19417540062406,1.0
4434,6400.444278344763,-2338.995764920065,1170.60226501845,2212.2308579548526,-80.4873007249728,-88.08351646957765,-160.63870120646152,-163.21440271767776,1.0
4435,443.2580429172699,11576.203370895852,-9981.174399706775,3025.5752323035417,-82.56029481839904,-71.9986424598905,-156.57278864889275,-177.9205935472155,1.0
4436,-491.18359398696265,4078.796186494362,-794.0874993612504,-5281.539908782666,-66.91738294993068,-112.79847495854999,-188.04863892061374,-144.3902039717576,1.0
4437,2283.8021348108705,10086.7000250725,-5518.204623943855,242.9128982804354,-81.20250488668437,-81.19470772091503,-163.80748627369084,-174.8013180729578,1.0
4438,6310.487822815993,5977.2764100062595,-4859.934805177907,-2474.6236710444073,-85.51888089661199,-83.8328581702557,-161.3136244825174,-174.0595314987072,1.0
4439,3084.4461529277055,-2307.4685655732023,-14726.897681779737,78.45563147780999,-82.72667725934552,-86.65948261781053,-172.75626574835647,-154.28646199373264,1.0
4440,531.3992108541931,8786.527180503388,-8145.418037546181,-6627.4978542723775,-76.4259892081791,-80.16179400685371,-166.09607322901707,-158.42900831141765,1.0
4441,2022.1544864764899,1971.4971415234525,-3136.3416092313905,-8657.2746299498,-71.40844316010532,-120.02849715042981,-180.3674475087397,-139.66372391561472,1.0
4442,552.9097383211234,3000.605566089214,-2097.614837222186,-7605.811488038657,-70.22047051984771,-84.7611891037347,-160.61214526395747,-172.9727359367328,1.0
4443,5531.367887875264,5043.993286719529,-8441.80451191821,-1591.2967771052483,-75.6838962812278,-82.35390433584217,-170.34205788159662,-163.5873164620442,1.0
4444,-2686.5996377885835,8615.613213811235,-7962.165578787581,5755.1642182879,-78.973153741359,-83.35150999860414,-176.8779387023215,-167.86966724624236,1.0
4445,1639.0135695973092,1507.0897565928165,-13789.374211642558,-1252.4145733750163,-59.87641558709747,-84.39710081220464,-163.4008844341755,-186.2149486106676,1.0
4446,1137.1506299201326,5429.13687226056,-2050.3899567805643,-4992.063869464838,-74.88593395031918,-91.89266809033622,-170.5964823473215,-162.0980749502672,1.0
4447,-865.40404306611,9441.314519437796,-6645.939389115068,-6973.662286041074,-80.72405722914189,-83.51929194550904,-166.17350429215205,-177.25126518219952,1.0
4448,1575.991061179984,-6664.940305211776,4495.230643819534,-9922.981401153722,-80.42208288449444,-75.47802156348091,-159.31309055309944,-166.93562788797237,1.0
4449,1276.1864462043109,7455.12658619352,-3188.086481554396,3464.4783042453455,-75.2251337074823,-83.05396658988097,-165.740716186541,-172.07275095206901,1.0
4450,93.14192567536183,2141.488983757863,-3185.339127945186,-12123.568149743987,-86.13673151385069,-66.34509745135935,-147.91731834448626,-166.6042132421629,1.0
4451,2729.8177613568123,6098.313637458795,-10690.54164353758,-355.6828479134517,-82.54268465549595,-79.33494320272334,-171.00647749263248,-157.04163793818307,1.0
4452,-4676.101119205679,10551.229435617097,1171.8149466042846,15002.538083249332,-60.67035542211052,-98.05097435090136,-178.41304416175083,-157.48981508314756,1.0
4453,15247.003764446057,-9569.86513210544,-2621.574932646787,-6426.515374430387,-78.59552223748068,-74.20570212040958,-175.9890085218788,-173.50347133156694,1.0
4454,2609.5270927415986,481.2381371690986,-730.4624086886764,-4376.23438069972,-80.48749574647901,-78.3439033490296,-167.45462622165226,-170.55317203802414,1.0
4455,-6376.411447554799,5410.571513294553,-2750.206479760673,17978.827438890607,-75.83007118799968,-93.83919476915693,-173.52786116245525,-158.61678180010313,1.0
4456,4660.042037168236,9229.600134586555,-9971.054463995391,-509.1659165847702,-78.27825197818801,-90.31492013029755,-181.16029957981902,-146.70031212219527,1.0
4457,8025.995507418994,-3988.6454497147006,-9618.87102765632,-2778.6191977904377,-73.45794663670547,-70.91232772328655,-165.41357840061406,-179.87366685232794,1.0
4458,10632.99025866419,-2243.6929906914334,3669.2752907616346,-175.10431942547376,-79.7383818575155,-76.1985313543654,-162.9528951716896,-163.15250223534525,1.0
4459,2364.432724384861,4840.392736118064,-2440.509480148052,-1305.408208053893,-81.93430870869858,-91.96904046069196,-175.7157211089537,-169.32549261064497,1.0
4460,8244.24268113855,-2437.301734390346,1581.693193573043,1171.2974209492638,-77.5919998927759,-93.79598538683088,-172.2678281394754,-161.14749684432752,1.0
4461,6461.212245726191,-1189.5074582543655,-1296.408056153719,-5590.747785305695,-57.471866411341736,-79.92919710700224,-167.4983734505797,-166.72921352621685,1.0
4462,3497.1876481658146,9375.925016716172,-3186.348608707323,8814.212936195161,-78.30366136603237,-107.29055548681801,-184.20446973277663,-155.1386069980046,1.0
4463,7437.303934708953,2810.163215690429,-4699.858310379122,2973.823922496905,-83.96213253415829,-92.09946129352878,-173.36572125015215,-162.20979169743975,1.0
4464,-930.9173810789466,12380.227771508056,-8645.78940810764,-9556.219603467307,-86.25564989137196,-96.22936156039749,-184.37091587572633,-159.8421418263643,1.0
4465,-2547.3066071473654,11920.663401510235,-5225.605205308525,-7471.872351030637,-89.2246256657634,-122.47514954670984,-190.1687993403743,-146.41676440083938,1.0
4466,11005.380798659475,-1576.189436082078,-893.1769188998469,4320.032270986026,-81.11977910055654,-100.69780873352877,-172.63039716222553,-167.5781195435997,1.0
4467,3464.957292674639,6969.041982273218,4794.127220337106,8499.255584417228,-81.37515188539525,-71.94492135405021,-165.03413976126748,-169.7679587059318,1.0
4468,6318.896939852665,-357.04319342584245,360.3187032830459,-3179.9071485039185,-75.34828093281497,-119.69132503846994,-184.47959917614463,-146.98859413240064,1.0
4469,1913.9521411550397,9442.419701805627,-7654.974959567122,953.9743470871964,-77.65198944607869,-80.04495107181393,-161.35133075319834,-172.66861265638195,1.0
4470,7153.445520793641,8848.12689354477,3839.639342113148,2414.4975090241373,-85.88721500494204,-71.7925881043597,-163.14175920317305,-167.16928432715727,1.0
4471,7156.356614559364,1199.272454591095,-961.6693860814438,3776.4773318880098,-73.34823043031022,-117.72065852241536,-180.26914042633106,-156.13414469066745,1.0
4472,8181.190686533393,7760.688608459054,2756.8345162856763,-822.119454179521,-77.92769180383202,-122.36302983120908,-184.0495051267904,-141.24938603383228,1.0
4473,2504.1389267365557,-2760.3799716753897,-352.4537302983259,8318.575995522091,-70.58830042655208,-118.10164540650847,-185.80805498097345,-140.289843446462,1.0
4474,12462.241084380386,6347.507791720734,1012.6841381518252,2740.150393464583,-78.11894768288354,-76.63928358683782,-173.7777500495888,-168.44605842037538,1.0
4475,971.0443633366865,1781.9977975560275,-2550.446360212958,8187.374024674375,-83.98412433574356,-85.25537066245732,-166.66992386043813,-182.5832349092715,1.0
4476,4002.8698299657012,2653.997546038469,-1817.758566883964,2948.7145413975322,-76.42780622410834,-82.91225997949016,-155.53939231399752,-164.42017307486074,1.0
4477,-4162.594237032216,7527.446422972259,-9482.12859036634,9694.232733751638,-80.57385187606002,-100.3107516555363,-179.28473843311397,-163.40636927264,1.0
4478,-6812.825761885952,3166.9136245343807,-18236.338973820282,10111.219813070169,-77.22822461670704,-77.81479411522301,-163.76872753264595,-180.68339171755733,1.0
4479,-3064.1670636127933,-410.3223952826904,-11008.555502829844,7381.277954356373,-79.10806737144715,-105.0053632044025,-175.03086413766022,-161.5587409995131,1.0
4480,3211.4695501337656,6462.073003647531,-4420.2545844025935,-3101.82500856541,-70.00569685342977,-82.5163199977914,-163.4321209531518,-163.38679704395642,1.0
4481,-1170.3267158921542,6486.790652231251,-8098.230853529788,5073.480850222792,-65.68127036044034,-111.70842747646367,-166.1630544957152,-157.5365261304694,1.0
4482,-924.3886455466961,-2344.2310811482394,-13783.335963356481,3519.9466793638944,-76.10366525948403,-122.0803828952784,-187.21507219969118,-139.17561680780116,1.0
4483,-5538.972148953917,7980.338529256319,-5687.327837660826,10905.300024868673,-83.37007789648656,-87.64753000910649,-170.89779596713868,-144.28848658827044,1.0
4484,-3616.33187851517,8006.3283003397955,-2900.812812922834,-10304.95848580014,-84.76216926596256,-94.78888177227431,-168.99082051683322,-165.01538149437565,1.0
4485,7750.354795122367,-5874.074442556751,-828.2376647797034,10069.907826788636,-86.12661985389909,-60.296669083594466,-156.75998024123874,-184.18864676650523,1.0
4486,9885.038249419205,-3884.750257675655,9518.662458536666,5525.973220365349,-72.98942032091483,-72.51192205034032,-151.5943183944569,-180.37800926711947,1.0
4487,109.94712157172293,1698.6943559533647,1319.7725994969,-5744.474359615278,-82.21054275290737,-97.86367243496979,-174.63172413414202,-163.37404420964586,1.0
4488,5481.889122042744,3953.892740465958,-12785.457362698575,-5202.410405076849,-89.6287658964167,-76.19544035253188,-163.3394154454189,-186.00489986526645,1.0
4489,-2215.9118917368282,-2329.256129912106,-806.7829433465059,-16334.040349448756,-76.38850212968636,-79.94515780402698,-169.68456863161146,-164.08173343852272,1.0
4490,7932.341347111603,730.8661813222673,-4557.127183721786,-3728.6531838753845,-74.93889970226675,-85.07877035159629,-160.24957960379584,-167.3425439790812,1.0
4491,3239.0702666731477,1038.2942493266278,-1985.4348536984842,-5886.081579475933,-84.6405416705941,-53.940176810967195,-137.5769358941442,-181.8240310525328,1.0
4492,1268.32474403485,9394.81263349377,-1861.3121302097768,5521.823444505979,-79.2418019017427,-64.27778626394863,-158.42843786475336,-163.99326896142856,1.0
4493,8775.793461943002,7982.323290604459,-9205.514917713437,2241.4017419719403,-86.76595462207345,-81.89333708431045,-168.00512014567443,-167.4217733881842,1.0
4494,2559.1057970176284,1819.6641082890644,-7827.705842400683,1812.6089028785937,-74.42580155321347,-102.2613296129067,-166.4618763020589,-171.63689670840822,1.0
4495,3203.190945524556,5255.585876350231,-1560.110021941219,-415.11064195449524,-72.17207868414907,-106.34842373266397,-174.75752345699908,-170.4735738693812,1.0
4496,1673.3922529506797,8803.431057889842,-4212.044138191732,-92.31662909182691,-86.83748451616526,-71.37653372783662,-167.19077022384002,-171.80194285814898,1.0
4497,3254.7236433447333,-2744.5036070827186,-8452.916917900679,2171.136904021945,-80.6690059353273,-68.84782064466648,-158.42076700126515,-171.55962503134958,1.0
4498,-4006.2577440482537,5176.885246145004,3600.487041309892,-7574.000639760036,-76.81140570269707,-77.32532151650014,-158.01626611725186,-170.1016109645057,1.0
4499,499.77153829933087,10501.995957034605,-5969.398996762291,329.8019574648552,-91.07471608218408,-64.8105286189616,-163.1905678957505,-177.86487660892837,1.0
4500,-1354.3039871320723,10897.049773488503,-4627.875214741239,6765.893853615796,-65.05922673178382,-62.25741776856903,-151.59437660748887,-158.00610806505938,1.0
4501,-12010.678275725322,8703.449983503246,9085.624699570079,-3658.6034820721047,-67.84041035483229,-114.12716329079697,-192.15028187726378,-146.61702329026457,1.0
4502,11637.968786374779,2118.108872422245,3226.6893572488702,-703.6681027389258,-70.989640624356,-75.10948908269604,-172.67172714117288,-162.4442501343194,1.0
4503,4006.284109824899,5396.182391931954,-5075.76022886896,2097.213193270074,-73.44585198777177,-101.98218139755876,-184.54217340097202,-166.42577570577018,1.0
4504,-634.0743600449463,38.34244363411577,3307.2207641726413,-7736.364872007966,-76.2133977162933,-85.45323750263337,-174.92064124818924,-172.62030001827617,1.0
4505,8715.383625708946,-7914.872423939761,-2570.918394084396,2690.2803585917877,-69.92157170176878,-112.89450135089294,-178.83519781751772,-159.14926092671516,1.0
4506,7513.855805701153,-1970.4531651380655,-3971.0417518615877,-5847.054162409952,-78.31776234118819,-115.80058274786218,-173.30770947626976,-144.716907413151,1.0
4507,11620.671771620257,3215.69916143099,2104.9074220353023,-1516.2052014305564,-73.30549537118198,-67.30639027957497,-149.5983739791635,-179.22689222719345,1.0
4508,6276.282398100686,5429.269613443612,2944.8139439775027,2900.149088166791,-81.54800613896863,-77.04146018241579,-168.56933705160822,-178.60449074628315,1.0
4509,3763.4151170415757,4654.04313515819,-4967.615159159891,-3315.3804506972433,-62.21226331676121,-83.00405039549801,-182.8190496010994,-155.64297875909423,1.0
4510,-139.53329606762344,3949.1206601720464,5487.43252510141,10530.269141323452,-82.91186089481663,-92.36368306637053,-172.59252573305812,-178.3975142999668,1.0
4511,6450.1879541854805,5220.251073468033,-1515.5880641052102,1296.476291331454,-83.86879706677658,-105.36801829922874,-181.86390046170325,-150.83281051597547,1.0
4512,8179.856752565712,8220.494324216761,1303.4626999472025,-1857.5456685128652,-79.93198925826695,-76.8958820212305,-170.6375553925222,-168.0500214531771,1.0
4513,-4813.943419773126,6343.503133576975,-11698.230738630702,10826.909216768743,-82.4613538251026,-76.91158030098511,-165.8384404058504,-166.62503150503088,1.0
4514,188.0112716153155,5611.47360821453,-3065.1333281760785,-10795.979748372865,-85.24482068450598,-95.15776766426141,-171.21022947128424,-172.40082659915754,1.0
4515,1282.2668144706038,15708.362614638518,-10132.212321354025,1964.2612623991176,-80.8475833953762,-93.81270232986081,-177.3716201706808,-163.0566197734015,1.0
4516,5013.696788145823,1353.984953117593,4211.9235216242105,7099.3547788316355,-79.24109324161346,-66.24805241282603,-158.43346211558767,-182.7662977455089,1.0
4517,9.661230864610904,-253.5063538643163,-14130.085851943539,4050.130328627307,-67.23645894089623,-82.97676756227085,-168.0866648119215,-170.75637961990537,1.0
4518,8650.829545727762,6666.230728312686,1273.6625264572408,-41.461933195891646,-76.67832714335286,-87.24175914818242,-172.5943922576748,-184.51206477982856,1.0
4519,3775.8904813823874,1116.3728143054138,-3860.074868457083,-8451.341672701206,-85.04232813937007,-99.86051304337127,-178.35377698999955,-163.36727598391462,1.0
4520,9355.534323872798,-8169.422093752866,1721.7706320268592,-7875.187288319873,-76.17482033621212,-105.28359030491575,-178.60235724697247,-147.51748507350263,1.0
4521,5008.286021970035,5537.521658393852,-5962.403005416416,-2346.1403097439347,-78.62351913843587,-91.91013915244254,-160.05264120329724,-167.2879516256447,1.0
4522,-5764.020395004165,7672.9116533971155,-13865.141950326404,7859.25088170527,-85.9915821605023,-80.352146405394,-154.69613669619875,-167.43560504685252,1.0
4523,4598.271642983704,-1264.1256069453166,-1599.8885720154915,-6935.328822264792,-76.13485785909252,-104.33060994338135,-175.23559354177797,-149.06680703548162,1.0
4524,-4735.915678504604,5398.3839744138395,-11473.296959314735,10914.200988612565,-77.91853031648489,-103.8861279260602,-180.94416928420924,-152.01827195005885,1.0
4525,404.4453831967303,-1419.5228399345976,481.44691987294806,-12741.651026130505,-81.62517612999285,-73.48674117235652,-153.48495605420229,-186.805151249096,1.0
4526,-3760.4373703994625,8480.333838203382,-2964.4700140923896,-8923.832467331924,-72.95138134916809,-79.75258015694571,-159.09784984795752,-167.62236506360654,1.0
4527,4613.215270635303,3506.929051826726,-8682.447680005767,-1836.4517508533847,-77.44177367939379,-82.7913714130893,-166.87090891560004,-162.89092442926136,1.0
4528,3993.2447125606886,1609.5153812227031,1295.407470333107,-6532.581584227278,-66.92780569193265,-98.29774095243319,-180.76170059604118,-147.64395834098977,1.0
4529,8170.347019934098,-1474.2817244940113,-1211.6428970641105,463.00978674100924,-86.78953961781677,-94.1835903049259,-171.76562489053399,-177.11671314251709,1.0
4530,7603.35453606231,-1936.8984452988846,-1050.6756318677621,-6321.6442604623635,-82.69570909772114,-130.6253631408893,-187.42470338006825,-151.60995306791074,1.0
4531,185.67414204121135,-1022.9661982655327,431.140391117967,10976.90984878196,-76.39195525247973,-73.62373331491972,-169.55252094021415,-194.7729593697538,1.0
4532,23.376470834123975,597.8192964717196,2520.459906377702,10114.505690320624,-62.99817961746464,-78.74254760027938,-171.52412480987854,-163.0936901014696,1.0
4533,13729.00300252999,-2534.9572407656065,2542.179593915847,-3147.7248144925193,-79.53254547514865,-85.88733082400171,-174.33775323648467,-185.6185161317224,1.0
4534,-5741.844024572453,4168.477169861474,4731.529301601124,-8244.82141123981,-72.38831997285145,-129.7161348665835,-203.23999815797217,-139.5093940375115,1.0
4535,11923.021303603142,-8986.20156184777,1658.3636384590172,715.2907268791835,-83.01559648105265,-87.61978635814985,-172.60571901157513,-168.5654851362238,1.0
4536,4179.817392362413,-4036.785212656351,1402.1367360708434,-7754.1381408339075,-71.5761339427416,-66.64175795446937,-161.05725706290508,-177.6350275377722,1.0
4537,1270.837705774376,7506.073506819453,-3587.079196174801,-3078.220885444068,-86.82430618604819,-89.46601056699276,-167.62148761966708,-170.62271253656206,1.0
4538,-4276.864074848558,10036.568129600784,-12025.199053017279,6229.505495541843,-77.0116499295527,-87.98098218012693,-175.50566791039628,-174.30977195537966,1.0
4539,6222.6407612866005,5622.773818556444,1709.6982673018988,1947.6630406075515,-81.58998157492779,-93.9762323287615,-181.81539978029238,-150.79428679647603,1.0
4540,4922.806161537098,5065.850491000626,-6653.369678904392,2228.550988840021,-80.06351074287178,-75.17983562527,-162.9046197970592,-168.85482338700024,1.0
4541,-3912.1690987916795,17090.773089198272,-10742.804740754862,-2843.296316675273,-84.8097016435334,-82.94496156483817,-159.88743710659946,-169.3824708186951,1.0
4542,-5505.57073589078,177.02732920841413,-9069.665369061157,14234.378599630378,-77.82418798358228,-100.88923626338585,-178.09712166124032,-165.08851173051713,1.0
4543,71.88799339511398,-1156.1350324808166,2958.674493232677,-7707.756091138299,-79.59117815727828,-75.5867159157808,-165.8506794369388,-164.10488162823802,1.0
4544,8280.043365756586,4490.276513265961,5531.125268981743,2549.0965395092144,-85.30670762826144,-84.20295190983873,-168.7494637506093,-161.41185911672397,1.0
4545,4332.929968655883,7233.308620461989,-10138.233523723877,-2815.0319622095335,-88.72324884599972,-72.48504252252519,-163.4226851810407,-157.03743071289318,1.0
4546,4554.350371930858,-6461.224374583551,190.58385145034018,7086.713319077355,-70.52954925645409,-94.087476331603,-186.0805713875705,-161.7631568752213,1.0
4547,10750.10662648433,3511.3812007165293,-7213.721935842472,6582.584334462144,-87.85203884065676,-83.19953856852835,-169.984226217927,-165.72810683951963,1.0
4548,-1060.840832447631,-1067.2027329633038,4424.655664763293,-8521.950882829968,-77.2625314698497,-74.01938194039543,-162.31137719528624,-159.16270014063096,1.0
4549,-87.80404730523061,10403.873664965815,3422.591385931239,8843.636792815656,-89.38526847764064,-104.99819726450312,-172.64076191467936,-162.06571046556314,1.0
4550,6506.41366179202,1938.4165457907898,-10152.259244604707,-7188.58043417161,-81.31775575449754,-85.11759524448304,-163.71307594383674,-172.61005826562655,1.0
4551,6676.683595005633,-880.7742103270368,1396.1802683113765,2913.966770493588,-88.63383652184659,-72.1937634169066,-158.73615661971206,-175.43030207158495,1.0
4552,5803.1047410355595,-1070.0587938000087,-5959.46881292004,-7225.682636530703,-65.94766883138983,-72.45072751343976,-173.27803086652779,-171.53072373474393,1.0
4553,8724.140154361074,1133.2465334883798,5339.652991591178,2922.704026582562,-85.00834933640395,-84.7009393306959,-161.48977774689868,-160.11657965302098,1.0
4554,-9192.476433924847,12757.36654841493,-11229.369039270785,11217.60533448102,-87.61375148745063,-83.99758744152763,-160.22207679828213,-178.18567314209636,1.0
4555,4137.077569895245,4127.424212902233,-1530.037446184106,6047.959623466171,-74.70383189682772,-72.1815892583231,-156.78881576682883,-163.6174509759888,1.0
4556,2025.1359544438699,1896.5638091316634,-4149.901964389891,7592.828829363409,-82.7610164738651,-85.87751018569189,-169.98943925119957,-161.15812412248818,1.0
4557,-31.286459904531938,3505.3427801240546,-2349.624586881466,-10137.064278502008,-67.51641724073158,-95.75126486476628,-168.22454883709975,-172.8623819756615,1.0
4558,-8474.898587700758,-5659.850165755639,-12410.301497635473,16492.417053079156,-81.5679958439486,-54.11096086488489,-151.95602488305732,-180.9975684672648,1.0
4559,3883.747368096132,4769.005391098195,-6482.36982037335,-2782.750973770896,-85.58211098521541,-83.18542187359762,-169.1826100682199,-147.30909592863316,1.0
4560,-1588.3956495523992,2699.7178104576456,-1627.4919455656504,-5507.545994056587,-71.72021290001373,-91.84771675848249,-171.88708968057566,-174.63269638185216,1.0
4561,-2184.106392285162,6771.26741386706,-1362.3055392220854,-5422.773598471917,-82.68136136290047,-64.16335500267034,-156.08790358190404,-196.8687194067889,1.0
4562,4546.436822404636,-3389.8945948667365,-3290.104989362316,3659.0888671980597,-73.55794961461662,-96.39399828329863,-176.43012040251864,-163.09361338835882,1.0
4563,-2788.3556708562137,9396.204801183667,-2101.5598482598693,-6647.194069484234,-89.10915667915346,-88.60269991200802,-172.5056854554498,-161.2716511735196,1.0
4564,7049.250458702103,9291.454002998498,-7332.521890680107,3907.99247602379,-79.72041089794817,-98.208880059444,-176.480528735892,-171.06377208548722,1.0
4565,9676.800664352368,5472.180331594334,3829.784789787033,-1000.9058632092871,-87.62252090790297,-95.35777704069734,-169.15590033526297,-158.24217264404453,1.0
4566,1880.6479472447452,5486.6082144803795,2684.160482658514,7637.790971423809,-68.58940484185483,-111.58224936925924,-185.37117416680906,-155.22200173691434,1.0
4567,8546.407392259736,1389.8251454360636,-3218.580721499453,-2618.1542413990146,-82.7087093384727,-76.83111525393433,-159.48044584969088,-174.51041870704657,1.0
4568,908.8220164319218,6435.4508703572155,-6308.513392481713,-9250.41884815729,-77.26882599674921,-100.2614096243839,-179.67586155169911,-161.68009788443933,1.0
4569,9851.971703306584,-1471.8399971566735,2350.524676290336,1436.726194787538,-80.4855106839245,-99.60091110244488,-179.58147412163507,-167.67151732988532,1.0
4570,1141.0666228909795,6781.545922324424,1584.3721536093933,9920.937446742191,-76.66522120101267,-77.10138625687863,-159.96592700937038,-174.816948698381,1.0
4571,7963.364629817306,9484.433165780429,-3702.712900195678,-3081.8705483962626,-87.8720195794563,-52.27434073202746,-147.8577159667327,-186.40070522197828,1.0
4572,-5852.552533730603,3206.8387056672564,-13799.280941823428,10046.365132782357,-73.8561862149137,-112.21182848077996,-177.42594677701342,-157.21336300621442,1.0
4573,171.8208110781161,5855.765297555352,-4187.461707783383,-5326.599606841958,-85.35967392034118,-84.47706335901998,-160.92817424458923,-168.905941143403,1.0
4574,3187.530619169345,4408.277295256862,-1984.3340253338035,3271.5701209147664,-80.58330858651458,-109.31540584465596,-179.57971882769073,-164.0631634187222,1.0
4575,4530.9511716102525,4183.467823736085,-7512.4630117376955,-4255.5334656759405,-87.17577430315154,-72.64594936373096,-164.18078508770336,-164.7686215707372,1.0
4576,11295.088434805963,-1416.094494492595,-5143.854126757186,-1016.4767784224687,-78.5734279127442,-96.93846590465098,-177.69964359342032,-160.3508141021353,1.0
4577,158.23243843856937,7449.53608804222,-1705.916430946867,-2862.8978193199077,-73.50699218740154,-87.96264397404703,-167.63063090950433,-169.26437058436397,1.0
4578,-1343.4701986439763,9650.988343969793,-8937.359914288701,3696.1157450963537,-78.70691967892819,-89.57413050917455,-177.2270009797953,-158.38069892553463,1.0
4579,13322.60071958541,572.4878976061038,7053.971605675775,891.8275138893716,-72.82324944594193,-80.03269094391385,-165.62526613821262,-157.47967514224456,1.0
4580,716.8032682311649,3732.3555022334144,-9618.977902136125,1338.6827518147645,-77.53235501022351,-95.95803270508644,-170.43680934002762,-165.0164543767893,1.0
4581,8786.829010829695,-2123.8352160421673,433.993874131255,2297.2439194667427,-85.35677149343485,-66.04681438011096,-149.21019497845316,-190.00649657054674,1.0
4582,4524.604264590611,10780.907282303813,-5865.051794733346,2775.92654078437,-74.69078571070789,-93.06572589941712,-168.85439201338122,-182.7070526613458,1.0
4583,-2828.574821295813,3014.078380075179,1698.699720614148,-8814.73232938704,-84.90827256554745,-76.5433794929404,-165.83343201899055,-168.15951621534836,1.0
4584,4567.828567960903,-3514.862594215113,-1338.364396963457,-5023.267788212859,-66.69259363139689,-83.16782110674441,-158.08433659507926,-172.87714922219658,1.0
4585,7866.347182768992,1734.0847157377852,2596.1215655118954,7981.3529235129245,-70.8433870227153,-85.08211733337625,-175.4753126449756,-159.23062709303454,1.0
4586,-2854.1302644062935,1990.5794899806297,2244.1413109824084,-9406.252341443975,-77.56118040566571,-93.95640971145363,-187.7927299801196,-156.88149885018686,1.0
4587,10197.415411040081,2637.287304909127,-825.7388764256865,-2464.3000352796503,-79.3267239391211,-114.21414758292663,-184.52716795708383,-156.1342355098378,1.0
4588,8635.893327655454,4393.814307067847,-3740.8165263414226,-1909.2046914400814,-75.76911395640263,-118.1368836292525,-191.76206922265973,-162.53254991654254,1.0
4589,-2794.6489877891313,1372.335862903991,2439.406778655925,-9262.510776625973,-81.54656001922194,-89.91690802023716,-181.59937147094462,-162.70234172327613,1.0
4590,3087.549620153284,1400.8936113252134,-2583.084015528695,-5446.338864507964,-77.2667682433497,-86.70665746331473,-160.63901444192746,-181.98635368209278,1.0
4591,10985.12623311367,4049.645627755428,11939.277782900037,2172.620889959022,-70.48060564748423,-88.76929154882515,-171.86905844990937,-167.3352426993645,1.0
4592,350.3930306008969,6256.0482242485095,-707.5552792812778,-6726.3409250068225,-82.74279263946289,-110.91678403941229,-175.57252214732654,-156.76822049826578,1.0
4593,8989.016252044463,5955.31422330688,-8311.21658128463,5958.706552150315,-69.40064453383513,-98.30650368039767,-168.71252729114468,-162.96519210263392,1.0
4594,3438.056451976591,8241.548884150883,-3046.60197258052,4395.001916017374,-86.14013744548394,-78.76994706847071,-167.16998928588,-176.8192171849656,1.0
4595,-200.34338161829314,-1185.3464985500914,-9821.707772858957,7378.348138685401,-76.6148968087993,-91.38027663471021,-165.3434812407109,-165.18659685902603,1.0
4596,8969.68052240168,1764.2586175458205,-5832.793420350507,-3845.3309947378366,-72.54965042101148,-67.24147062278132,-161.11771128520473,-176.65120993811811,1.0
4597,429.14877617690547,5805.338383332435,-3077.1972257400867,-5193.247041048744,-82.05361988959574,-93.48337940904096,-163.6753522283827,-166.28381629392493,1.0
4598,-1827.5324084349083,5516.6927838325455,11428.367060006023,17377.092893418554,-75.70348741920677,-106.49207648181834,-185.8288212506621,-144.4481804857939,1.0
4599,7381.348169780256,-4515.067773205247,930.5932448312598,104.63302668601271,-76.43165915021655,-102.65784373960388,-171.17875338050416,-165.5456962125638,1.0
4600,1877.2917332600023,-3664.8693502513656,1925.7220803092455,-9983.180970935286,-80.73437844518348,-92.06993039080092,-174.55747795820085,-175.05349995382838,1.0
4601,11378.293542941905,9766.109164544407,3797.460544497079,-6033.323780607425,-91.87504213933215,-87.51420033781956,-170.90905970483962,-175.99524101628054,1.0
4602,-1699.3755111175833,1059.559388142382,576.9383592094388,-11764.210210300977,-85.24717268136344,-91.01867179122384,-164.31167426043513,-164.13650515861613,1.0
4603,5835.137667459047,4798.960845337779,-6361.456716320103,-679.0334119926187,-79.14398233694814,-94.70173423189763,-178.5581811738152,-166.82241640095444,1.0
4604,3706.5396139699756,8314.925044180705,-7827.865717318049,-1030.3293447487222,-84.0429190170751,-88.61777945224327,-167.4532567102352,-151.67966460335236,1.0
4605,-3912.336176748019,2779.551488605386,-19463.43094963259,6263.45498878603,-77.31732146055043,-79.26782930113568,-181.5073398224717,-163.34121823307035,1.0
4606,5123.067907629987,738.6108474787347,-1164.7116969019446,-3905.7828417327614,-79.1596675218112,-106.63819148599592,-174.80817823066556,-167.10184444755507,1.0
4607,2533.4544231404293,-1083.964970111334,299.6825084160357,-8448.279830871601,-69.94177865899451,-62.72707000679284,-153.31145445918065,-165.8332930076846,1.0
4608,2714.2719517590494,13400.968211997446,-5184.415649057683,1029.1459157622626,-82.78997745310879,-82.0738504504502,-169.48352068796927,-175.65305143576265,1.0
4609,12977.301560381791,2267.9140957673135,7621.390432929845,-852.4885346204152,-91.10447218952088,-76.68056789135498,-160.63728583311416,-173.18838292411274,1.0
4610,-426.6061353292856,1789.9841238097758,1817.1415436403886,-10452.058337697263,-71.57857010536522,-103.99948921822282,-177.2936848325397,-157.9287644043343,1.0
4611,2374.1610759053387,-2721.2364353861135,-4572.294943787497,8441.281249951959,-82.14065812354596,-93.52793794724894,-166.54884927252454,-171.35246911857038,1.0
4612,8771.444962225954,-692.1143907658114,1807.402071581579,486.40500555414025,-77.43633711335886,-80.8687207009057,-170.53568967718326,-167.3270362733264,1.0
4613,4779.448159785207,-5044.201553465859,4745.938037427406,-1454.5282833375804,-85.63819258988234,-87.5908737595845,-169.66307829382538,-171.1827241642626,1.0
4614,4778.884636531118,-1010.523449328788,628.9832768580363,-1393.3515660997266,-88.83355937706872,-107.27934187660264,-180.61455470896388,-156.47865428437646,1.0
4615,1968.397931010964,6071.592102399942,-8973.489011169788,541.1061349922139,-68.1415365940099,-79.12114035941272,-177.19708024520546,-169.38684051291608,1.0
4616,5401.915629837581,9315.152128480158,-1258.2861277441975,1039.4887446904067,-76.22634041738979,-70.87602269793578,-165.33927465898353,-163.77365823251404,1.0
4617,8212.473512570055,565.1927986751422,1534.0731719846654,2237.9064565303065,-80.21257881445929,-101.5769948433661,-188.66166950507483,-152.328657634535,1.0
4618,3555.3340380296427,-125.80575732759857,-2831.9055463475006,-7750.180027116658,-72.06166968242223,-91.93360225704421,-165.58145276170396,-182.2065425674945,1.0
4619,7153.279856833249,1550.3463874632857,-7345.305344411286,-1010.4585000140811,-84.42174569442608,-106.21832493733162,-185.0600492247849,-145.1771303202458,1.0
4620,3316.252067783857,866.0099123781287,-2409.310126053759,-12373.642925807379,-73.67310898117697,-93.82330961761178,-170.49889618839177,-166.1677130840936,1.0
4621,-3030.2313997325523,9313.57812763641,-8554.485465435375,8186.820784863629,-72.0215694277274,-72.85342004959656,-156.14788631568348,-167.6962841567709,1.0
4622,7344.7772452328645,454.3566894340785,-5464.38031773124,-391.0563010722483,-79.47964459747524,-110.14162470647369,-183.81188179140705,-158.48297659516925,1.0
4623,5717.036589127218,-220.54244185328153,-5681.388915861,-7133.78767084226,-80.35328977511166,-91.85187253124262,-167.93653244574156,-159.86045623042753,1.0
4624,7728.50548436204,2519.837499640185,-4242.035468937402,-1563.836056425679,-77.62646413471761,-81.20671479230587,-168.89831462818432,-174.6558711738964,1.0
4625,3558.05261390531,-122.52752271657208,-12431.221502920882,-184.1345681226363,-75.70599292579017,-108.95039114624554,-187.59843845780645,-143.4681270954982,1.0
4626,5369.177629863615,1770.6752952699335,-6701.960078751931,-5189.956105904874,-76.27625773591426,-93.94005861334544,-171.36011654517662,-165.70724237871423,1.0
4627,1174.08266417576,9197.764714039058,-7201.1648476050905,-4374.281192896214,-77.13255168116564,-98.30051148107461,-178.85668338830249,-160.27279560245003,1.0
4628,-3078.827555611896,1853.3736126097656,-3438.18423214512,12083.216334907414,-85.82376315433088,-81.7000777503173,-169.0515823978098,-160.78357969723496,1.0
4629,-2590.8808821415773,10504.61236773095,-16113.126443229998,3515.4253449454336,-83.91003863464853,-86.17042450936763,-162.1208640689783,-164.91364168050657,1.0
4630,2405.460111521462,1506.0051359609968,5026.885749623073,11888.923292767742,-78.157333974249,-45.919543935653216,-145.77962608251593,-193.1560307217038,1.0
4631,4430.942265692246,1416.5592519866545,-1902.1979671069075,-3663.405341495636,-82.35708856000956,-107.5595428798936,-176.1966849415816,-168.9007353641122,1.0
4632,3806.6953751201886,4792.926673587118,-6144.225084460171,-2315.3594594758856,-81.62894684248245,-65.28393326752528,-169.37027083152955,-166.3338598204245,1.0
4633,7379.440518854627,8483.698595204674,-9975.501588745166,1226.6881777721665,-78.34125780450117,-82.97278549648873,-168.1064478453655,-157.08247422018,1.0
4634,-2925.0671654199737,7062.830791377028,-2829.687158706965,-11210.983768888871,-69.54782243718485,-120.27153539585183,-186.9788127905984,-149.62855888560085,1.0
4635,5828.231103325971,-1341.36341876587,-3375.6877095725185,3918.729074561532,-91.42340155892012,-83.21476817540363,-172.3745252985682,-153.26135304264756,1.0
4636,6717.154100227761,1832.141726366795,-5768.739967397104,-2353.4402311457,-78.7039508742422,-81.50958987316898,-173.01085206781997,-159.1620877441703,1.0
4637,7195.723836463944,1027.1356562401745,-2382.096818530848,3360.5752800861997,-76.85120544261329,-92.71391874329996,-172.7745193277061,-169.2536962988139,1.0
4638,-2845.728818841975,3855.048687581903,-1037.8045018811806,-8619.087125577578,-62.39779550569803,-95.62132988976977,-183.5481015952043,-158.84216792618426,1.0
4639,5483.070603214887,-2773.9890083780715,354.6101744453196,3837.4191384549185,-80.12933355294827,-109.10023377970633,-180.94566740297722,-153.83036775466394,1.0
4640,2179.768687530925,6556.754805337725,-3116.1394310781616,4130.009000465119,-80.34176098913755,-80.22283038733218,-169.88515843408524,-156.24290108591208,1.0
4641,3304.237578757529,296.1105438629921,-1302.760122075437,5410.031923440379,-78.09528185428005,-47.32729802225329,-155.82221894202684,-173.06191925356865,1.0
4642,7491.456176849926,-2278.2018248812947,63.3256336857686,-4944.569384707601,-78.78537097032364,-91.72562538929867,-171.3621428994647,-165.0484806274532,1.0
4643,8200.228210048823,3992.5842544206703,-8402.084955936703,-996.4812128608589,-81.38033108825843,-84.28594698005571,-179.94313752308346,-166.9098340766021,1.0
4644,12361.514883817406,2850.8538972046613,-5789.432768860456,-13.298367167626779,-88.94679995485104,-66.57434910799793,-169.630367197455,-168.9174844028416,1.0
4645,-1407.3678229772945,9557.610930475514,-1864.8563043081856,7835.450147054478,-66.01687401454079,-76.31194287683454,-166.56071712142943,-172.08866169543825,1.0
4646,6739.8067383120215,5845.5811753031185,-4693.797044037757,6822.5934526548335,-81.4736174483896,-69.64322803932907,-164.4639201612083,-152.45321248268644,1.0
4647,-1792.2502718074882,11262.711599014752,-12322.689597272596,5684.671129189315,-75.33221620545588,-98.48772671908783,-174.9793863543038,-175.41087522084993,1.0
4648,1341.7344626147653,1836.8734049598881,-290.03007729411536,-6451.654205097901,-83.94608563233727,-111.3690050572984,-176.55286265149115,-163.18668180649533,1.0
4649,-182.7283172444174,-144.20313090021298,2180.726157105275,-6866.007884310418,-90.44660265215545,-86.55290130209947,-172.4138602257805,-150.70986774713225,1.0
4650,2687.1696005535905,1991.467660325268,967.8627779682496,6666.168520533409,-90.07299509387394,-67.35157099032018,-167.60115056272883,-178.90467740962671,1.0
4651,1935.6706535415444,1848.0416303737204,-1666.0241718440025,-3610.557264186427,-74.26309759229703,-88.84968784082658,-170.87869990206357,-158.53549642512223,1.0
4652,1206.6663184130584,-656.8089800859868,-8609.177621361658,8100.847271604143,-75.10481526058713,-95.85772303254271,-182.39796186306862,-161.85654657097666,1.0
4653,1888.4876145105784,3239.898148994141,-7676.814631689074,-8106.315124595785,-72.43023613137773,-78.22840411768955,-165.96354571148197,-169.36133611746783,1.0
4654,3621.5413635840164,5183.357584713684,-3908.1551657971618,-403.6353784137363,-81.72107188484526,-98.84773787529039,-174.61921907024055,-160.7838851535635,1.0
4655,6618.445633867856,6341.079270435913,5425.444458811441,5363.437283865979,-85.18863470082873,-77.66905012502963,-173.85981649819874,-171.10976499013682,1.0
4656,7209.8867926831435,-2343.850501004016,-2573.806721092302,1298.301939592027,-81.37466465998172,-69.2286310738009,-162.21477077773,-171.45027997666756,1.0
4657,-3991.3252414060253,13337.563267467724,-6766.102856017588,-9047.807489988307,-83.87938052014218,-85.18500383598902,-182.9007144353532,-170.06804722928842,1.0
4658,8457.044638312624,295.75915586868626,6305.422987240606,7064.979112342559,-76.27711903211946,-76.81081222001457,-172.52754715721278,-163.5171604440456,1.0
4659,12136.34226275737,-2387.997571114155,5308.455354795733,-2191.5854204484517,-89.27174606368945,-85.62949273300659,-180.2106890110849,-155.73757639657754,1.0
4660,8873.519942372355,10922.755870181945,1315.09716724501,-844.5928917717515,-91.17580807636044,-93.24405394647397,-172.04491180954727,-173.32352230990531,1.0
4661,4910.523532431491,3883.3751184499642,-743.2182205642786,437.7606872261031,-74.52977307912232,-84.6042797945857,-160.68687841219102,-174.18605837915914,1.0
4662,12621.120447733114,6764.749096518774,-2227.7421353023074,-6415.4079002041335,-84.55874630798762,-94.30052531727566,-163.71665376638313,-165.5978630484951,1.0
4663,-4950.144397547916,7033.8283710173455,4966.072159648398,4445.09939025271,-88.1431153623048,-79.11553720575722,-169.4198216593646,-167.79758160676468,1.0
4664,8161.976014509031,1830.0363287615426,-7382.789568042284,-1564.5853456196562,-67.26540870233201,-90.97967351279355,-170.85043699637112,-152.20158686735581,1.0
4665,799.4663636816335,5431.364338392522,-5599.008722457106,-7559.983210312883,-77.9800128110145,-87.8357554485516,-168.54019739079274,-162.9417545250699,1.0
4666,4342.617746577156,991.4761956855509,-7899.795993547533,3390.494926941956,-78.9426647981043,-117.16325775593859,-181.38402799629048,-157.01150731725977,1.0
4667,1080.1573220556859,4177.203280002867,-812.3090942273853,-2692.25906779892,-83.43102731473647,-78.69809504446441,-165.76388851770088,-169.0777777494998,1.0
4668,-3105.6217852648874,-234.09188341378064,-11222.946201279965,11181.28320780977,-76.47768113110504,-110.68792495735754,-176.4519181213937,-156.31794631594738,1.0
4669,2753.892360265283,-367.21568121363555,2533.0394912995193,-3267.098639056996,-90.80589372306572,-97.09070239537614,-178.05107326098218,-162.53664497404512,1.0
4670,4075.3844721915434,-2995.5755455441586,-4906.444149831481,4071.2234336440565,-67.9926959015584,-127.78216902257213,-181.68576745552585,-152.3019079033425,1.0
4671,-2355.8022375049845,14069.4835425886,-13102.340315240883,3280.388727129896,-79.5910720084864,-86.56438017197218,-179.0702429659272,-154.77551318973906,1.0
4672,112.60038697912745,-2109.8195486855507,8.221952891465545,-11299.766550916389,-78.28817843598604,-83.22690600778925,-164.81489410820424,-169.19202319339297,1.0
4673,3656.8309830733215,378.8367633786125,-429.11696462747926,-1112.0619727281764,-79.92339431689776,-72.46850289362212,-171.96073705925167,-158.57644681223093,1.0
4674,-6921.804442272696,-45.850103339661445,7164.81241803141,-14438.170838011381,-62.25304087978337,-93.61469675860522,-178.16131559306615,-153.63330331255403,1.0
4675,1842.9598357669502,-1699.661989072267,-9846.632105506842,1284.5432727190787,-78.4568741639597,-73.79160181873621,-155.63422572510206,-169.4896813367921,1.0
4676,6633.318883357942,4023.960166073145,-4910.330751671788,2193.55548987207,-77.38155805146548,-67.98918144670768,-155.41835488380556,-174.2725050712878,1.0
4677,6597.154519618303,2991.4408043958215,-5951.573687305158,-2484.780255966599,-76.48186531233522,-103.74229840093994,-184.84717383597047,-165.6799011944212,1.0
4678,4222.085122499686,-2500.927835066298,-4428.823199747353,-6949.37353249111,-92.290202435183,-97.41161187369705,-175.81142991641087,-165.13940284219817,1.0
4679,5193.9078044793805,9444.42911859435,-4050.1169162922456,-1044.4533477795912,-83.70158403488333,-72.1322182094217,-168.60781670525148,-158.4226524462321,1.0
4680,2682.71369850899,-1606.8210766528925,-5477.86215646698,8591.319848233636,-89.9854340261304,-74.52274577118521,-159.4068660733803,-175.71185644760874,1.0
4681,4255.661519242936,2923.890505833132,-5330.509868915748,-7060.444594624679,-94.33318089162947,-95.245771385798,-171.36771745195716,-172.68645308746898,1.0
4682,-2138.5453775230008,8591.911131258064,-8994.314182100079,6564.734250894382,-84.58172304086658,-80.1145036090951,-165.6401843591317,-171.0389877293944,1.0
4683,9055.43814991326,2976.7736426176634,6404.6757423847,4191.737121148294,-79.2997550731489,-80.55932892873565,-167.93370766744917,-176.30772343384496,1.0
4684,2050.5674068758713,1457.4634485556767,-6675.691106468439,2487.1086980548494,-69.66536444354189,-68.39519441321744,-163.82775079205348,-155.53880907772563,1.0
4685,7606.338611408494,6086.0216078627645,-4378.450558157909,6428.317007371378,-88.68109894209049,-78.31117577184057,-162.37322432527355,-192.54444535101285,1.0
4686,10283.996287946102,-2324.8646947437314,-3329.5006344738804,-2085.931158548869,-80.20578035992126,-110.8215173954156,-171.49970679971676,-160.1814943108797,1.0
4687,6597.992807918995,-4535.381780068823,-3172.3607659591553,-8687.371234433034,-77.82105215121692,-83.98315596375608,-165.38881137309056,-175.18708819797544,1.0
4688,-870.7698043151972,1493.099820203757,-727.2995864573137,-6060.80782394655,-88.1070867928538,-90.413231321944,-170.96646026625396,-165.6006863188065,1.0
4689,4762.016721117203,-8617.458892215951,5158.17869927285,-9781.693704128773,-83.59717488950511,-85.9439890614482,-162.5313700780462,-178.50824412391728,1.0
4690,10130.285773372461,978.9609626431682,-5331.636899753659,5461.543603005463,-78.27687497456621,-57.60882477797841,-166.28869175029115,-167.7009230351705,1.0
4691,7569.53762732584,4612.7034248145055,-4210.083138080861,-2346.931398627328,-76.84897327890852,-77.80216738353826,-159.43485588915152,-169.083410108181,1.0
4692,11858.92908897037,1292.7722804452465,-6660.473656714426,6677.567334555631,-85.26452004625648,-113.08503692576713,-178.80939463576212,-146.99876753044447,1.0
4693,1543.1050213799895,-5227.189733515246,-8357.280112431872,3982.3909995445365,-83.06311048961899,-77.28386712058168,-162.4749802940029,-180.512047281212,1.0
4694,10966.208942742534,-2165.6031608034286,-563.3655998109921,4688.372808889044,-81.71296425710251,-81.56918280717635,-176.34947032535243,-173.43091230873762,1.0
4695,-2602.948213368477,6430.919391437136,-14337.763360380643,3265.600940406258,-75.48059618923133,-82.90052882463297,-169.6646871159221,-158.23189774907817,1.0
4696,5641.091073532797,1589.312456498004,-1462.3171795445767,4543.889826362283,-82.32272677867383,-85.96030124063164,-175.8977773578144,-155.06794393042296,1.0
4697,4838.212481672159,-172.6294904545438,-1590.1482048034397,4142.8535559631955,-74.78932819863827,-95.75775593784599,-186.28691677837872,-158.79999962825642,1.0
4698,1127.9466931484992,2583.1537592748386,-2121.456457979736,-6225.28629398372,-68.61386781605344,-115.77183581665435,-187.92593266325844,-159.88033377976052,1.0
4699,10492.365856821809,337.47325485152714,-961.8643272302046,-2375.9037868804885,-74.45129877060737,-91.72777081337121,-173.57190923930614,-158.02634076628772,1.0
4700,4802.3342307063895,8805.24142978806,-6094.8612292310445,2558.8914455240892,-71.52920714399362,-83.34211619119833,-171.43898370237756,-154.80542519740337,1.0
4701,1179.3613850346142,-2758.944447923398,-1172.2807660226038,-10124.287235935639,-79.89399627018322,-103.2627093897276,-185.6309320449308,-156.86030576147365,1.0
4702,1513.69078570721,48.79370005702333,1408.0838765200547,-6031.787627507869,-82.95641087083686,-97.89734682824196,-174.15564338698198,-165.77803305973418,1.0
4703,5634.395121697482,-3635.5618645545333,-2976.2433282562965,2981.68804867404,-75.62808383799546,-94.07148655083924,-172.87370054070624,-163.7836408058459,1.0
4704,2225.56688787254,-1030.629825593208,-5432.14943321924,5634.03717881834,-81.06735258515747,-75.43648091858303,-173.87201680509725,-159.77427180021456,1.0
4705,407.86363648323487,3451.5611917497654,-12344.93006310539,3172.222128819439,-80.08519817765446,-104.5792931264238,-171.10907038002003,-171.01657375016293,1.0
4706,6917.758064744534,-6594.3056591694,3788.551139244628,9587.514087925347,-77.17354179660543,-77.41627795442626,-168.21098926276844,-166.08322697248505,1.0
4707,6465.743169878381,-3702.1548711651817,-1906.1236689489892,2724.42307857085,-85.21539317989351,-88.01860657332215,-171.3089053442791,-160.98645525944735,1.0
4708,-5001.926608665452,3907.9596572553655,-14007.716040242916,7473.690621000395,-83.6510269203151,-91.81503805316382,-175.13135053486582,-166.33238371504268,1.0
4709,8838.721283763503,-3067.655894572089,8043.530400071924,5891.380605547859,-83.9596963429671,-76.45669472980306,-167.85882480813092,-180.83638276592418,1.0
4710,9804.787989057219,1561.1563029939687,541.965745764569,473.6489893587805,-76.40926442925822,-98.89147019569343,-172.92712463013132,-165.13345399739913,1.0
4711,1313.3869692648718,12079.549311288823,-9170.744806172252,-1657.807688211276,-83.23758241472727,-127.70442764626075,-186.9177941869457,-163.48409217888175,1.0
4712,9804.108914177861,4850.591067383692,7383.131540314052,1114.0161312164878,-67.42719029567053,-99.29055038129712,-167.6518459070164,-155.52698286344514,1.0
4713,7217.76270346823,6846.0380636333675,3068.952284514441,3461.695186970143,-77.84392952747693,-100.3689853655969,-172.77440649114973,-145.84828945511163,1.0
4714,140.04760920881364,3307.315852223484,4161.110797055933,379.3010447571907,-91.05035320408852,-72.64491409067587,-149.98978836495033,-180.86428347781393,1.0
4715,8716.309170995188,-5318.736369387244,568.5172151880527,-4058.211070985229,-80.14768429194712,-102.18344085971209,-181.60621019189566,-174.7242784369084,1.0
4716,8093.971600020545,-5823.946823471253,1228.4671834221642,-3509.6280386377935,-77.08623649436925,-77.45442651301508,-168.251989727874,-179.23397430219586,1.0
4717,-284.35259342037034,7224.212625822342,-1087.0640366316452,-3297.8135202808035,-67.97182057390623,-114.16399236467944,-167.29875877609788,-158.75035176536602,1.0
4718,8479.12617633166,8657.007000669295,1492.2927491186351,-2848.487283364952,-82.69166745121836,-86.21063356206618,-165.14930013429733,-172.3587855976623,1.0
4719,-1781.2068067279108,16959.545554084176,-9392.275478468038,593.9031992676846,-90.37775052801841,-63.56560505174117,-152.85623024167126,-169.5380365812154,1.0
4720,4975.948290593191,-6713.512791269146,874.0622058742438,-10560.593744409545,-77.31522545659352,-100.82632762830507,-178.19985655795625,-163.7833514071526,1.0
4721,9162.761940170763,4607.693026855361,-5022.0198506954985,3113.1662309908143,-82.39161380014588,-109.41617800535994,-187.0415997840087,-144.4164775889395,1.0
4722,10405.280806518938,-2164.0961983020575,317.43602227412373,4935.486893087774,-81.05973134748268,-52.81286988624865,-155.90881838180314,-169.74731011301378,1.0
4723,590.5299168107794,6600.056095176588,-3279.121766481559,-2422.9961276196814,-86.66417042934714,-90.4226053838584,-162.1466063993017,-166.8371584585927,1.0
4724,6386.771124084269,-1755.5929694399208,-4918.8371042030885,-5751.048619755663,-92.66420009363884,-66.75537656463166,-154.54761269859222,-180.01620816681108,1.0
4725,6374.20479542958,-2691.2766952805973,129.41176507820362,7017.785912691128,-78.12790341930653,-83.93574912120765,-169.19537215833282,-161.84308516446555,1.0
4726,-171.67288809326254,5853.351030614144,-5295.711893830597,-6477.049848639576,-73.99228088324168,-96.30723948035141,-159.60319534279856,-176.5091844874242,1.0
4727,1369.1402856110715,3388.677756701261,-9851.75911553815,2164.2948245767,-64.32015665267552,-66.59401644239784,-161.54224421950124,-172.30097134203544,1.0
4728,2308.962421547678,-152.30550927985354,516.302155230544,-4437.900436588046,-73.04753380759928,-84.55090837869015,-164.39142662768907,-173.24662540356036,1.0
4729,7755.780141504548,-533.9862110513152,2427.1736239527627,1444.1369202752542,-99.97675309399538,-92.97513075899711,-174.8346189574592,-185.818418075936,1.0
4730,1702.9843362993363,5275.611434236627,-5774.437629649575,-7900.226204294377,-73.5868013598971,-82.0960357686838,-165.67721768797438,-166.07729529483612,1.0
4731,6072.941126534224,7189.118889185819,5924.451896432597,7155.081879755242,-94.34976823486639,-94.1848650139217,-174.80555462071206,-180.82336125010025,1.0
4732,13544.008979530932,7201.45275344278,9272.585386457466,39.50883133960525,-80.44017527585048,-67.17146035157748,-159.80201551820488,-171.06370735279214,1.0
4733,5357.481896525579,977.5009415608222,-3351.941613885177,-3161.595225584855,-75.64812902089994,-87.25782973118768,-172.86435607053238,-163.7118282666886,1.0
4734,10381.716662129149,26.794117502297432,-4667.303910255048,4615.716571359386,-82.76153359082095,-84.87673419482906,-171.88317923431745,-163.27987453328439,1.0
4735,5405.400142921974,-662.301872417777,1608.397719373833,1390.0489145093818,-75.44012745723879,-79.5447117384339,-170.6722486895499,-172.81210165568788,1.0
4736,5238.987891224136,7449.877327108372,-5541.392167442963,2012.0748146267276,-80.00567058759144,-78.53045491379292,-147.34395894795938,-185.1946519973525,1.0
4737,1151.6823927713133,5637.339042041347,-4864.602961772971,-7760.546085906695,-77.15309460846512,-82.71512080587608,-167.65367584069034,-171.8232777059161,1.0
4738,2057.9381937207854,-6150.12128014795,2288.5340664782575,-13652.707556090063,-76.05589658733072,-121.51149844025943,-184.95420070209173,-154.2298356337421,1.0
4739,8538.08594732232,791.7311765562603,-732.5849111899756,1457.721361766722,-71.47773473299986,-106.56602942744817,-176.3506864350247,-159.31856101960926,1.0
4740,3731.025525426406,6292.1519374539375,-6676.271171416885,1014.1468032851906,-95.05379492856744,-91.54336355693076,-159.8991718778765,-160.66099373873692,1.0
4741,1274.3998969723034,-748.2232214687783,-9082.61470968491,5394.2825048577415,-71.58378540504913,-93.10061778797237,-160.73238677930092,-180.3194924154121,1.0
4742,-460.98207569329384,-1333.6949534651876,-9530.771254286714,5705.152710001149,-82.84661029717621,-108.31496427312119,-181.38137961239616,-160.57564851986342,1.0
4743,7715.423087498888,-3322.380665140081,-7462.643075145192,-2088.075851493692,-84.82499750561527,-86.35562969613213,-167.81660031344146,-171.65507496568276,1.0
4744,7915.247021853698,3178.1957701312576,-9488.699141807827,-1898.8904952111131,-75.0063029777496,-101.24038247118581,-178.17733887947654,-169.6706277820136,1.0
4745,107.966650576937,7878.587309478769,-5616.379417221483,6931.054746494691,-76.25345294427697,-88.90333203773702,-153.67486422980141,-170.03683460328008,1.0
4746,12628.860006317464,8301.958158231768,2302.2046243459013,-6403.053108941716,-79.61506350297059,-107.12337660735604,-187.08864613821552,-153.5735987158631,1.0
4747,3328.3782093250256,6303.802312582747,-6954.436005621644,-9244.010770507093,-92.16209513980897,-57.36512498507764,-159.1861473905218,-191.93873018958658,1.0
4748,7004.837516426398,4893.216710671931,-592.0103798846088,1371.7695616350766,-74.61954399776857,-95.70634198919332,-167.52493394151668,-152.74450258738784,1.0
4749,2505.170801316833,13621.109158175936,-6422.661526254656,1613.9573882249865,-73.19412955020871,-71.7919396753177,-158.60149634906486,-184.74432103440088,1.0
4750,-2440.387461573413,719.6788629543596,-5060.4418427960245,10001.938260135557,-88.46119590386641,-92.22704762236572,-175.3330891716589,-171.19420506286656,1.0
4751,10502.50005280052,3862.658173961667,-8274.899792160591,3911.1770860377405,-66.52351540620373,-105.08208552632448,-183.28446859727373,-152.68109718579473,1.0
4752,-3003.9350624388503,6164.404097880716,-6460.8965454124145,-9859.364557975996,-74.41809603406638,-78.13903811820873,-158.48510487971478,-164.61722096408573,1.0
4753,1171.2076366685174,-2905.6207600203056,-703.0966196965305,-12521.223343336656,-63.25996764478296,-88.98081907373148,-170.04862668196108,-168.58617060514388,1.0
4754,6711.835360664217,1091.6586764035555,-1604.9984817190611,-1517.351069698484,-66.60941768162436,-93.42352254804864,-172.90353274902265,-164.53042843534402,1.0
4755,9018.38221159955,-1977.4111102918712,2438.150704432752,1190.604175144586,-89.10249453621451,-70.43735297573227,-148.6828083350809,-194.67354389936682,1.0
4756,9037.099181431828,-4580.581050645397,6797.78292903309,4759.721097251543,-71.89694197863174,-106.48286900857995,-177.1604108747529,-158.30099510948088,1.0
4757,10701.713708340181,9700.924327096782,6968.4147492436105,-577.2245342074478,-80.02730164346636,-56.22662791970349,-160.00749850646127,-178.4878765537446,1.0
4758,8212.142650814985,-2547.116776532158,-755.3523556339785,302.728476526378,-75.31253565357368,-69.99316119968252,-165.58260982096442,-184.60040392324385,1.0
4759,2731.2075194286763,-3008.2081032184055,-13603.116820814399,355.93250296940715,-83.3988836352032,-89.55604607367603,-166.40124651203217,-162.8775245824106,1.0
4760,7829.666125781051,6573.167676693636,-7435.517480830739,6888.5345113976055,-76.8073760012133,-96.97849608243007,-183.31623738622724,-163.83687847654411,1.0
4761,-1180.9880211557054,8529.241791107435,-4110.705351035761,-2288.2193307424473,-80.4667956574945,-102.03993619058775,-176.3766581037134,-158.92416493491714,1.0
4762,3121.122283522931,-4272.961650529922,4138.261257033081,-5508.115000605296,-82.60154920647045,-97.9253750121356,-181.5905857256498,-162.4964960911352,1.0
4763,785.7736526780084,7206.622646688954,-9812.442628576218,2441.3357025504424,-86.52483937344547,-78.79907540527337,-163.0213258864801,-182.1481223455388,1.0
4764,3552.300870469299,7352.002777680604,-7654.16094208782,1555.7395589520193,-74.30866107967933,-101.81420443795555,-176.14835884328062,-151.13670223386083,1.0
4765,5701.289192729768,974.9467603256634,-6383.94696175822,-7529.935819564193,-76.2623780265128,-105.53586149809382,-174.45984875109036,-166.80964807316275,1.0
4766,5835.444831248148,-9740.746383488959,2245.436935023029,-9192.323173990142,-65.07791686524487,-54.42962154846294,-143.67279329511695,-183.23702741288474,1.0
4767,5898.104127249791,974.3676875796683,-6224.097410651687,1578.745062832199,-85.41928694678673,-81.6770393141071,-170.91482836737453,-166.2199500672398,1.0
4768,16019.19919903126,-13594.585835059923,9859.525698158985,1582.6718677380302,-76.98728760761365,-83.81344556836594,-160.03820197173624,-177.37010930049934,1.0
4769,1286.0322629687935,10102.691168511767,1640.658153361469,7767.846318627633,-81.87286807170915,-88.58691970708891,-174.04415081781386,-165.8381224460407,1.0
4770,2609.17686186872,6178.096772650615,-11855.792874606432,258.62025708098236,-83.56433618704388,-84.0985856579016,-166.7698833867412,-150.89149565342956,1.0
4771,2901.5649531657755,-2161.485496674939,2834.979193272988,-7130.102265539814,-84.11916203103571,-67.29180232434204,-170.56076981092033,-167.41733673692534,1.0
4772,4806.5323752420645,-2281.314429854294,248.6057773786947,5503.755141835708,-90.26095478596861,-65.05296765795177,-158.12478998171537,-183.0518063365528,1.0
4773,8593.746577203032,7390.646525664196,7913.9964260283605,4508.400255055214,-93.01962286784274,-64.25088638798236,-175.38369943318423,-178.20297244595858,1.0
4774,12699.647554661477,-2330.892075583458,146.41163974420923,-3974.7535259368365,-73.65740122870653,-81.42707664120853,-168.50158336205214,-165.46516340312584,1.0
4775,11928.642439116617,2337.406624316222,-9120.400578867935,281.3900362589417,-67.2204389269879,-102.25810214243958,-174.64637302107005,-162.98628680344052,1.0
4776,6769.780742968584,-1835.5681433370585,-2049.0346323704484,2487.0885009612425,-80.35142916289325,-82.5553789960892,-164.4006217135943,-166.97193373039497,1.0
4777,10900.634410982802,-75.6910709279004,7595.1555662675555,2889.9263413222325,-80.35426300411143,-93.67502861057723,-174.10927459205914,-148.80899346041554,1.0
4778,10213.640684468033,2565.1790267355104,-6199.338175494834,2815.0364679671643,-88.91255221368948,-82.49749399625675,-156.98901770744436,-162.79025853195526,1.0
4779,-906.5536850748513,6103.697305676787,-1085.4495116512535,-5795.594928581349,-75.1057615701776,-75.06377510600092,-159.2084674190849,-159.82702125133838,1.0
4780,8804.609723835609,8930.563056950265,-11253.84977955071,-147.93497941212763,-87.28806279495035,-108.93090086895131,-182.30127619992027,-178.53569688213472,1.0
4781,-1076.6844098903773,7839.551009520237,-5643.309298895822,7668.605638848053,-83.30225896434135,-92.59289997472688,-186.51707251711196,-164.92565034831605,1.0
4782,-569.633105962256,6516.5957572664365,-3412.364481773585,-5191.36760813395,-70.088790580219,-92.51246580317984,-179.09154892395088,-170.43069166309786,1.0
4783,9751.852754972708,-5903.367653645447,-2156.3361208875535,-7855.538509739402,-81.67474184427877,-76.72967304570045,-162.80506178277074,-179.82715990980563,1.0
4784,2003.3716082112737,3092.1235075131467,-9064.602764518993,-14410.73145460982,-77.69649485681748,-89.16798382087161,-167.89683119846202,-162.2144526834498,1.0
4785,1980.137647000963,5964.1963924017955,-5313.886235071007,2246.414055982868,-73.6573226987186,-63.2224727197231,-162.34551655323517,-179.60088569408313,1.0
4786,8566.730958804812,2480.8005610411305,-4989.451229968905,1679.0517292114503,-81.41898582337208,-78.08068004132595,-166.79486764072237,-167.92121711403166,1.0
4787,-5495.303885818538,1345.9494924022931,-13210.978146231419,12892.239470462406,-85.26190937668856,-111.24035442847438,-193.79922872922603,-152.9691672650113,1.0
4788,1128.4861888766634,5631.467140737404,-3898.710718680525,-3943.459105440062,-68.95664831046908,-111.50516541845816,-181.3005414869142,-149.2010275180322,1.0
4789,4285.411770065353,12092.60117133646,-9866.456822073558,3523.141099693177,-82.28340047709638,-80.13748956853927,-166.634011524911,-160.6499264741429,1.0
4790,-2905.120921192838,5349.609704124542,-8136.861155161389,7255.270327444703,-71.61766279047916,-110.39773413412746,-185.40293630690175,-160.79078623879104,1.0
4791,4566.23962012601,3866.183777260786,-5703.9383624866905,-4638.284693074862,-93.05080772767334,-89.83964006535238,-181.6326116326066,-151.43406257356915,1.0
4792,6221.170823982789,3230.149927129335,6341.598937329106,4555.452217529832,-67.49456890299545,-104.02819463405736,-160.1516142096415,-151.15047838769254,1.0
4793,10930.174432736836,497.0493914896483,-9132.728335093314,717.9332414942885,-69.9220738911232,-104.36197511628441,-174.65251741063264,-168.2880281229759,1.0
4794,6138.0070511901795,-1643.089843868149,-8541.258847577195,1830.0393770690973,-65.16785210022432,-55.51176601229943,-147.94456508873378,-180.96343218832715,1.0
4795,-2573.584511222577,6367.527134298784,-4518.411719623339,10505.986363390668,-68.35900344180413,-96.87913654191087,-179.18811689005747,-161.90636714825192,1.0
4796,10970.547704647515,24.03078136484904,2769.5150803820716,-392.79124275260637,-76.20338681172389,-91.35155354246282,-179.1203471504958,-163.8370823870963,1.0
4797,5480.064179794781,24.27789511868239,-1254.5279946042874,379.74661986651716,-73.60148891888383,-117.56321672669105,-176.8738262915953,-151.7710391187202,1.0
4798,-95.35242659481158,4518.8076258783485,-1692.9899850678878,-7970.725758790976,-68.40322044621294,-91.58373584605998,-163.04748702027004,-169.60515858275747,1.0
4799,2951.8306720457776,3484.3534473829195,-3957.414246071633,4626.547265276397,-62.14597851735907,-101.77182900659304,-187.9925600568404,-150.4933379496494,1.0
4800,-4448.105182421748,2371.5995982935965,-13121.553209031697,8692.491624678982,-76.72080712367712,-94.8185829502783,-169.70194893363404,-151.95058355854758,1.0
4801,6239.772900440636,4959.703525305902,-876.4649589369195,967.0579450036452,-80.89757682962714,-65.85396076592417,-157.1196006169972,-168.25913931317146,1.0
4802,5562.225475157286,5193.461408678845,-3021.0924507264704,905.3445722814532,-80.69273843758545,-88.09605998259701,-169.31940784990317,-164.52200291070127,1.0
4803,125.02305228151744,1015.3156614974175,-1082.8843690379722,-10402.328433229519,-72.06758179920816,-106.59982331055625,-177.2868833801195,-165.85229693536672,1.0
4804,-71.15741209961435,11123.307249155729,3901.4731882387487,8802.968233674022,-71.17380477199808,-116.58272219878292,-193.20187440166015,-150.68959448198711,1.0
4805,4995.908087114042,2457.8775673315467,-4125.860102407972,-6186.131078725893,-79.31297284234483,-75.87834614313536,-169.57200724087488,-179.45498618501514,1.0
4806,-185.598757474998,2814.0654458595354,-9179.408156013475,5515.303044543366,-70.86911247619693,-118.69402488052754,-183.72878248212635,-148.7985954148884,1.0
4807,-1691.939658829798,11249.260760987756,-7315.902718230156,4196.875533768652,-94.76940776597979,-121.11299695456108,-173.38985374444943,-157.91173244210881,1.0
4808,-8019.740452246186,8496.927928942052,-12806.641305893289,11979.22394961745,-82.42582697766227,-103.05819978231513,-171.4644365495001,-169.73252568518285,1.0
4809,-1151.7777255436497,8536.968694881678,-2626.775134173323,-4557.105532747643,-65.6701150138737,-102.89203126010449,-171.0133266802918,-176.06675084726737,1.0
4810,1361.8087533924129,7964.375130247685,-2113.212810576229,-579.3505589829548,-71.72470862899819,-103.25794547872947,-178.55211531844967,-168.3974786721044,1.0
4811,-581.1985365226113,5195.0136057050195,-5334.676277796625,7852.899925961479,-87.86122048284763,-100.54945342471693,-175.21631031821394,-168.67730166254162,1.0
4812,4006.2897196961258,6115.0139557935045,-1868.383196224335,3544.862251566677,-76.05416536355767,-97.87332937453085,-171.08126750248852,-163.61703491899317,1.0
4813,-917.123368801032,5103.891502581643,-3447.6695751575203,-9762.916651787953,-66.27063881053651,-93.64944059695445,-175.9093344826834,-149.76432368251503,1.0
4814,1334.2234121366862,-2913.523385651227,-3715.214536120132,7583.429312881806,-72.7283049576925,-94.2457285672858,-180.48788363860683,-162.56362401609832,1.0
4815,2057.4577451645596,12732.74970328633,-1659.3228997112358,5126.248944721231,-73.80683660780535,-95.9009809730476,-184.85585535911088,-163.22825254487594,1.0
4816,14813.87599180806,5356.690182995813,7665.063640662853,-5638.591061005724,-70.29669950205275,-84.9530780064737,-159.79620642220308,-174.59527786628902,1.0
4817,4518.84623911374,-1483.890174114714,-1681.0834921853468,5238.595213751969,-73.1603028401126,-96.31975780358117,-172.6622956922934,-166.60308940107808,1.0
4818,122.24265398462508,1381.1477432079546,-214.4250841152151,-4414.892937751904,-74.43804608988513,-80.1645487301051,-170.5494769161898,-149.3441573496288,1.0
4819,14656.583514093487,2133.1881152370106,592.0086298066453,-7402.441687128208,-74.84787732755274,-95.40765741812308,-174.64438771354364,-162.22656175524475,1.0
4820,4269.490162514878,3813.7046993289982,-3092.0636798936425,-1675.4538390031582,-87.48159357515524,-109.108619312276,-192.95557140276225,-148.85734850082693,1.0
4821,-464.6236724282242,12872.913378707626,-9738.333953910227,2418.022113207811,-95.9737116965336,-85.39016288199022,-174.22180902313434,-148.2380391799127,1.0
4822,4678.421857503623,911.6211767207872,-1168.0281292647542,-5707.24767635344,-66.83911005641396,-86.49871662254976,-175.14776384673385,-160.38326672697204,1.0
4823,-165.29247057466768,2162.3104323604994,523.308157002242,-8130.511953305377,-79.10361069029541,-78.41819095925072,-146.93247305428346,-190.47307650740012,1.0
4824,1787.8793183896817,-2237.6283004542042,3111.5191207006023,-7895.137107840435,-72.18968001971025,-100.88191148002849,-180.56413765682157,-168.55396780415754,1.0
4825,18229.103460440525,-163.45924552632508,8308.856146945282,-7127.847538949912,-94.75424523296297,-83.3647614506568,-159.6780129691616,-162.877179048649,1.0
4826,5057.914734370193,-1487.1409707533512,-386.35937358819206,-2841.1297405310393,-66.1766717600255,-111.77414043600834,-179.2740842176272,-171.20478226557722,1.0
4827,8692.486834883877,8536.461871096575,-13058.34126324507,4033.147838408036,-78.19377679083856,-75.03168883457468,-166.64099309855163,-164.15731322506525,1.0
4828,2516.104620900942,3019.727159161391,173.56901778582312,641.5584678950421,-71.12503262927684,-91.67939714972383,-166.5744595455511,-168.14698370816265,1.0
4829,-3126.6132200422335,5350.486165315282,-10926.672814927299,6784.250768174843,-82.52555772932881,-98.45812001154279,-175.37130224211208,-154.13321528727306,1.0
4830,-4321.404899713649,5230.23039962611,2347.9745471218084,-8040.161457277506,-68.63765496060942,-117.8553229455165,-190.4041011725537,-148.106004843399,1.0
4831,-8111.867397678889,8117.725789553912,-5251.475596368375,18061.247690638305,-82.44655462571723,-77.40024137118296,-169.22458620743384,-168.98970743211842,1.0
4832,6016.712074000063,8344.670260355208,9863.183740817742,4481.843217856934,-78.84294611946332,-78.47874648416452,-168.91537800383696,-165.42721960994737,1.0
4833,377.184361024526,5520.488441191303,-5925.8030860244835,-10703.656654061817,-69.62182855303797,-92.44470418680476,-168.45341395159096,-149.34844158011683,1.0
4834,2798.91067939241,1531.7361217855178,4496.183130070378,8750.10627640808,-78.99211113784676,-65.60813488041765,-156.6653435704781,-180.66579961544957,1.0
4835,1008.8337748941409,3833.7107234993846,1906.4573884019098,-1391.5214294506661,-89.7303823530277,-105.97089432261993,-168.97483782000035,-173.35344644602876,1.0
4836,-2501.1433625290792,7563.854460154319,-13060.92366746018,2731.9046802666203,-90.4100829704258,-111.31074139609544,-193.17608151973903,-153.0886777713941,1.0
4837,-1606.9087424425254,2077.5716482676985,-2935.657829336547,10787.91271304949,-76.61582873352029,-100.9184013751655,-178.93567217520703,-163.59145183559366,1.0
4838,5780.327802486549,-3565.8366355381017,1538.335589239679,5117.633776008433,-79.30991960749506,-97.42020942727116,-187.26343703897055,-151.3844446621041,1.0
4839,1388.5758444042704,12355.35103341296,-2804.6445040490166,1621.8478117001523,-80.44398976149067,-102.89745734731977,-162.30981419917248,-166.26338605134828,1.0
4840,-3453.1962911893033,1857.1439586336082,-2425.6205523770877,11768.041134900615,-66.32487803001746,-102.2677770520957,-170.66281446994333,-160.70170278275717,1.0
4841,-1404.6723425265156,5683.27618530842,-8336.648220712583,2578.883239707403,-79.69876343031287,-108.78876874345931,-181.31777242443707,-156.8048305074433,1.0
4842,-9400.761653294396,-105.15013080404012,-13178.665729473058,17449.8427342682,-65.02803157871662,-94.56458452863777,-172.17698792080594,-161.75511245420103,1.0
4843,10723.090634107195,-846.9490737475911,-2766.796287987627,2774.838929788818,-72.61012812479603,-119.50240134523006,-182.05579148452307,-154.67354861010978,1.0
4844,-813.7225225104374,4130.176495434224,-4915.502469977358,6762.791460654346,-77.8030119309965,-64.75127641285333,-152.82552943671672,-181.1846983844219,1.0
4845,8030.577127745197,5304.699016228557,-7666.586072857056,1855.6297047194712,-78.99995848688305,-82.51567704921307,-167.30976264085427,-147.6147621295288,1.0
4846,498.6426799064021,-3800.201948279317,4318.241527904348,-10936.566162991237,-82.96526335827373,-81.79046467903491,-163.22092636330314,-184.9021914459179,1.0
4847,-3284.4765159851454,4937.243345146046,-6168.195986597714,10143.206718912365,-94.91983421100885,-80.25325968074429,-165.47456381404993,-186.55292001438437,1.0
4848,-3373.6390756450755,1627.7469951698445,-8631.533218017612,9766.19673879258,-78.80738282726195,-68.2960322568676,-167.32822035988178,-171.9988134133936,1.0
4849,-2249.9871490347414,9898.906462171342,-12544.43133700836,2011.8401707394771,-76.38738111535332,-64.32043499758578,-162.3246774107573,-171.63650264626338,1.0
4850,2293.9625341720575,9136.924541862656,-2251.2699987557426,6706.19604525422,-75.4274393507869,-84.64058544347924,-174.2934310431024,-177.9453447238002,1.0
4851,9763.625522519515,2151.6764099469983,-3257.25865415756,-4309.65391887854,-84.9001216003804,-94.77135675573332,-176.11586362219816,-176.01320478049442,1.0
4852,-5370.983119675428,1265.8008757285431,-15938.5811605575,7879.100364598621,-68.67334816707624,-95.4426678589989,-175.06169290600548,-165.56037962547995,1.0
4853,3242.0562165080255,5685.6421591299695,-7196.959411057188,-5598.176965236043,-79.58349902280557,-78.54288445210315,-167.18392051744178,-180.52027078774776,1.0
4854,5954.05336932963,6855.3340644021255,-8660.736483817867,-1142.2466113749233,-87.68971709891665,-97.65520704701277,-169.8858614982941,-169.1954779979954,1.0
4855,463.8711430574234,-285.4953386494441,-4029.1997085798653,11143.195014224802,-84.01725720671547,-97.01289841723143,-173.47190980102084,-159.78389361186564,1.0
4856,3103.411462116679,3876.0106789577594,-1715.952975112716,6307.503945101582,-78.88029483728167,-87.53379829158605,-166.5683460100781,-166.90466025987416,1.0
4857,-108.78217379348376,3403.4624639798026,-2027.1559392660947,-8970.892268929114,-76.45042914778955,-89.98011100000973,-166.90694695796603,-165.3950217428523,1.0
4858,6090.566661889049,-748.0625741893783,-3507.4956163732463,3664.587903388647,-81.31770479976683,-85.9060498355335,-179.27146925220356,-163.00940936344278,1.0
4859,7672.378527453646,-2905.9799132905905,-88.51930831668753,2160.6273752991333,-76.2641472134018,-46.00943879874011,-137.17335294229466,-193.00656745862065,1.0
4860,9454.535522091774,-3623.179632830705,668.4195733994289,1103.303380541424,-76.5601586543215,-91.8570812840575,-169.99131402272536,-170.63604287333885,1.0
4861,7111.891011475858,-4632.711621227624,-293.77363218621565,3616.804364415215,-88.63879004416661,-82.72474205713537,-168.70922273445387,-157.73664811606918,1.0
4862,4251.8476296144145,1681.7042547745461,6293.644067104637,7459.0769608931805,-96.3522400853993,-72.19090210014409,-160.11037977150613,-166.7748969528621,1.0
4863,921.7262240559419,4342.619406358489,-3523.7389211134487,-4419.8414299998785,-76.92814915178805,-52.06772051998643,-149.99997318062978,-185.02281148043122,1.0
4864,3285.0375582721445,-2794.6655135949936,-640.4929496512088,-12016.695720004682,-81.42234867386139,-69.91426886997786,-154.8632297049528,-164.5710873708686,1.0
4865,2851.635750715155,4875.629943023793,-4971.626602929929,-5950.634224920501,-84.31219963135351,-109.39221996724642,-190.73216974346602,-139.88358400674807,1.0
4866,1119.3480295493098,10237.615502501154,-6661.249795272863,-2698.580556759978,-83.67362828177474,-107.76838314164233,-176.94588672269208,-150.89103777083983,1.0
4867,3209.4472810191032,-1718.1976493716102,-1243.635621861977,-6419.242176517779,-93.32540516046777,-68.05151506488333,-169.42031700634644,-162.1613627253807,1.0
4868,11525.922854333068,9482.820466156514,9408.791487786248,432.7344620795901,-84.83983047736824,-83.94231748209592,-162.50063518644606,-161.78738459348222,1.0
4869,3649.228781241165,7202.899040422983,-9513.343195233856,-2671.4634937291303,-75.70260547161058,-91.75158464922939,-172.594637355016,-184.44731883628495,1.0
4870,14488.439283653259,5917.870063487911,7383.084337345029,-6763.318140624575,-76.51557374963883,-79.6924836624776,-169.3685149455495,-168.26722064553857,1.0
4871,9141.3433029641,3655.883594942786,-2982.812695568039,-920.0246510985512,-82.73816763679216,-73.00612894916357,-176.1979912927481,-162.7953859947931,1.0
4872,6387.485224921082,2174.9469627565554,-2243.067363141428,4327.827183503059,-77.72323067151778,-121.02909102474493,-192.32100713130774,-149.44520784841256,1.0
4873,-709.9038196709499,3031.3751475675585,-7134.190302068579,5775.635146568954,-90.36070741378941,-91.23724487120855,-183.09119523903286,-152.96638047322557,1.0
4874,-2986.216477211341,-802.8595785521957,2994.8590211054966,-10278.73553894387,-87.19069589120204,-85.49520719049353,-181.77083265074245,-165.26472911041384,1.0
4875,8064.725284582601,2753.643475670093,5061.9079005230815,2461.049329924197,-81.80312915941563,-77.54539930527655,-160.7587042607454,-168.66364882928218,1.0
4876,5433.86267497506,6893.971283217806,-7080.767135907172,-2545.538550880545,-64.39997497219298,-86.7452590191533,-172.40307435717793,-159.6202232591555,1.0
4877,679.7908391863006,-4626.057268476589,-6638.619083163948,8588.130400841012,-73.02270018134226,-103.17575132625159,-171.4506181694491,-166.7777378349945,1.0
4878,5165.781177889521,9016.036828066643,787.9435692869046,2739.573217518681,-80.89165316449785,-66.73514809016557,-157.0181477068712,-171.9272896431691,1.0
4879,-834.0111226338096,11450.013868438797,-4824.3239339935635,6413.451367774482,-75.75575425397257,-99.55035922364844,-177.39734883307486,-161.72021599957685,1.0
4880,960.4817802552477,-1389.9824494045192,-2356.509478292567,-16233.148907413906,-79.2353900051545,-87.74863752073394,-170.57379798659755,-159.8434193044306,1.0
4881,3608.349510351384,6502.445168328774,-290.0362279903841,5463.645721099922,-90.08364986290779,-66.98466456163501,-162.20403874675932,-178.47750546161848,1.0
4882,5955.0130821621715,-1824.6494070639199,180.21995010236049,-2238.02568090023,-71.56833677436018,-76.86780712811108,-164.34423385366847,-184.6160350528055,1.0
4883,1828.6370050666833,-1714.5912722362602,-6419.545791883465,5148.677840760303,-65.73768678868831,-64.18661123668014,-163.49292758950762,-172.54107485447128,1.0
4884,-67.78731428065842,11279.316598999012,-3583.3188886516564,1358.508002825967,-69.58745312210885,-126.5179652791519,-193.23117542500825,-150.59466687013648,1.0
4885,8426.339114305409,3067.467705178135,-1362.4919993559015,-2714.9100585693877,-73.68249878082041,-93.00825216339443,-162.92251220255628,-170.40038769161026,1.0
4886,9077.39211541144,908.1786066462132,-2479.354380707638,-3875.422530207931,-73.15685730809292,-70.08148462601619,-153.93335764883668,-182.75560462560722,1.0
4887,4050.904816361326,9053.108546933572,-6305.962976536186,2374.3704043136504,-77.44543649827743,-91.45200502018747,-173.6282002138729,-160.98283846483045,1.0
4888,1561.1833864824525,14933.92666406238,-7602.088043180869,2263.570024353601,-74.42975026369639,-93.8299698618239,-174.04215203417888,-159.82863177782912,1.0
4889,683.7380249980037,13496.239970003659,-9874.845603701473,-5284.015018723881,-75.55218617729301,-91.937341383386,-181.5867397621361,-154.60299323916658,1.0
4890,-2780.865278807357,11943.093438069249,-8213.170979743378,-5314.282430527772,-87.35006139512657,-92.7556970515734,-163.08350899031186,-176.38563955765193,1.0
4891,2567.9966952515565,5687.507306449067,-6864.10642470359,-7586.667485109813,-70.84354419239395,-108.30662636519756,-181.06287873361748,-167.92002766936537,1.0
4892,-1817.7010394004046,7283.513573493669,-1277.3618178206577,-7696.552664179803,-76.17584845811766,-99.45117350728921,-186.3900453989218,-170.60308276184549,1.0
4893,5664.762539859211,5981.498874100739,-2386.776745283044,436.010473184421,-82.99393754101527,-71.34738542950774,-160.73444025382395,-180.77984720417493,1.0
4894,9588.341242835515,-4679.981992240211,-4522.304131191761,-9138.507221515687,-79.08112436855082,-83.65531011984557,-178.5189681756641,-156.7293409640427,1.0
4895,2227.3894016293316,1207.5563629584049,-5069.267270068874,5867.031737291824,-85.93873204516792,-69.45145746010323,-163.0195927606043,-174.99077634787713,1.0
4896,5676.353482534184,-400.2560165944424,-4366.34095316178,1826.6035096699766,-75.61052545906864,-102.46724703831362,-176.4392572258556,-167.07137242957066,1.0
4897,642.09906063,5256.344456234551,-6299.9889498706325,4371.362338443075,-72.11564505092666,-86.43873161075416,-173.32196624744117,-164.56578827278764,1.0
4898,5666.86790865081,-6974.519977132376,-1739.483888675638,-12551.440640517525,-76.63823089747733,-75.48944502024283,-166.94381892609562,-170.0981789099719,1.0
4899,6734.584001831763,-3362.483779125753,-334.9954874417369,2412.522349495178,-80.79331093206861,-68.5626262546885,-146.35104870470406,-164.77160454378713,1.0
4900,-8121.559113031436,3588.858058570016,-1253.735270871895,1618.3381249296415,-63.7126276358214,-108.62698713473749,-171.36188023167637,-161.91992157031535,1.0
4901,8188.02532265133,-2046.1899108853995,-74.18686659008023,1325.9376024372273,-88.68524798617636,-75.82721216356225,-168.27832338424423,-176.05295026702774,1.0
4902,-3532.6033719462307,5695.685052679994,-2180.4386038721273,15113.660831177967,-71.11682744450646,-92.68950388960118,-163.33937015700516,-153.42772984128473,1.0
4903,-5382.3029680901955,10635.271210435592,-1457.5410681277995,-6008.409777308634,-77.28086620840824,-103.52598553436569,-176.95040177996634,-163.45815932671408,1.0
4904,5258.456028155552,4577.063699267969,-8084.984689216098,1139.7800594073071,-76.7326274181873,-77.9168982569757,-171.28561745932257,-160.368347383264,1.0
4905,-2013.7691590075835,448.76515903123027,-8139.662473182895,9785.229381361674,-89.32018125036474,-89.55824516596074,-162.41664612191616,-166.01038314767,1.0
4906,6574.139745251841,11122.436675048348,-3157.040399767221,-3339.652207345026,-79.95315205040826,-73.66776216615563,-163.50752625760666,-167.6154869751072,1.0
4907,5307.608454836975,6670.076660301717,6674.535231400697,8145.660809980054,-91.96908799459021,-84.74762282518999,-168.95346059476094,-163.83182447178714,1.0
4908,5441.874085454077,2515.157421184169,-3590.0787566497656,211.54096176610526,-82.61328705769108,-126.47515615079615,-195.32573812772094,-133.36508700478018,1.0
4909,317.47816880868163,-152.25757367963587,-2716.291155817834,8608.010123846687,-88.50521333105615,-92.10705638118635,-167.7161904638298,-153.63826426308606,1.0
4910,3124.8235275362595,263.06274892024464,-5229.628894574582,4621.908454728222,-75.81187304622367,-82.8147568981136,-164.19990432999265,-171.4249667107916,1.0
4911,-3974.442389442514,574.5970744683051,1303.3754363335013,-15156.552285803782,-72.89159404124447,-74.92639147099051,-173.95474866357046,-164.6646368607317,1.0
4912,3525.412844020303,13874.52683488212,-4917.277538479401,8707.046864567139,-79.92523491446923,-88.4568700365918,-171.8124746146994,-171.558890310199,1.0
4913,2146.7238461735797,5593.701958229188,-3856.1102522861293,-4707.3640924275205,-83.42343697523708,-72.1578921831267,-172.87192601404985,-180.16142566824766,1.0
4914,3303.814158887266,-2746.2417973816014,260.9243144237241,-9391.552622445974,-72.31510765930719,-84.54759071008253,-166.45543395135974,-179.88017027009766,1.0
4915,-1259.1643288337395,781.9544525160294,-619.2924637764095,13031.644688487842,-83.2720477900276,-118.69433350006616,-192.005390999193,-144.79298784213236,1.0
4916,1525.3202669045165,2470.363898890027,804.9882965444222,8763.450241823135,-68.19809276126975,-80.87417800947358,-165.00795347879597,-169.09420872598972,1.0
4917,-3086.593904254229,3041.6290281864826,1774.3764826625559,-14178.484608456665,-93.2566419227396,-82.61697138078448,-157.89957287207437,-170.88517419816114,1.0
4918,-1106.5610621101798,5952.591057097063,-2561.1155559922195,-7881.8031380213615,-80.19395312781778,-66.66823568114836,-156.64621313544222,-173.66855741026927,1.0
4919,11844.075816914177,-2516.0238163589743,4450.252207635963,2126.335133432634,-86.72217237821907,-79.86432501611124,-170.42319240063674,-163.2344234976183,1.0
4920,2252.3790542149277,12733.818161059193,-9377.863097857495,371.6276564320924,-74.30607408882832,-88.24661055017947,-172.5516311056435,-160.63287596160174,1.0
4921,1844.983372715992,9747.909978147487,944.342285518673,5389.87735239803,-90.98366090011906,-83.45240182113301,-161.69111095164925,-180.36672887261642,1.0
4922,7431.824972124401,9559.624395439141,-13432.156571337344,3881.5195266643996,-74.85407379904649,-77.17455534432347,-160.13248876772613,-169.52401959770413,1.0
4923,8626.032490816851,2634.0395059049006,-11709.499436218402,-4319.791266151111,-84.80328051663336,-107.6642653153756,-174.93778512293804,-164.5473463121942,1.0
4924,2133.629379871506,2693.90222736954,-2506.2699815390115,-7776.596870247086,-83.25915148713297,-87.35005327712963,-170.9023585961195,-160.20153244099353,1.0
4925,6867.165757066129,9408.307908291066,1391.635271574866,-287.81548464928886,-88.16315591714519,-85.18293897017524,-172.0872066355206,-158.96634463484907,1.0
4926,4988.177629573343,1761.042851108797,2884.1101731206372,3516.9860251930127,-76.47672027991823,-109.15226235904672,-180.60112412962584,-173.6290221027392,1.0
4927,7434.214049562937,4644.535845650002,-10009.603627079645,-29.697553733202486,-73.31237905980589,-106.59793130280116,-177.15355390095954,-162.8833192907397,1.0
4928,2289.7062308080585,11812.10129063318,-1955.216232539508,4333.356399083638,-76.43946483403813,-76.70701268625724,-164.01971534993993,-164.49325499028538,1.0
4929,3265.746322783836,6610.046273812382,222.09837303509784,2835.357526912544,-82.52093926480492,-101.7498015678412,-179.6456322730016,-161.04536601341545,1.0
4930,326.21067674795734,5393.668267230342,6.412679340752625,-3000.914720996992,-79.35044499647094,-104.9972654033062,-180.41230247929528,-156.60409817735876,1.0
4931,8485.497949926335,2341.0465716969666,-4496.786311465125,2954.552665445862,-81.9624808812859,-123.80821261562383,-189.2653040952393,-147.95491815168813,1.0
4932,2861.1409216843963,5140.871016302824,707.7542170682949,104.84338198226162,-85.36259895135586,-76.8474909577141,-166.50365863926353,-169.97499470669442,1.0
4933,2414.269799059328,5100.807811663999,-1541.2744958397345,870.7262944832723,-75.54414996526167,-105.15331792241408,-180.33049248093562,-159.24865121202282,1.0
4934,4373.293530769385,2238.2413612264777,-437.73247337045706,-34.944712226783636,-84.85056346232653,-102.52134530088834,-180.00588401943136,-157.21620048823343,1.0
4935,846.8552450179851,5980.532579669248,-4036.6196267296896,-4714.516607824104,-83.68868640500035,-94.83346011659631,-180.70207234309314,-156.925844507146,1.0
4936,5699.561609832088,1987.9279113794084,-8458.553543632483,-8442.531500754134,-68.42756663678195,-96.53475360058465,-176.24058638569366,-139.3738313891016,1.0
4937,868.1259106634483,8763.725031000946,-8010.23618811282,-4245.40446090621,-67.04964381499155,-86.89499057220233,-163.4138156315654,-159.1769260537834,1.0
4938,-297.3656300911549,-3794.8604406711843,-8939.8260071043,8766.410979675647,-71.6144065828556,-81.19092377799687,-168.68606590300942,-169.60815954156317,1.0
4939,-2968.9048642788784,1427.8463501568299,-9456.45664232956,8628.286016221655,-62.615855220321606,-101.20758600499092,-171.58095640808466,-154.6111752147616,1.0
4940,2382.300580005107,-758.8425591999903,-2724.4968730357264,-10290.514580952182,-82.76835042534043,-69.78171895049047,-165.16825835336692,-171.82723041877844,1.0
4941,3640.84846515446,11769.188311287759,-9973.118834022469,-933.2380916484482,-76.29933912893017,-120.87936701349712,-185.16662161752254,-173.29526477891469,1.0
4942,4249.377463893592,2587.3702703327667,-893.0839262536625,4818.313255541004,-75.05264354449591,-62.4593143497989,-151.46967608587627,-166.7696518046534,1.0
4943,3866.3825547729984,4562.282658304974,-3100.650023175259,-3952.451840217386,-80.27403885297616,-73.79220983741342,-160.69027476595116,-181.37228712552945,1.0
4944,8126.367426519643,-7926.212833925911,3909.8130997901167,-3591.2466743464065,-87.37837892639398,-86.35239452141933,-175.0898475525828,-174.6108262787965,1.0
4945,5675.693606949204,785.2670873280356,-1328.5872052446223,2762.6926342766787,-78.42845787371313,-78.05962495302697,-164.30164315875476,-174.64493726593417,1.0
4946,3916.699683773397,-962.0754682155508,-7482.985308105002,3943.7573803949567,-82.83989851345774,-77.054204453926,-156.3962316127203,-173.42022809501458,1.0
4947,9694.835212571199,-3538.521950260798,-3715.121636475763,-3423.939969947861,-73.32774170252891,-100.65035394372353,-166.78366172151073,-158.31444444931697,1.0
4948,6484.769213674429,-1650.112024060873,-1369.6571103078284,-7307.512586965246,-81.68785361056419,-96.20470780132138,-178.1088737800262,-168.50401865952904,1.0
4949,-1072.2813578770815,5201.2550817732335,-1003.5104176388994,-6195.304109631788,-77.36278158771658,-107.91726293167305,-179.277549971294,-149.55639981202964,1.0
4950,4192.83251515838,12103.413455717608,-2210.836847720211,-1741.497207753802,-73.18106832236703,-79.66423938213556,-166.20345879899207,-184.0486790188927,1.0
4951,-4301.28917300051,10677.645886400493,-3206.0595384582944,-5791.15832693573,-78.83767421814085,-89.07368980438305,-160.9070985374947,-178.80009645075677,1.0
4952,413.59946516521796,442.86326836931124,-9203.10442436655,5022.051983053756,-85.45975755460557,-94.60138818943359,-175.62706591127716,-165.04744417903544,1.0
4953,-2789.113919798028,5675.519756940509,-2269.2499055531166,-8266.05493541293,-74.24405561298842,-98.14374320182344,-186.35205258740808,-155.53093852133472,1.0
4954,1225.0208847590693,10626.347477356217,-8079.368640552197,-3565.6406444525196,-74.344646174742,-93.09598632818724,-180.22582700025617,-152.1143177828326,1.0
4955,-7730.407627125446,1130.881243876336,-13608.081193528738,12819.445839176766,-83.32961993165412,-104.96772887030815,-172.14828614563606,-160.2410059600959,1.0
4956,5223.331936843918,4304.73089967624,-2130.243070155114,5427.252116790281,-72.71013669522581,-85.29756728930487,-163.69209158681102,-167.87837385481046,1.0
4957,10781.755558072602,-1400.5056135811603,-1520.8516135008413,-3122.4559725845825,-70.39766958685465,-116.91666716457587,-182.4633907326375,-151.4561894033293,1.0
4958,13865.516131695638,4710.5274731739655,4542.942655011399,-5091.032618225615,-75.71561161850256,-90.34455114526122,-178.63112853891454,-159.66353862207956,1.0
4959,7861.524585100149,-879.6956381999635,-3959.494396746153,-3477.3649395504053,-81.66890758185916,-82.49969904643872,-173.40812936370614,-160.15213814927344,1.0
4960,-1399.5483017130189,6452.656528818555,-2149.1594789225346,-7050.970783412088,-80.45631676511752,-85.86968877034039,-172.39649217444332,-168.2108852312729,1.0
4961,7978.566503315026,9784.342362982068,-292.67119302374357,-2449.6539324332657,-84.53326677767846,-84.26765637872703,-160.7232459998511,-200.89849499610065,1.0
4962,3645.9503170022895,-225.95306094637112,2635.247635836142,7074.209942809577,-80.81894918334143,-51.410465881399766,-146.63145397202794,-178.7198943024983,1.0
4963,5815.910893211066,1695.6164112344218,-3924.296839877659,155.15841886836768,-72.53387803383801,-61.897232710588156,-163.07218684287363,-167.1069423976647,1.0
4964,-964.5459462679828,11919.838016363436,-9287.784509538526,-6333.751567923686,-80.89533978094133,-90.11126415265748,-166.72139722656843,-177.6180068498908,1.0
4965,12501.437518234941,1359.6702046875255,13108.582985210018,1612.5340148776559,-88.17498158180302,-70.49102560065148,-158.2832455167756,-170.81625954337431,1.0
4966,-4064.067476258817,1066.494468344878,-14555.930736580262,9016.757683506032,-84.31990741829138,-90.25674397627243,-160.31232020462352,-180.7421021624531,1.0
4967,569.077175536524,2661.6146983019116,-2640.6314191040883,-6771.744608233997,-83.01206338876989,-105.26519245509982,-185.00148859561247,-155.05909874894402,1.0
4968,1501.8330921086788,8333.354517661961,-5372.012957694321,-1496.7996376957942,-84.69024136659412,-77.56457813807673,-160.1258413194101,-165.35796390508617,1.0
4969,-335.989573474059,-570.3183937502225,-20284.442173319796,-946.1714802126688,-70.96993582851002,-114.25972593023178,-183.89341100975196,-164.16137471769085,1.0
4970,526.5456392518488,7020.315873872438,-5707.830301414866,-7000.037653438318,-66.72574510999152,-93.31532594342163,-170.00585980520674,-166.02859175174376,1.0
4971,161.2973361877379,10062.400725838861,-7762.4816069267,-5562.1395269393015,-90.57821931646748,-91.27959128654678,-162.59749153512266,-159.7365059483218,1.0
4972,12139.724697784624,-10595.426827011996,5698.17145879557,1146.4283862986417,-81.43405112567486,-99.01927713943704,-170.02749740239219,-163.42693578989235,1.0
4973,1728.9820664808778,5694.8342780776,-3212.5706040733057,-7777.09641876868,-68.66599151335953,-86.418217695778,-177.841676671529,-165.61527513996262,1.0
4974,2247.410327134269,2705.323561683738,-4297.29868995245,2936.8633659713623,-78.13920732068543,-77.54831755439685,-163.78058930472693,-175.93484324328094,1.0
4975,6462.653784267128,-1881.3097849817334,-3415.076143426084,2947.599790711728,-94.72533197650657,-51.46817657138433,-152.6926474201087,-173.2914003121389,1.0
4976,-611.2242159242016,8626.075198047973,-1841.8640385887252,-1461.3855596288738,-75.35419903636613,-99.56570680180553,-175.6146907352334,-169.04632988814095,1.0
4977,-928.5157417461743,13754.259025687623,-4665.7637855446455,5215.898083735785,-81.99699938923678,-105.96896244532122,-172.37157020129496,-162.69103308940782,1.0
4978,7494.185861336986,-643.1988918808771,-2353.4933491779498,2204.689470978496,-81.5319704331107,-73.1951498189854,-169.08485396610004,-160.13515450144274,1.0
4979,7632.065640151659,-3651.781230259883,910.3460898975668,2327.6160431284447,-65.24249687363533,-105.05566513350588,-181.55337291888594,-158.3734159391828,1.0
4980,4840.323779293675,8102.041783833311,-6378.123119303306,602.4545769661755,-77.50913400251166,-101.37906312751639,-167.91420471930542,-176.7727838325105,1.0
4981,4002.3136915582145,887.5963040310397,-4375.103091462485,-9115.624881898337,-59.965486324615156,-88.43355362695819,-175.50745070410798,-165.5350926489787,1.0
4982,1219.0021763889972,2940.8682393844106,-590.2518563717041,-4995.999492561507,-67.96209882126581,-67.27236574189764,-165.95392922986272,-192.60534042565706,1.0
4983,-1845.6420677339493,9333.966165932752,-3120.836949655191,8896.677573296847,-87.85400670574307,-94.62957378167316,-173.01516331961975,-165.4201810259929,1.0
4984,5500.81460356114,9856.056578097403,4588.806242983177,3995.8504660667545,-84.48409929958237,-114.88629964124517,-187.38820567977197,-143.18684719301365,1.0
4985,9521.533621212768,-1040.82801367086,-10264.985454072046,-7231.313007000137,-85.78197034416695,-78.56496539642063,-162.84456386473104,-170.0829524838156,1.0
4986,13248.692248555632,5036.774263357192,-15268.849597493552,1515.3340449093284,-87.973119075804,-67.63992515071281,-159.03283322495838,-168.3808405878547,1.0
4987,6361.058477900391,4489.00591807787,-6758.753875380005,-2210.0156994065355,-70.27250500540498,-105.06138488296885,-166.2678227876865,-172.96800377491303,1.0
4988,-6419.254912839273,8298.953448778771,9874.333844714278,7564.166704683235,-87.65806305082256,-69.38783167706598,-162.7042267587686,-179.55788552049347,1.0
4989,2625.3657378435028,-1239.788533256363,-306.6749248470577,-8282.405319000947,-79.6076713690997,-95.86530844227988,-173.59737389786866,-152.28524950002173,1.0
4990,4689.971127843872,2708.296216302377,-4120.098133115612,-5560.479821923554,-98.86302512273781,-61.86489540834802,-159.6550508275723,-180.24948374898312,1.0
4991,5368.755788657884,3490.448580578722,-5523.095890419385,-3377.1934042826565,-90.72716667923967,-92.88308964455813,-179.38806459295978,-172.20871585044443,1.0
4992,5542.492785817287,299.423362109664,952.1466356658954,-2266.817180383429,-72.59790175336266,-111.05146501993525,-180.48959270865677,-155.1852769924492,1.0
4993,1955.869436538712,-5219.4166211819065,1565.337779460186,-17687.88788913731,-73.23215678454191,-84.30056730576398,-161.67802815229356,-174.5765157684499,1.0
4994,2237.987752437393,2189.7194053271614,-10966.791784735531,1160.227158328743,-80.57532828084354,-81.56637060798647,-155.6530038552947,-174.21416509129793,1.0
4995,-10345.134218040472,12010.135718082794,-11469.059411475648,13695.640917916091,-72.6557095977937,-104.66529417817152,-176.49551295079016,-169.49512890865242,1.0
4996,5248.470346387475,-1884.5924341552718,4943.476176703003,4553.843372194091,-88.94707724617476,-71.87066583998987,-155.80602616143065,-194.06054192044465,1.0
4997,3451.616428764556,-985.6612378086091,3369.648402771983,-4273.377022735807,-87.64974779057293,-85.49788095492872,-172.57289850769826,-151.28104265683334,1.0
4998,33.759200125792255,10525.522179001302,-5449.106866116701,-3881.614849059727,-72.01617252808128,-64.62960527995406,-164.01937091231457,-175.38332152590237,1.0
4999,1854.7098224239814,6624.363792223859,-7455.417305937233,-4750.469490883371,-90.7713847029368,-74.50126757783262,-172.26781417272142,-177.87092578682797,1.0
5000,827.8447497228574,16921.234149715227,-11895.667672444039,6164.462318833113,-82.5941061750139,-111.45449830617103,-186.21240879794902,-147.26246786221,1.0
5001,11440.137431410823,-3226.4707723372844,13703.482236695789,5354.239685686184,-80.94540223257385,-91.14062010913345,-176.13419045664315,-156.22857831806746,1.0
5002,4977.2933776556065,3992.2776086435742,-1751.970876298616,3390.079692662249,-73.25792810706102,-75.59945871719366,-163.23123765484692,-161.7305634763867,1.0
5003,7173.134844935016,-278.47354060994525,-1355.9742434887432,-370.4263043365992,-78.14107296288267,-88.5693383688571,-165.84844525649402,-161.23346442356254,1.0
5004,7754.626612585039,8411.235936557687,-7174.674342868831,-7105.553841038321,-92.67047822084739,-77.00030958850527,-164.7736065040996,-182.30577709320528,1.0
5005,-2268.982789490006,9904.431518133231,9052.517815060184,2724.5321951539545,-78.016674311015,-117.07862768487321,-180.39996670880595,-169.41371841739812,1.0
5006,12167.295180552128,348.6286236554297,-6726.021529881946,1906.2576297183518,-62.01360389556123,-98.23636523371505,-173.7395917085926,-155.342609926465,1.0
5007,6829.401754314665,13220.566080144437,3955.7596663630748,1876.9491984674953,-70.81853739534506,-103.15769387583235,-184.48823865357178,-162.87624869774982,1.0
5008,2585.1981228598743,1495.3941410109896,1490.9020116071842,7953.495879978872,-82.37734185823442,-57.89602902155953,-161.17024550040887,-171.3674669732024,1.0
5009,-7493.907180824154,9489.434856211023,14035.852446438183,-104.44255585710494,-83.03742544139955,-94.59997043488275,-167.8928545175461,-175.6622137578963,1.0
5010,8853.661270936933,5204.331833817795,-11575.963428066534,142.57115449032077,-91.20066071318352,-78.8788999732409,-174.88100702255053,-157.16540213443616,1.0
5011,2526.693837968249,3621.0005815135,-853.7586402346302,6825.685246039075,-81.32025648346048,-70.72942417290948,-160.80720188824404,-180.3281878320399,1.0
5012,12859.482777001616,4055.287525130451,6897.638092811658,-3387.0779492222964,-92.02313475321847,-97.10072658392686,-177.17402913540633,-175.22700524759318,1.0
5013,2648.5574884171915,-1510.0700438928052,703.7802994369913,-6401.574404694881,-83.30271861988169,-81.7167104394086,-166.8190611754195,-167.84977807139245,1.0
5014,798.3375914883588,203.17467785592623,-399.2777072865601,-12099.50985675862,-81.76020775241847,-84.74669299585288,-168.53407220820847,-167.9139288570447,1.0
5015,-3060.1200564379315,12416.985415253866,-13273.455964020895,3732.742778282201,-74.64537542267188,-63.85666132615437,-152.14914840678813,-184.9927598015105,1.0
5016,1616.5341514810625,4000.736372182085,-1070.8267917209882,-5108.462049651775,-77.2267415278687,-84.65060130967015,-168.25460204168942,-158.72589330819923,1.0
5017,-342.44064269356977,676.7935792918846,1952.2752606486758,-9698.142928529745,-89.57367484967631,-83.08086784045679,-173.13546320014177,-170.33307691439788,1.0
5018,10993.502465325239,4840.140214754154,5888.38263023475,-2573.7520976058872,-81.54245202474745,-81.08561217307428,-164.8840083006938,-173.03063999216204,1.0
5019,-3413.0915899910756,5301.8995463135925,-8117.582844544332,10090.181368813199,-82.87010275783541,-83.32715065552388,-158.10865149901986,-173.0337518481989,1.0
5020,3460.4178642374286,240.51161914570284,776.3697676944204,-10409.813477985586,-74.84433225317723,-102.6817313942768,-176.7377900979612,-153.52292468400776,1.0
5021,1955.1509386426324,5419.275573504111,-4364.252923296226,2976.7605048421556,-77.96996989771701,-95.1486676042539,-176.1315383675607,-159.24525093157547,1.0
5022,1968.8025195491687,10106.82918703319,-2124.3301928510996,3956.7100224507544,-81.02953223372901,-92.04743348655602,-175.7041919199359,-167.35141476347098,1.0
5023,2486.0206025552707,-576.4636759069002,1132.7384302654316,-7329.130273823157,-77.1705713935408,-102.43564446972103,-177.92949887711887,-170.3878100034417,1.0
5024,-387.75786838155125,3959.043697028055,-5316.987937317259,9418.546857577023,-81.14836616722496,-90.82995034310426,-165.69384733097027,-164.2224770612861,1.0
5025,8195.383007030907,3776.8543060551647,1777.00215258271,416.554137538085,-78.34109807093982,-105.97903824454318,-179.29082210280592,-155.09867465874527,1.0
5026,7421.4361366104695,7337.125768940357,409.75851230623175,1950.3884874473526,-76.78816879206019,-117.36864740141445,-185.04453568157902,-171.06118635044567,1.0
5027,-836.156594459609,12165.44363284101,-6634.480302745956,7735.043446593467,-82.25494267339307,-110.13258817045848,-188.34296068169272,-153.77172657110427,1.0
5028,9683.908756271372,-4620.956857748862,-1562.1864818550457,324.7593776490123,-80.79878526653012,-78.117476346716,-179.23092700969733,-170.3697666140032,1.0
5029,4083.8708290962627,6436.849408874405,-1190.7261691308322,2887.6649953074616,-86.0239195279513,-82.17293611710662,-164.0524666744629,-166.27452757034732,1.0
5030,7884.709207229416,7486.843377346176,-7706.150380340565,1212.6503079812294,-85.98805369137311,-94.13850364408891,-176.57671929473335,-157.75699521366826,1.0
5031,14001.333529104033,-5399.944370556991,-1996.2573078008695,6372.004061575584,-82.65675853986222,-110.75105349415674,-185.47319510161122,-155.82986290915366,1.0
5032,-1033.6766406563247,2046.158580720287,5124.70351363042,14926.982452547758,-78.49923386756151,-71.09309985845417,-150.29499269496952,-189.03776913516992,1.0
5033,6166.021076336411,1188.3459879077334,-2901.913142846184,-2263.5149672806083,-79.39909648895063,-109.50669376655198,-177.33457556501438,-163.64184309048673,1.0
5034,3253.7063018492686,8050.1077700215565,-7995.0320970982675,-3114.151044437726,-89.27241433384162,-77.17525141714296,-168.83037915130927,-173.72125743179808,1.0
5035,6100.10720185892,2475.36617965284,-1551.441872732021,2894.436132748208,-70.35956977328148,-115.76227374136892,-175.99423239209915,-171.55637992688247,1.0
5036,3741.96852302893,7190.947620360647,-11267.744654255795,-3945.5904546840284,-77.46581270064053,-89.40926539895119,-167.17860308607158,-169.20878906383638,1.0
5037,10352.270421760606,1371.3496162039244,5872.806142576762,1596.236490732796,-76.38962675963406,-101.17279165527755,-178.30589925844012,-163.41303011754908,1.0
5038,6709.379323326076,5990.605368213575,-5541.199882300719,2304.440827565671,-78.67164393263448,-98.48662048619481,-184.4308872177422,-145.92978299723822,1.0
5039,4247.975853942322,7818.013545139887,-570.7276750605698,5675.433108199722,-81.38527813529522,-77.90418921130271,-162.67763720877156,-174.68348126629562,1.0
5040,2862.1501764341106,7036.842496659245,-9701.065238656422,-5385.5428411824305,-81.27894525239236,-87.63357045618402,-156.3591067232259,-162.45738472318854,1.0
5041,7779.064449068812,8852.445989239923,7385.687795508779,5405.07754965572,-63.80797478435285,-98.46372152112681,-168.12413746175255,-164.87765990492733,1.0
5042,14070.938737093651,651.7032198806603,7880.807749555553,-1331.7600265573435,-68.48605523581911,-72.66522462628502,-164.31645253985926,-167.07298363789513,1.0
5043,2556.4105847705514,4425.563571220735,-8310.479089470558,3885.8235877950933,-65.58625361003052,-106.66033032714384,-179.419919492717,-149.94662215500492,1.0
5044,2115.5656389326828,-2340.969543915548,-3389.91166428211,8641.2666081223,-79.9811703493944,-74.51971075846984,-166.16393120470107,-173.13781156333704,1.0
5045,8188.0445346746865,4591.50623966715,-3535.922082742316,7085.213485019228,-89.17244047503422,-91.9340827715925,-167.05420157507336,-167.22625530153374,1.0
5046,-3601.632190946045,11565.65780300212,-8354.351698059452,7625.308336239205,-72.89597101601014,-69.45735146690336,-167.72832572873793,-182.2750580536518,1.0
5047,4007.872082329195,4379.962663084504,-1565.4809895493709,4623.538524558724,-84.8395705788077,-73.37156384273004,-154.8835650579596,-178.71931474037015,1.0
5048,2541.595705299386,-7022.993720655508,4382.0355439924015,-10365.625251791298,-70.21980736525377,-98.58533006120439,-173.74633555104592,-168.35462786947215,1.0
5049,-119.66301912554877,10477.779962879853,-6664.574662462505,-883.7119534823113,-96.98643676764632,-68.93977794312545,-162.351491015517,-176.38285251654116,1.0
5050,-10235.91624255501,4707.648241963651,854.9566363693866,-4814.967356081487,-68.48376674922253,-81.84539368491923,-172.08306682390904,-156.93758658801409,1.0
5051,2468.893611373268,6515.271145658899,-4565.066897969013,-4837.412702378259,-61.31686899969603,-105.9935700956503,-179.34133435712695,-156.68121025919166,1.0
5052,760.6430068632859,10622.825689006233,-2314.959622771507,2296.0540296218883,-80.93607001952013,-95.37377619579162,-185.40972757995604,-154.38129887103682,1.0
5053,9821.110169940755,-2828.4431797575967,-2361.02471538648,-620.7950750155811,-80.9494741747305,-97.10285672235307,-182.89576904032012,-141.08132086898794,1.0
5054,16749.66730897985,5178.534538030428,6391.606390180207,-4658.833667602497,-86.38058003601283,-89.74162249712589,-170.2697923869372,-169.48956950611716,1.0
5055,-1015.9758931247001,-4247.019357684996,6274.401143945719,-13756.939281411898,-73.08534423984202,-85.41445625806875,-167.54140004361966,-159.59136422633895,1.0
5056,-724.2019049492039,5248.8663394678515,-10819.962250334003,5461.140403342019,-71.9584212619523,-85.96397437870658,-173.47014278235633,-162.88291826244136,1.0
5057,11509.555406239375,6893.195112509044,2788.1716592035677,-5316.164649419793,-74.04622715233668,-105.83820219263694,-186.68573832423658,-148.86137426217118,1.0
5058,10096.329579483758,-3889.7806228070217,1000.9062772588089,1545.3102287355339,-74.72843227409884,-100.46041558435789,-175.51137461436682,-156.7338026494892,1.0
5059,4086.862733742711,3471.1408343620174,-4116.065974106691,-657.9168631807413,-84.42067334895322,-111.69244684308202,-172.44795706389007,-168.74023193364494,1.0
5060,17784.844742276655,1972.816098974911,8772.821837418185,-7623.47401144671,-71.51626541299623,-78.3894331031225,-170.7155965648692,-153.4614283220404,1.0
5061,1749.359474829532,10931.699211593197,-2048.6762089981266,3584.5026968469433,-89.41526057152754,-71.15946427769225,-167.02475030529172,-161.0808216315823,1.0
5062,-2151.5375199972405,5772.11487134156,-3752.356792948579,10214.045240960635,-78.21344852208497,-87.14174744105543,-180.839198634678,-163.49672209188478,1.0
5063,-1707.810983612195,20966.38259429927,-19692.64323151342,-5397.582107443334,-76.4822644775315,-78.29923426432894,-173.1253471819521,-174.04315647984586,1.0
5064,4715.494015764876,11520.289526361325,-9208.127219164488,1290.2347978755527,-75.59026102494006,-82.47417299228691,-171.2071437513962,-172.95512322398952,1.0
5065,3420.171801637378,1520.7886698831921,-3877.9493141930434,-7155.5831820121275,-85.2090080099542,-120.66625558181062,-171.82425837179895,-163.28483665490018,1.0
5066,4977.608999455574,3535.6529319524448,-5883.015728022584,-987.8918967964538,-86.42913363048882,-84.2094336523827,-172.39163907977715,-152.44653425066892,1.0
5067,3222.6740722099175,6072.671769850215,-4300.105629763104,-1018.1932774107989,-80.81584907974751,-73.52154462437788,-154.26478638025372,-169.20613130620916,1.0
5068,8247.148935364428,4230.712271135152,-6652.802185378939,7133.077030179109,-78.15219131913622,-108.37318919659087,-197.42385706241834,-157.48211126308522,1.0
5069,7787.858175387195,-1831.4755719908749,-1542.1274434397967,374.04438387945714,-76.69976996171238,-91.05886367253338,-172.65068039372318,-173.8332092315535,1.0
5070,-66.86132296475034,10180.218192999153,-6914.71548081169,3403.5552504706898,-67.88664771862202,-122.00379233516318,-181.32973468784172,-158.7445977003571,1.0
5071,9281.892327077583,1966.9531995157952,-9199.506000534002,43.619474504361655,-70.61508346859222,-89.95959277962058,-169.66264446718097,-153.70048126654774,1.0
5072,-3421.9231529593544,6464.934397154735,1629.9508863435963,-6008.7989567996765,-74.48058934167732,-94.61224246044011,-176.27403638583758,-166.12235082083697,1.0
5073,7479.970316900534,-2937.4642839754174,-3783.5779513066104,-6447.737338122868,-59.40300715822022,-115.00269545161024,-186.58584078218126,-153.18050104161978,1.0
5074,-449.8006023545522,9255.475699965311,-8719.632032103946,3790.364964787772,-72.74732988744255,-99.90345374195678,-173.8795413538382,-159.0726720767112,1.0
5075,2039.097943805241,3952.507463706897,2380.5541904481147,-1015.2363300829386,-88.5616971644609,-89.84707759935378,-164.14219291814192,-174.61006658035265,1.0
5076,5382.815830335575,725.2407886724806,722.7046059342385,4278.989684491753,-86.00162753438592,-65.39871536701676,-154.16657490913866,-169.97764814784514,1.0
5077,7790.635826262658,6678.794256074509,-1250.915816203046,654.4702320371574,-86.34741700581782,-97.06918395512426,-175.78175350285773,-166.97724361472677,1.0
5078,-10515.782278658075,6605.979968708907,-13799.519525108795,13406.4262188028,-69.82562239826679,-92.64395524755119,-172.343277175201,-151.2191838322305,1.0
5079,1744.2938443782834,4294.065781162858,-3939.543541644416,6336.0989226262545,-77.91090972878379,-59.435887191123086,-149.69546821171946,-194.08333077290743,1.0
5080,-240.28583348626142,-3224.130831517665,3684.7379996063128,-12586.941229740158,-75.46441944527072,-87.5475527417571,-165.77457773690335,-160.35835935717162,1.0
5081,3502.0663821777653,-916.5202648846571,-3803.093262307727,-8360.582901629503,-75.82542288673852,-80.09004592355919,-163.60930258434252,-176.5313671925344,1.0
5082,5185.4898495963525,-3841.2545914937664,-7916.01091198787,941.4740740152729,-72.43771663698747,-85.28534737790865,-158.63285380962233,-166.9508667497217,1.0
5083,2908.3438693366165,1652.1496084500857,-885.2550354633477,-7329.129262461189,-69.99373277058959,-97.12669806904928,-176.76929188868706,-151.60691485060113,1.0
5084,4359.38147394975,2934.896435422193,-2200.9382966030744,-40.18604687222327,-86.6339917037658,-66.67165827176014,-167.0845832067905,-161.66984722114833,1.0
5085,1046.3979240097067,3713.888247682946,-526.3677182145229,-2685.4944354347313,-67.386727929787,-90.7221991415949,-167.1074712634717,-161.61871613329663,1.0
5086,6094.368545323812,3088.665414583168,-387.049875851154,2662.1041227491464,-79.49236570527029,-69.7102831371314,-167.46857763935745,-174.56947476277196,1.0
5087,354.673475525034,6945.965656774851,946.7202312083915,673.0734225158836,-73.43268980936175,-90.87570317180445,-168.22217283844074,-156.7534910599958,1.0
5088,12791.285119372998,-7076.919170320888,6891.534023956721,2341.510340020202,-83.03902208199462,-95.3946918901034,-171.83209840907872,-158.27633861872363,1.0
5089,-1477.0130129636452,8957.536367497694,-8496.474791519755,3620.2808494818514,-62.768041573403245,-110.48694739451643,-180.52734640234218,-156.8682677588526,1.0
5090,12828.056438504947,1196.37553117954,3715.7141275302056,-3081.781303388895,-78.20298180861379,-107.00248396175654,-179.36765602990639,-160.1821210341036,1.0
5091,5048.537685478542,15996.008245420766,2650.156621049585,672.4948393650898,-68.78878105369404,-103.91632503932901,-186.6962454854982,-155.23504310377672,1.0
5092,6096.771684679935,5820.011173998062,-8770.227660003915,-2836.811455421507,-76.08769830795957,-85.13574777874635,-164.83607648370477,-169.51014343616094,1.0
5093,5661.502060102202,-5778.710553773564,4052.463882269569,-7220.217836574035,-89.73169233787645,-77.52620424794333,-159.82158749797043,-175.53735303743548,1.0
5094,5246.162679081369,-3188.896460314045,-2933.454714696664,658.1764959545633,-69.88327526091997,-95.36236288639466,-176.41565775412897,-143.82521846078015,1.0
5095,1995.9528833153909,1952.832316169581,-6632.24189372899,4554.6078911872755,-74.86118289310045,-114.41764847958719,-188.9746011746928,-152.803608622287,1.0
5096,-1194.9547978669757,4566.215281586438,-3958.59922200692,9595.558071366582,-83.49163430097093,-68.16703157339617,-162.3327631594504,-173.50200758521595,1.0
5097,8514.687081167189,-3318.6633500134567,-6106.281390991286,-5548.945731892106,-66.83299708467634,-115.49219102920253,-187.97078444059449,-149.93100372231117,1.0
5098,9530.696159843663,-6173.355445430765,1566.7526915721876,-2561.4222259928974,-85.21465559005543,-65.8287408167489,-166.9881321122568,-177.48790212940176,1.0
5099,-1970.8746830874468,3234.0675777764404,-528.9850073413529,-13636.381986564102,-83.74594691781326,-86.6896950645687,-160.5874109707075,-177.98423220845783,1.0
5100,1164.9909611817102,-1318.2743784324314,4592.0033926482,-9463.92417897368,-74.0593897328423,-89.48891513957088,-173.94633760302136,-157.22626055340953,1.0
5101,2476.568518231607,-3006.291248613828,3644.234917729839,11128.211190807786,-68.4479761931113,-130.15355585745291,-200.43416447060312,-139.41082263275462,1.0
5102,-4165.188848572704,2842.6709110792576,891.7795262003954,-12861.932200635323,-71.95740558054807,-82.85127373678374,-167.17635146194814,-173.16739379448256,1.0
5103,8868.81566107176,6467.506903871711,2823.931648217984,4015.6711016750187,-73.57740617353278,-58.80248058689875,-153.36340047942312,-172.8642559170597,1.0
5104,3047.5744456320867,-3631.997286665675,2905.551846970407,11812.321834400298,-81.35378794621138,-101.27739122569469,-177.37082836163256,-163.43468580529665,1.0
5105,4600.551050225642,632.597776456461,-6854.171148797661,692.5478487224459,-94.35292785927247,-55.0567481297493,-154.95794337073593,-181.51028862477227,1.0
5106,308.1878307686097,13181.847051695922,-9006.298671851448,798.0305241975243,-81.92331364998043,-81.14307653929642,-170.4892215089825,-163.97886542451445,1.0
5107,16663.328409524056,-5572.0180898953695,10836.706266081095,-2526.064218037271,-75.5540134532656,-86.3754002487919,-154.8902038770499,-178.99179426069776,1.0
5108,4763.491766264899,-6535.403787100561,1583.3457801358315,-14523.296173027351,-79.20560138218059,-91.19332265933157,-170.88820907905153,-160.9027752825195,1.0
5109,1622.9553838198765,6166.991641861717,-2253.6877259073867,-88.24966800531308,-74.55418043051523,-80.02623230678265,-161.8438565693977,-159.1870795544981,1.0
5110,10727.956802787745,3145.991936819211,847.2774820898433,-2341.880119409137,-66.51446165615016,-96.7653496722226,-175.7277573479364,-158.18071471122232,1.0
5111,240.70271685445908,-9789.954841587323,10236.314379413363,-10433.976581972269,-78.54237149645425,-117.12834277109945,-186.69525670629332,-152.62470847784746,1.0
5112,5858.480552042991,3781.9664900558346,-8310.091965193613,-5000.555653891573,-81.65220979594142,-91.96741716058716,-170.5527124438155,-168.64737275796662,1.0
5113,477.3846951771219,7907.262854359743,-6729.275576650007,3438.153165740897,-77.28351734864091,-95.11457545615725,-176.2106894322661,-157.3007056614532,1.0
5114,11174.103232357502,-1270.1908206907447,6559.34684683724,-197.3974069343747,-70.33829188826678,-81.37400560460541,-173.74210395314387,-180.63372824895143,1.0
5115,-702.8205647799317,-4934.695694302228,-5856.547434441007,10109.25964097848,-86.42413213179367,-79.61006631626512,-175.77649017562302,-173.02574336722392,1.0
5116,12902.338211538567,6207.986328736797,11157.140551058668,2336.0379034115167,-75.83044144661496,-84.25949396027129,-172.66261083701883,-165.10917007401017,1.0
5117,1999.3812524660925,2298.5884162127813,2303.770006671742,10851.248376886322,-87.20543266978835,-69.98808369627714,-177.68063308069728,-163.6995757595035,1.0
5118,6028.025507591311,4768.388391210616,8.11872936601743,3709.561849153039,-70.94838473737784,-110.60970714042872,-187.567422168979,-148.429810231036,1.0
5119,16168.154138265258,-2898.6043646195203,8308.384014736861,-3155.3042493779935,-75.44663575148392,-115.20544798618558,-184.92771410290536,-151.75746008795915,1.0
5120,2654.066911614274,2398.2539128180324,-572.0553017976653,-6973.425674765162,-75.44132505265955,-100.86391092343649,-164.60826948566506,-159.21063823044975,1.0
5121,6582.330906925397,8765.876021270657,2378.12058522715,2254.86303970225,-69.92070147908015,-81.34995974622316,-166.12516931698343,-174.64678135079893,1.0
5122,-268.19721316054677,10437.832808190675,-6843.998705351314,6403.164016181531,-83.78802442436606,-58.28498245074687,-147.74622961306272,-165.30021502156097,1.0
5123,2010.6660284930324,-7578.28378235652,-10834.893392142272,3232.8274668745944,-80.50310666631368,-61.812545443489896,-166.46861967239565,-186.05296761553598,1.0
5124,14015.100010804066,414.5725104588305,6311.97403917743,-4716.526747933734,-75.74059548265394,-85.50156974828752,-175.6934698879095,-159.84882137198076,1.0
5125,5265.287386349555,-3383.958956018366,1312.1359024798855,-4725.739137942014,-71.72819046755718,-103.43045228752185,-174.875185907422,-153.883232018664,1.0
5126,-1985.0244894235377,4435.744888064571,1945.0930184886777,-3021.7020670437387,-76.73593374810154,-86.5608691508456,-174.7566496118444,-176.36415614070305,1.0
5127,2894.152578508058,10883.570654744486,-2460.1875247953462,3792.908540391407,-81.03493496563772,-47.94648972508689,-160.982924372417,-175.28917399162603,1.0
5128,116.07147336570111,-4293.76718511164,962.188109311485,-14623.555508089135,-78.38038559235049,-78.03581263705428,-161.38000759052215,-166.8521850073942,1.0
5129,7366.244429119627,4609.194705728368,3697.5429513131257,4639.4735118902145,-69.26801462621013,-97.50152078654823,-187.4774241098041,-164.2109620289873,1.0
5130,4420.508998205134,-840.7198942685184,-6712.770562550463,4207.310182227628,-83.99341883973602,-92.27710552151198,-178.38761318541478,-168.51357068646345,1.0
5131,-432.7229248247204,10045.71828776756,-4599.424957665319,148.2799270867896,-84.10690755396614,-81.4907937330345,-169.47660617422136,-166.09442722412004,1.0
5132,892.6643575321265,9265.537108760847,-14025.43605513075,-1097.8793571701879,-92.07764477099614,-74.98742431990881,-179.50970715189808,-158.68201260425005,1.0
5133,-443.6911108227348,4585.0631254540085,633.3537903307733,-4192.856354648933,-70.11698942119509,-74.91837719855431,-161.91836529929492,-182.556810593786,1.0
5134,5556.035004494929,2584.515355650678,-4076.388139789142,1212.8220095812253,-80.58420094685476,-97.91833839320311,-171.09125298730734,-169.93174184325892,1.0
5135,2182.0838677119623,-983.9709117466691,-1260.676986928689,6310.75637295189,-72.55710631759639,-92.650439384514,-172.4555246745349,-171.71173594845595,1.0
5136,4448.608781374546,8477.526960364808,-11428.129076981259,-3633.3998846136305,-80.08539540833166,-100.67941325030677,-170.23186741083933,-172.37549203923498,1.0
5137,4087.796360887173,3541.6057208800657,-618.3667178061478,-1372.3461625454183,-86.95399932449781,-45.51286114497272,-147.10359669546224,-169.26313922097117,1.0
5138,8093.453727453765,4923.178489241068,-8931.149028137328,1083.3450397501979,-67.03029305850019,-109.27016274361233,-182.55540077187783,-160.595822523843,1.0
5139,8186.994528401801,-783.1343515924218,1588.4063496567085,2532.241381334862,-72.15574518236028,-90.55334593503142,-169.51167167134878,-155.49878691765457,1.0
5140,5531.770611189981,8015.2214257872065,-5785.973718555761,-1424.1804432100937,-84.04454606670546,-92.96464490364508,-171.61438461628575,-162.43974642962098,1.0
5141,6022.671694135675,9393.815386794346,-8037.8720408534155,2539.132237597053,-71.50210801271017,-74.17244564734018,-159.95757475382976,-167.62743050217074,1.0
5142,3068.333951164314,10822.686909774324,-6820.056903496249,1244.6146743015163,-81.27657329214333,-95.57991474468237,-173.68667108678994,-161.57751103601564,1.0
5143,10949.505956647052,-164.6115946575879,-3900.8976719615953,2009.8751941951084,-76.25248674575289,-108.53725501662889,-178.91803759617602,-156.2612935018945,1.0
5144,10624.84154831869,-5467.6984539474615,-4390.825658054995,-6020.300791599149,-80.77565618799972,-85.0520916472485,-162.91501742868493,-158.14462267717747,1.0
5145,6786.258916865574,1480.7652651705378,-159.25511214912237,1346.1235347237416,-77.8726652366401,-97.59513844881943,-163.10962010060192,-158.09405875686141,1.0
5146,1839.8157721137288,1670.2812126673498,1665.2735560395918,-2485.030202488237,-66.96771368497964,-96.64544679851656,-183.1572412819055,-162.28377974379558,1.0
5147,10583.949558758412,-2420.7854295663365,-3093.795990868862,-6448.422716764215,-71.24598160451329,-104.13012088805267,-175.56187400517527,-177.46753467952232,1.0
5148,2995.966857016171,4881.802726480403,-4280.146663546031,3502.428097511289,-91.72684009154628,-65.48788210517151,-153.9599065393126,-177.57828229914173,1.0
5149,80.39275851558303,4892.998774847024,-9892.028448544776,6286.225689067695,-76.39497720023243,-96.03658403654161,-171.9332173783187,-155.16965663133468,1.0
5150,5976.529675877064,16222.022878127042,-888.6306440531669,-2182.3885307697615,-69.29005931024342,-96.26497323365007,-176.4674438709976,-163.6954187515804,1.0
5151,10429.335051644997,-1033.071325599067,-1261.7835441445213,4896.6159869940075,-87.76681364262267,-63.952330128040785,-152.30915779085126,-181.8184752678058,1.0
5152,-1129.7163044356514,2786.6041924415576,775.0902325970617,-6481.649433472931,-75.97180722785596,-90.81722204198563,-173.15518887270633,-161.23163584932703,1.0
5153,6878.355318038269,3439.997124591429,-4195.226464183425,2070.3856845098935,-84.93611111504012,-71.73407049887729,-155.9774314698486,-174.52354939474478,1.0
5154,5540.701446803869,-1231.8337905303972,-2737.0333650196526,-6793.667912695649,-85.3875988166097,-90.01058369860407,-166.33068138293345,-163.55508787036683,1.0
5155,13238.681774517907,-1106.3932028225074,-2008.0034130672032,-9851.514155497307,-72.86395984625818,-85.5103658205801,-175.9068681745757,-173.4853620029118,1.0
5156,3865.4131294973204,-354.72711713865965,-2110.1512155231744,-8248.364041099476,-71.19788437718472,-99.41035501086691,-171.51336092710676,-166.35439335837603,1.0
5157,5299.216187541132,35.35077885038085,-1511.0993421402932,-3202.71667650293,-80.94620650735612,-69.76062839693593,-177.56170324350646,-176.6597221345001,1.0
5158,4269.53583798895,14379.32595525471,-4906.458784323404,245.97780052803043,-68.01630810766503,-100.60483125882892,-174.60197939091313,-161.76825382609772,1.0
5159,949.8514398865323,7728.957537185984,-4291.977472390732,-5368.653725882197,-89.30603342866357,-86.67022909384198,-168.24966604362794,-165.49572920378967,1.0
5160,2329.88009627078,3602.3484292260464,-1796.5449295723274,6968.520114365203,-75.83983509412525,-80.93378834577342,-172.35224683985257,-167.60083202158904,1.0
5161,6227.878933587301,3600.0054255001583,-9904.95287106775,-3452.5842832935473,-78.24790155459121,-91.61883589686904,-177.69296410683984,-168.09630914975855,1.0
5162,22292.69921356759,-5634.34414818027,12597.31354359248,-6973.305022647688,-86.26968263591823,-92.93097780175418,-173.73300551465277,-160.77391934453706,1.0
5163,8961.709016371839,2136.4997510811554,-2092.6952859053304,-1668.9364471550562,-77.17474081445737,-110.56887262886607,-185.04689229221202,-154.31514462316736,1.0
5164,1261.4927241677933,1745.0018353549872,987.3774352573945,-4804.413736955893,-70.68038599974106,-83.75094838245856,-162.3221779481058,-180.56973400025976,1.0
5165,-6091.332000559279,-173.54832908789098,6315.586629066221,-13575.977896427337,-75.0815221518991,-65.3191825237961,-155.4687650344998,-176.49822288765736,1.0
5166,8968.739681187588,9822.179736896756,-3286.9609076470947,-1624.4345457040326,-67.21961096875123,-76.76586421347052,-176.53358521038888,-169.43976887137993,1.0
5167,2453.775048880606,3057.6024019275796,-3708.314642616127,-4141.284411824513,-67.28567943331424,-83.26802523164517,-163.20658348189323,-164.88722552887614,1.0
5168,-5684.441108036282,7907.342007344857,-1491.9455323809875,-9178.807158226713,-74.84976217743997,-116.37723080753129,-174.76110419622137,-155.04564874970612,1.0
5169,1176.2678632566485,2693.889070602315,-327.46988499912175,-3920.9319118292888,-70.23425046566851,-118.45222527525343,-178.91951160914059,-151.3430762413979,1.0
5170,1936.6801540203235,4162.803132235022,-11329.31646250251,2105.7072066282044,-88.33341650503573,-109.01149393227026,-187.68870499642514,-165.86124275799133,1.0
5171,2405.1092145404805,838.9549665935889,-2845.099235372599,-8397.78030298978,-71.13579734476646,-67.12960776590339,-165.83337851840426,-168.7523622439977,1.0
5172,2192.570789317238,3039.919473492607,-6202.766795724889,2835.3477747388292,-70.60746929880582,-94.15159597916237,-185.62749740259198,-156.49051783087216,1.0
5173,-215.2650477732929,3608.273479567317,-1715.94594075071,-8289.844400679107,-78.45127625546212,-72.84903127244516,-175.62105761420787,-169.5050447338357,1.0
5174,1275.9600854214184,4813.608100607328,-4740.594681967228,7001.846040743127,-81.25303267920384,-76.98208666517526,-162.0444992091466,-165.76941508607317,1.0
5175,3139.3937499579633,9524.609544813082,-7884.0659639045625,3198.196218656539,-84.14952681096564,-98.60368777126685,-172.64916909264844,-169.73543579585996,1.0
5176,1870.0535145079448,-1310.4993551083014,-15264.966324694164,-550.7043397669613,-80.12998113595982,-87.96371479668868,-168.0601732899344,-160.91055759394234,1.0
5177,2247.245055344555,4640.793407105387,-388.82222434399694,-6550.572145356561,-86.123127014651,-50.50101274450115,-149.99657316285987,-179.39387201442042,1.0
5178,-2042.601488824673,5041.9267778066705,-13748.992558268443,2164.226450881386,-71.19591896576897,-86.88711685774445,-166.956789614086,-168.95076159092127,1.0
5179,18651.6769568715,-2395.780817843971,2923.0800538251215,-10606.450794392405,-87.02661746349608,-102.62507857493942,-167.15288801297996,-177.52402499002133,1.0
5180,7042.302635206319,9684.170896079146,-8070.140865834409,1204.3163653275867,-83.95884111020925,-99.43023550989886,-174.2284014884798,-165.390580672727,1.0
5181,11972.452679534517,-6980.802413274915,-569.43084338269,-4521.900229511602,-82.7093159793452,-81.24368898463813,-160.52485644212933,-190.58754326111523,1.0
5182,11673.286949160072,4581.97759959986,-7890.295006749451,2433.627627573692,-77.73374648089927,-121.64151314147003,-176.22296653536478,-159.7251487482968,1.0
5183,5190.345619453848,-3263.9826116712125,-7933.958182829628,811.7481243064857,-74.81010155525874,-117.6236000933718,-185.69662168966786,-150.800979562167,1.0
5184,-2920.2396505975235,6847.402112554293,-3169.4307040673652,-10409.612053949992,-71.40549353694843,-75.59573282767963,-163.27134327329082,-168.53813496096708,1.0
5185,6609.237936283739,1401.4543271765026,-3019.6151208902575,-766.938826344016,-78.35229099910165,-80.84973224989797,-163.63139201671004,-167.30241922814,1.0
5186,-811.7234126156094,2670.6081992506874,-9429.49853018457,7539.769329045043,-91.18363818211165,-74.19547991336316,-165.09002826288665,-169.77802123350597,1.0
5187,7096.41895705937,6412.1525732000655,5817.929425634146,4882.9433065040375,-72.26142214745268,-87.74231649376077,-174.84533118264272,-170.07598290794326,1.0
5188,2523.40946696102,2316.141486238384,4061.3591592409985,9448.863326329954,-76.14342603537821,-89.39974245106144,-168.17791048170292,-169.37044960371045,1.0
5189,-406.03658768091265,10873.774173210144,-8641.99805854849,-3598.0286072063323,-69.58195670355519,-94.1874099929101,-169.74351654859035,-161.9343242335288,1.0
5190,5084.306907884758,729.3361272119952,-989.6164311246354,-445.2282595163388,-62.92336064268261,-99.76792432217357,-181.12021098932686,-156.12972160186652,1.0
5191,282.74442127795044,4344.678736596513,-2432.829592414753,-7378.924812155198,-83.1905102740035,-81.10099424804766,-170.5293043023393,-159.15052752566115,1.0
5192,-6303.921388316106,9311.776745528256,-9391.357586333244,10892.830455794683,-74.270778181783,-99.50856885638915,-177.18813732194224,-165.8084588748584,1.0
5193,3815.493795845632,4481.426449152023,-8439.731868971478,-571.5587862621869,-81.70535610667379,-72.54668914593978,-157.0894999441206,-171.87865852594325,1.0
5194,5224.310481930477,-5286.906415727795,-5342.504887360444,2575.6890200931825,-85.01333891505749,-71.49317061541946,-161.3850479515647,-189.82927188473886,1.0
5195,727.5075773947904,464.78161923037976,111.1115026958136,-11463.28818604792,-73.21529077338381,-84.4573234174783,-163.01134487767368,-180.05512606784393,1.0
5196,11897.63522770078,9930.219233032014,11289.685107337818,-1259.148065695412,-77.84176217949526,-99.87272181690165,-176.2377428028697,-160.17997528685476,1.0
5197,-1877.0236146363195,3408.091543590597,-923.1444886959528,-9369.741950696645,-92.84598571648985,-99.33152095463373,-175.62724916677004,-169.93980525559178,1.0
5198,6624.447499688895,-971.9323808695885,-813.1754418111105,-953.1523794825146,-94.03887056194748,-95.75807218564263,-176.14877087017913,-169.13143117092312,1.0
5199,6797.1141101829935,3361.534846589541,-6115.938739142036,-1797.0512938303343,-72.51680970500409,-87.34400327516384,-174.77348036625855,-167.35982774164842,1.0
5200,-4077.7811734039738,10298.032073395114,-11519.662878168061,6460.017979627695,-86.79565322381568,-69.70759989327776,-148.11055344396127,-179.61468199506476,1.0
5201,-1015.4472754929444,12337.060406763832,-5939.841471937495,-952.4286940935496,-75.31644106132785,-70.81822770597608,-163.81630893717312,-168.44112452475514,1.0
5202,10387.650550358652,-6651.980584415361,14.05322494738881,-44.78400956140183,-77.14526180982942,-105.97664843641925,-191.62674850941167,-163.0271074184439,1.0
5203,7995.932605774949,-1133.6538846118588,-4305.599648470437,-4718.603598107966,-56.05519283420324,-94.1497669306416,-180.37573269397285,-153.65039861515626,1.0
5204,1939.019745788847,2707.542586834994,-2589.582522484777,-5671.9676246959625,-85.36492341907812,-92.03452763697867,-167.481910835,-171.39299939786224,1.0
5205,3203.248132343018,4450.281421891388,-8459.666049532125,195.80642995752262,-85.21359502366539,-82.58290075464068,-169.52895030002054,-155.07998188673125,1.0
5206,1331.0547032399095,3321.5135486911418,-11007.499705041711,2668.678804150408,-82.80568280284501,-99.8604904201408,-183.098942062696,-157.37320419825517,1.0
5207,5551.7788776799825,8538.141394655597,-7145.968067972587,3133.368670427879,-67.3975146432296,-113.41097822919086,-183.12061000151513,-145.44629614483972,1.0
5208,7893.056609459237,-904.5570736832854,-5611.184952112516,-4004.0901651240792,-86.50179577710416,-85.83517969260535,-178.15845330947394,-163.2475401591737,1.0
5209,7745.316527166878,-5786.710209065727,1877.0738171005178,4482.7246764650035,-76.1893874385216,-65.14487718532204,-159.2819379904331,-177.43058342852353,1.0
5210,-9424.819168043898,4413.9726396628275,-13016.951193939269,14733.37939574956,-73.57907388213673,-124.00636184028502,-191.8882952828669,-157.882955181585,1.0
5211,5469.380716093681,10940.940344790406,-12144.462653505645,-288.77147614100585,-78.23107775884289,-88.75226302003264,-170.72011634692925,-175.982508525758,1.0
5212,-2105.122336117968,8836.924994054747,-5710.631021380936,-9268.408965264794,-89.11327526230775,-84.32400236766955,-170.90773118001766,-162.3375952970632,1.0
5213,8292.428077580465,3714.8762032470877,-6323.248153550473,3012.3636691900697,-62.863423903057395,-129.033326197339,-193.34554685242702,-142.3709708866434,1.0
5214,2082.4339599386335,10064.26219693951,-5620.520421143182,-96.91481125059242,-72.99438171009245,-123.60495767564538,-193.29903013469993,-157.62297030375916,1.0
5215,3134.577874193621,1926.3279425012408,-5237.10758442941,-13415.8109301695,-84.26893136099237,-67.22827005911651,-157.7123806558557,-162.53575725525286,1.0
5216,4246.474264653145,613.2816380460154,-17017.233242152324,-3379.5890610570978,-82.30547817331033,-80.45669392993409,-170.07977220740239,-171.91164753527983,1.0
5217,2921.60166635419,480.30000768053907,-12514.907950559584,-1431.9671856409282,-78.84300147016192,-97.1301598107377,-183.3304861949977,-153.68725349963353,1.0
5218,10681.60918516312,2630.9764570872007,438.9091607659705,1156.8136583886517,-88.80080200864106,-91.35325358626837,-163.10622092535854,-173.93712279917332,1.0
5219,2068.690450194025,1815.594764548539,-2578.580344872654,-9768.18919461681,-82.05006816699472,-105.70243946625939,-167.59344245617993,-171.823360632368,1.0
5220,-3186.6939688790353,5672.340752140558,-10604.85192317137,8292.75432732809,-85.02872237038608,-104.3369805195146,-181.69801537446438,-168.39083559383235,1.0
5221,7543.296504226479,2997.0592847277485,11409.926217015969,7142.523630676392,-78.14211024119845,-69.44160852358273,-159.62870603800803,-176.7626974932254,1.0
5222,-1840.6687134289316,-4594.070972765634,-8007.885007302413,-4092.9715807333996,-87.18287451766206,-74.62573836696595,-162.96587844792418,-159.13594785359086,1.0
5223,5795.813675590964,2886.583992796579,-7659.0056826799555,-4244.229881365629,-64.95511301932738,-116.86342608770151,-186.82085074769304,-161.48725559021352,1.0
5224,3707.660290999236,5641.7818408090525,-8209.775973003421,43.466188054616325,-71.1477505563052,-90.18570187824598,-165.66468991222362,-148.7432243198706,1.0
5225,10078.610394098554,-1576.7638923395473,-3465.415503689055,-3363.2379556600545,-78.96442372329608,-71.00117045193835,-170.6229768711316,-160.26646568546562,1.0
5226,5266.531073928543,6545.336441562629,-3679.833556430916,3278.9991751685934,-78.34996146228202,-101.39717945161556,-181.9256501770984,-144.39638982444407,1.0
5227,3211.858761977073,3993.241222192164,-5337.749632307185,-5486.286425453125,-75.08828114834361,-93.55621711705119,-169.97667794957403,-155.2381970795493,1.0
5228,-154.93407989973295,8197.777581005927,-1897.9971043052303,9848.778776638685,-73.07183955555702,-114.60282421212638,-195.28215149197896,-144.91745857828755,1.0
5229,2236.855383116369,-7814.368378985156,-3400.455233034427,6772.58036912721,-84.75085584690247,-80.47279183954522,-165.6160140801007,-165.08296055236823,1.0
5230,1748.4129001939798,13359.217448507088,-2649.613106391373,2361.889555616482,-88.48938109868709,-86.83622369761623,-168.42573633370642,-170.0856760061851,1.0
5231,-5545.341758947511,1090.2516152618452,-20035.02790380626,5955.733637598998,-79.54606414217751,-89.36270474813352,-165.98829301664577,-170.53018684296535,1.0
5232,5202.391859847088,-951.1639418072452,-1592.40780349226,-4550.890088505954,-70.71814261386832,-94.95143616861003,-167.95683527789308,-162.1306046823192,1.0
5233,11040.46413569173,-4243.150626633776,6781.597817268194,2131.9183428689876,-76.2216349923011,-116.41051476035965,-191.3731365196191,-159.31683410925433,1.0
5234,3264.900256149455,-6601.635544026918,3401.816339832694,-6828.461157455114,-77.94758786702488,-75.3567424627718,-167.50767696642774,-171.2006918599133,1.0
5235,2137.854199005521,6891.661510482864,-417.2693901251359,5939.4514564165065,-88.48343899809963,-76.27630401022479,-160.34989960615454,-173.28800673080332,1.0
5236,299.08897063894636,4298.586442171058,-8483.130845279713,5143.341869588529,-67.605038510411,-95.05813823043763,-184.44495423849347,-153.41248805625895,1.0
5237,-728.8132194403319,5168.855777843026,-12330.410151527603,4471.995605731415,-76.47232543981393,-90.20231292955195,-170.77958479923882,-169.56720626728892,1.0
5238,-577.9275857455298,3836.162438203882,-3532.6690693558153,-11477.95749834802,-87.38552207760694,-68.26011191768015,-154.3249760813385,-163.32704812459883,1.0
5239,-2555.8351915107596,4672.037306389612,-7835.656019807656,7889.214164338883,-83.28847967981649,-90.45561109238855,-182.49483009534435,-165.05373179766508,1.0
5240,385.99969911131507,3841.074714606908,5811.2790758647125,7218.577912648012,-74.43638360904374,-89.64055870986125,-160.94746350631283,-159.64260643241505,1.0
5241,7238.131653389539,6659.215764917954,-4445.182101013203,1923.8123989986123,-72.12473129830678,-101.43820891369944,-172.61644195559924,-159.55417358791422,1.0
5242,5179.249529159824,446.55572712590265,-359.81778169050307,1847.085845622155,-80.95939683087634,-112.39813907148189,-176.2966562977017,-151.82046382912225,1.0
5243,2211.6516004988885,1962.0940352671876,-5374.145846485991,-3751.976730820329,-66.9743688513666,-97.80494064667623,-176.7166120634546,-157.33433200185257,1.0
5244,2131.3317970629346,7333.213642466965,-6188.680949603779,-2223.8148385551667,-72.8143274921694,-61.377417958026555,-156.86187992984043,-176.38839242242955,1.0
5245,3596.5351658932514,10708.9309833093,-10244.022004282875,-3226.9576302467126,-79.23965898225602,-86.38388027133277,-169.18881946346818,-169.46985145475284,1.0
5246,2672.5667821336165,5767.17093501535,-3628.0897264393016,-3891.926904130153,-79.16212308047415,-99.41017321324699,-173.09978314008706,-159.71421380486018,1.0
5247,2417.0726255203726,8820.534678162345,-5609.495441561731,3389.798980103155,-69.37782389006298,-81.28976295562826,-170.97372968355873,-161.66592413339825,1.0
5248,908.6007415860213,11417.62889228039,2933.6536347856427,10355.369772856226,-80.55868027185315,-95.60821380352719,-169.05876456008147,-159.21980383936832,1.0
5249,6991.5002142037665,4261.465816996345,-4968.153333900775,-1109.170750149897,-78.29479428378085,-86.6962918700965,-168.1189203425525,-160.88351265242733,1.0
5250,7052.486534229056,3527.2204689641726,-3676.7223264340505,2810.136805056628,-83.25834032729325,-95.23488643388077,-175.14167153702044,-153.5979029323166,1.0
5251,7863.918885434988,6378.536324855602,3887.5904561327,3706.881339519622,-86.28230152106381,-91.52848726955439,-174.12841771289055,-162.5261815505208,1.0
5252,690.6183757471163,7916.112467707682,-7735.570239778291,-4313.293670154834,-79.56127173529264,-75.83358514632761,-162.78102030846122,-188.8316522616787,1.0
5253,2263.361126595351,6598.567704366226,-1837.4526263640842,5268.508477543583,-88.25341816019493,-66.53276181064722,-160.23719929544052,-183.88097680066184,1.0
5254,-132.57223143662023,10347.35217896039,-5889.593689756647,-4722.189045066401,-72.47806232810119,-94.73423353515177,-173.5504450400245,-162.13644555603526,1.0
5255,5838.103646930096,944.7576149716199,-6125.102969168473,-7067.660138130365,-92.41191806330711,-55.930178569253606,-147.2000799570696,-191.19362300521303,1.0
5256,4560.420438828034,1316.5050150450948,-1180.2836475569145,-2118.160121454278,-64.110635508385,-105.09764480604613,-166.85064669583073,-164.34422714637722,1.0
5257,6199.7161079821235,7619.616743179076,799.4021902651034,2452.867867320918,-78.30260918539757,-111.75608259553718,-185.2125553186359,-158.7681952243248,1.0
5258,6720.07800503263,5452.646251210576,-6503.290834989285,6567.039496588452,-74.06591282918156,-90.68553925754581,-165.2774102225763,-175.3904907230868,1.0
5259,3264.6376954822604,14091.724034920837,-2456.394570512597,3493.590549775744,-68.71550070976754,-101.1030907164735,-174.36672058606362,-158.65992325729746,1.0
5260,-1578.2829863078357,521.2617000980382,2059.456840081125,-5189.2006056500395,-84.90153613028544,-55.82600611184294,-146.9008191861581,-184.5209638231041,1.0
5261,4004.282599388592,3947.6336827252253,-5750.76597459858,-2557.9912897967947,-63.44308112376168,-103.56969441283545,-179.2548171980449,-159.42174288758142,1.0
5262,-9339.232722842193,5436.515334855075,-11886.549218655453,14513.253956090783,-81.11990736630851,-101.32976067809167,-178.94674800247105,-153.4257814002563,1.0
5263,-325.60705306063653,333.7512259029074,-14375.858110105819,4173.1357593855455,-88.20767275753407,-95.03471906061557,-187.90604073120923,-157.61962497930367,1.0
5264,-5007.10784254164,8597.88061867704,-10623.638018126392,9532.645426521254,-71.45153840481309,-113.93302374999769,-181.61038976058606,-152.43021039154354,1.0
5265,1526.1000494188543,-3525.672169528744,1915.1682903172502,-5704.5087060932365,-58.206849995449865,-79.33907216967609,-168.19002720855482,-155.9076413591524,1.0
5266,-3078.7742905406944,-1578.8724424884033,5323.877367927972,-10933.49110124719,-72.98357562418653,-105.3757609184576,-188.09142081072955,-157.42868543103964,1.0
5267,1772.1569049645168,2472.9608501141706,-393.8231819161926,-3969.9964897248387,-76.03252300242862,-99.44464062879707,-169.89071366353255,-161.322935407729,1.0
5268,-4264.46660319404,10713.812837440042,-5753.5713396459305,-9073.173433299788,-73.52479253314579,-99.3624598541869,-171.4314488587015,-162.8992626451257,1.0
5269,204.1512861938175,9585.933569714249,-2418.4422364625434,273.5468117287607,-79.5975170020833,-73.44851146016117,-166.5067679475569,-165.5203804729662,1.0
5270,4155.998331045126,3762.2433544698383,-532.6336262861457,4471.0604836223265,-84.11901899861998,-88.5743244546149,-172.13613603099822,-171.20870996718043,1.0
5271,6891.21524213949,2440.831051133926,3634.1842579812956,2385.2923844862667,-77.59035523924177,-98.77613537900992,-166.89249179185416,-172.69982196403183,1.0
5272,2593.0594096991754,791.6147863579916,522.5172184394986,6573.60760809236,-91.42202199542642,-76.39284504057122,-155.83584131384399,-177.55911693160874,1.0
5273,3667.089442276406,-4096.716837309405,-358.5826451783554,-10111.969431188227,-84.48085209658946,-79.31366485177507,-165.36349359987906,-170.66228433413082,1.0
5274,875.3386160974253,9250.89476737514,-2879.8446007917155,-2367.7965837691463,-76.28126305712051,-83.27538545605236,-166.38178993121088,-179.9662274714849,1.0
5275,-2533.3914483193694,8405.150792953656,-1514.3661440926844,-6648.397594258063,-87.63946461631369,-84.7804006303324,-163.97911040684562,-167.45036858034547,1.0
5276,5999.366632049919,-1984.4069147771067,2513.5612847563407,4988.250588975411,-76.4368108051894,-88.94607077944968,-165.56898700400794,-168.7798543683487,1.0
5277,3211.225892916328,5195.502932614239,-1127.059918649591,-1356.2010276490657,-83.47613596746265,-105.04344176849816,-173.582028776317,-175.96314382165926,1.0
5278,-2802.769881566402,11486.550851160275,-8277.60026143781,6805.124486319699,-84.39466957722077,-110.2387377450497,-172.50114497359806,-151.46365114444606,1.0
5279,6822.260483555391,6268.73409999047,857.3414698782407,1256.3407696702282,-75.61911294807398,-80.46023996500521,-161.44198993385407,-171.24854095871942,1.0
5280,4519.326252122997,11600.110919615661,-9061.724440696353,6581.09733510984,-75.76988136811,-82.0175013941007,-172.13402088688457,-172.73490937621372,1.0
5281,7158.445694658909,-911.5848324391629,-5873.714314296045,-5656.377077141828,-81.5717938115672,-105.46380279590274,-171.27341982520755,-149.60201486192392,1.0
5282,7697.892331055805,3392.4811298624104,-83.99692862174435,293.9717276185738,-91.71219885597606,-78.55853827948653,-166.44255116038727,-157.21499244977534,1.0
5283,9426.370281091053,-142.88401415560426,2054.8872664978003,-518.3704817669761,-81.97995872313349,-101.91322268304953,-171.0406460673587,-170.4437926995644,1.0
5284,11730.531723507507,313.48056212015194,-10209.56310974137,-1781.9616294365437,-66.32868869041818,-93.3032087609602,-161.1599880320299,-157.02713987550138,1.0
5285,2915.7765269344122,2274.5420314860985,-3393.909288944569,-3465.9288842714877,-77.445845711032,-99.43840048134977,-173.41101390479977,-162.79055531023042,1.0
5286,3208.2172605614687,-4640.327518599335,1349.1565712944973,-8851.154727659143,-82.09489585976382,-74.00691375037769,-165.88346268061704,-183.94902369505544,1.0
5287,14692.607869856585,4622.875488085359,12683.048401190328,281.744071109121,-77.48215595574376,-73.05608455479674,-155.88447886329735,-172.53663038690257,1.0
5288,692.6564611279855,7688.516832034855,-8447.97328472774,-10320.560186516672,-86.0340106240181,-88.4053064071971,-163.9459443198243,-173.0771293440401,1.0
5289,2213.833203840659,4987.165257137131,-4351.6729214774705,-4293.894500696481,-87.94380865441455,-105.5532996570534,-188.48025477954602,-159.47353166945078,1.0
5290,-961.0407064288942,-7261.361202060551,6072.564288241628,-13559.697655806052,-78.79631174259467,-71.91645722654494,-166.409727904934,-168.95063978873867,1.0
5291,3776.2848216140096,-3442.95982765334,-2019.9717692115805,5938.04614865682,-79.76342982438281,-93.9906987788538,-174.3015392833875,-172.96160712741732,1.0
5292,13509.630996421887,3194.294244164154,-2427.121117507037,-7026.339425237003,-86.15928421617292,-91.99185289099874,-170.3567064619716,-177.0775326982876,1.0
5293,2641.1355303719743,2273.9591141884334,-2816.7382110375493,-8807.851107122193,-71.95890067959462,-93.77622627664049,-172.0856112359532,-155.928944433504,1.0
5294,7011.616138727016,7801.658451300572,76.39859245887948,-767.6528226553168,-92.19405962388988,-86.02420820236505,-176.6503386277349,-153.24305794751263,1.0
5295,5134.008484614231,3059.717703387429,-1165.9547464033135,2652.2224331798748,-73.36984681308638,-82.8374304882632,-171.20608495852812,-170.51237331602294,1.0
5296,8012.622550000833,-4750.82844068106,-386.3716948598346,-4486.4608073298195,-89.14830095595245,-76.87718914947905,-160.54295654391512,-175.4781607306315,1.0
5297,-5462.840335173219,-2065.9974631917025,-8040.38298141724,10936.22180035255,-82.83487098254874,-119.59714721913886,-194.07856024895563,-152.7226214218468,1.0
5298,6546.424432944821,-6119.495412627288,-7981.134885583494,6582.077848798234,-73.77521575721462,-81.1802017692661,-176.35367148944005,-164.5325577768878,1.0
5299,671.6465790960111,-991.1935918923933,-4924.877346203796,6668.591307261233,-72.72729384084175,-74.8266718432852,-168.91016408495844,-168.51634006281458,1.0
5300,122.549214120248,12616.668999072748,-4697.226432094827,122.36959400449976,-73.34910055775065,-101.93537271766175,-185.3590747389328,-150.62112980070737,1.0
5301,3493.982715715737,6277.391044975358,-4482.313104221097,3271.0288650574053,-72.20067283114456,-106.9973082307189,-183.40279466639007,-147.85572261673855,1.0
5302,5322.496508660508,8642.332721770648,-6822.914424625136,2023.7341202700238,-81.6476062802119,-55.68296569904119,-171.47805605617415,-166.7848293224372,1.0
5303,6614.065356164785,6631.555832589801,-4569.838115052668,1408.1466098774658,-80.83973008154024,-109.7511532878541,-182.32434698714218,-154.74677825205748,1.0
5304,7505.572386893976,2815.565834360353,-4973.561264846912,2035.9427485325266,-87.52023783798039,-70.80583849928657,-179.75766019380666,-158.47881645943798,1.0
5305,1253.8052041244364,-856.9621823484135,-2685.789585565628,-10275.074872459538,-95.2468912955842,-58.776874234763504,-145.69230526505956,-180.08255639115512,1.0
5306,131.13272594562275,7903.9967117633905,-1558.2666577138089,-866.8083003550757,-76.63513661491181,-83.20361781650604,-165.51054407180033,-151.60517082082114,1.0
5307,8181.09502326012,9251.40451757847,-1446.2808007263309,-1295.8354881477637,-77.61292396714352,-71.9099424507879,-155.0551601587701,-178.95866178983073,1.0
5308,10967.777158210214,9061.545963845185,11319.226475412504,2455.742054003667,-89.85588850880696,-75.12109033290062,-162.91938147685664,-186.89568661694017,1.0
5309,6479.795148083176,1183.3999356345907,10484.300064888914,8891.864920292237,-78.84987437841679,-97.52964939217979,-171.09080357680685,-166.93161773545836,1.0
5310,2284.230155222345,-1347.5918749341465,-6948.13647767637,7949.034878102106,-80.58476146389764,-85.80959805149928,-179.60354117833822,-164.37743713786242,1.0
5311,3368.4245319575393,6190.236710233104,-3311.5012632567664,4662.351897035241,-75.68257228551231,-102.39221795802906,-177.39265989479165,-153.0728423001106,1.0
5312,2500.8503123057917,5240.627937660497,-3521.3391237996966,-2011.646314451541,-78.44248889405698,-75.2723585864111,-169.2476467901643,-172.10249659175318,1.0
5313,7056.216123725227,-2903.3379212408295,-1029.3181485710709,-3821.149543238193,-70.36947366018813,-78.39326628776259,-168.7330946048376,-160.132128250777,1.0
5314,1477.587102475522,-4109.5988466669605,630.4991011748409,-13550.867211090017,-80.76743590116126,-121.21000632182415,-189.66877428760546,-154.65486341980113,1.0
5315,3591.011914753536,2194.426592791783,-1265.8646073197804,-3138.6938378080213,-87.862097338952,-75.71095919768337,-175.17427151406272,-163.19019505116535,1.0
5316,-2492.071275045541,6626.246738028496,-6506.516520919558,12168.633759549157,-76.79107359791524,-69.65939909119416,-145.28609884261078,-183.92742589224227,1.0
5317,1364.4359869090508,7690.816278749123,-9430.72968052122,-8118.490078990981,-68.64578187842841,-93.22489404761332,-176.22573301625812,-158.06353586770186,1.0
5318,2871.4551872830293,3989.4963146064074,-1013.5815517751018,-2522.5861351736994,-76.82779210345585,-77.2672314523421,-167.95624857538579,-171.86224890952747,1.0
5319,-293.18328864051324,-538.6987518585067,-6351.304531634031,9596.263921203197,-80.1597840965233,-67.91689695360418,-157.8568547137592,-178.19433656146285,1.0
5320,3001.1640500450067,-3696.3322840321885,336.8785173036426,-9329.694291951524,-61.38952741454946,-76.70669237887915,-165.41446468791273,-150.54999929346064,1.0
5321,5957.476398824905,4280.273870394688,-5317.8817349806095,-1085.3779874545917,-84.83220518384329,-62.82743275663401,-162.1803867191837,-168.8278026213787,1.0
5322,-268.43602349324016,8682.63606591044,-11181.995230769979,1590.652185393345,-82.82687142984084,-65.02451520983401,-156.71016753130337,-174.74004295190613,1.0
5323,-596.4506886209571,11563.061791825916,-8495.112615123397,-5275.2412938611715,-82.11435684824554,-88.5901071604818,-167.8822176451357,-160.3884113757204,1.0
5324,1017.515535595507,-937.9208404437436,-5888.9888504661985,2992.7406025347705,-79.79764319909997,-104.90258316503538,-164.4453646494617,-176.2639513928677,1.0
5325,6647.186323839439,-593.448288558157,-90.51765515910803,4568.049729794146,-69.42442538159345,-91.81016267219714,-173.21793435021263,-157.7055954673741,1.0
5326,4923.81160883084,629.1601143936565,-4750.508087578128,-8288.344044628542,-69.49642246453826,-90.86496954531617,-161.0105595132458,-167.20129551355782,1.0
5327,3250.316845477616,6361.714716977485,-7938.17176349469,-5686.159818159825,-80.5490031948603,-61.72070261775855,-157.9831603893197,-178.41449032547928,1.0
5328,5385.898408670774,2507.549297975776,-6565.6449391559145,-3985.567675165543,-75.84419620365287,-73.08147825585856,-155.7353262927238,-183.3926062532062,1.0
5329,436.63490603017686,2495.297021286456,2835.961857525276,-1688.9940291228202,-82.5971871248311,-85.50225337888176,-167.78107546375438,-169.00073344577046,1.0
5330,-2220.585500595592,6807.807540309883,-9646.351467753162,7075.86622740026,-87.51902071947497,-83.14442857041567,-168.10527246880332,-169.00617525403507,1.0
5331,-270.37248180712317,389.3314177940499,10099.47002244555,-512.4532565349162,-76.5881358844984,-50.033844827604106,-148.18873984512385,-181.5758202422713,1.0
5332,1540.57915086957,7634.601006607301,-8762.15119474678,-8679.034983823216,-80.19774339512136,-94.7546561391992,-175.8599014287746,-164.79174664293532,1.0
5333,5589.698433542463,2268.979502131911,4755.794094777677,3873.0679865156094,-76.32274565732085,-101.83376960132378,-178.8540870539082,-137.11841487343818,1.0
5334,12313.390676054589,796.6011427541515,2672.6031173094793,-5046.833658199759,-75.20811490801484,-99.46092046706477,-181.15802175213045,-160.58320975639808,1.0
5335,683.1066623001174,3182.665160949491,-1407.9594921438606,-8264.850445138683,-87.02027610831219,-87.82785409652733,-173.05206968915925,-168.07831382709543,1.0
5336,-1621.7211902147571,6904.220190873282,-5785.154295623312,-10470.185354591908,-77.82380491389159,-57.708502389182826,-169.47547590948415,-173.21813968822315,1.0
5337,1549.7469718514396,8528.737515159455,-6420.219955324327,4332.981267546189,-82.21537602453546,-72.14725340924178,-162.13046813794807,-170.68971632684992,1.0
5338,5016.883630487023,4973.330114478067,-6119.207666879589,-3179.1502545863455,-62.94463084060986,-77.65905709400249,-164.36374558554218,-161.11630375382992,1.0
5339,2437.748271606362,-4319.049768472278,-14363.521679625663,2888.43337714371,-78.98410821971842,-61.46012049911559,-159.07629790850223,-180.77139436634013,1.0
5340,-1149.337670546512,7465.360608050009,-1786.1962435427904,10114.407321794986,-86.40035314211373,-84.17048139842889,-165.13193628374887,-171.72605461133526,1.0
5341,-1216.0367017351246,7844.174614850349,-4466.030260081132,-12765.526683796268,-79.01885345110897,-89.09026324633794,-178.2307324916616,-143.46163853196998,1.0
5342,4813.982597638703,3340.3869734191717,-4799.6039961782235,-2148.283040079919,-73.35405329236222,-86.23184432660496,-160.62983060631268,-168.23644890926906,1.0
5343,-2940.3953391807236,3748.0234907111694,-11530.602361319234,7235.06435770945,-83.39150018301126,-65.59827050588791,-166.89227226873749,-170.58620167653683,1.0
5344,5242.949486885046,9294.260856107028,2356.0073343401896,2357.7219872013043,-72.75148312469263,-90.57109316442609,-175.16622825397292,-150.90742225922247,1.0
5345,780.0965820799717,6139.014333539049,-5993.450031284695,-6992.255004861046,-74.13441572333433,-77.18104198314983,-167.17542566370017,-172.5526428643015,1.0
5346,1601.9959866048544,4793.97654254805,-5163.009867746373,-6221.897012394748,-84.68117749894976,-122.17971246147275,-187.448534425406,-152.23142185291726,1.0
5347,-612.4817186929134,3035.9029758358547,-8917.695866988459,5648.847215345815,-88.96300912118623,-75.96552457105756,-168.42998008805733,-161.88708388980737,1.0
5348,-5870.301184312293,-1388.2558741970654,-20218.868381757962,7071.446584274353,-74.64360146745925,-115.3958076000842,-182.88957972012093,-160.34402619965357,1.0
5349,-7700.252478857752,11807.353893421518,-4047.600970287358,-11921.688050886652,-93.2398827316676,-86.85795217234308,-170.32853724388445,-173.827184474121,1.0
5350,8471.514688821899,-1349.8137468276857,6212.008798153653,5844.479419378187,-71.0245984766626,-111.96546702342144,-166.59253552371794,-149.98692258126044,1.0
5351,18708.11269223386,-3860.7916464331483,-5496.01130026028,9774.33618860892,-74.67836624638004,-75.93302720223704,-165.54591621057722,-164.4193066305086,1.0
5352,6264.296667299182,521.057991426972,-1618.44996119963,3301.1204292704256,-73.87501953792436,-87.46523954028882,-165.9475165368479,-165.34810509161247,1.0
5353,4751.749572985109,5279.351658388454,-4462.750457195236,-3608.1944067533223,-100.88692277807746,-98.46633864781242,-174.39749074009382,-153.3434849775256,1.0
5354,1673.3952553282018,9063.806285534296,-6272.447534655617,-1687.206252678834,-61.945340529602746,-90.43609635130711,-169.92099842260174,-162.5328642530999,1.0
5355,1778.1342584813026,4734.779124531862,-656.8258049188138,-3088.467482737073,-73.39774254572633,-64.29389103630416,-153.06731479103897,-169.79937443244376,1.0
5356,4370.848846638579,-1488.8782397171672,-2399.2454292875686,7426.934973192277,-82.49808074442132,-111.87745746103303,-183.79821135186327,-165.76670233675958,1.0
5357,3764.6871513036717,9301.671274841268,-5284.111611805752,3185.499875817167,-86.28029248513924,-49.98955177857008,-151.24999106812646,-171.19764607266356,1.0
5358,-2419.4108937643805,11748.990064777347,-8223.047989097366,-8024.382263412485,-67.9187910845457,-115.78212334155769,-183.4378322988863,-151.16996578432222,1.0
5359,13861.740675942918,6177.097020664915,7036.211557692673,-2271.5951277551558,-83.57441660385565,-81.2881526630097,-172.57062028144233,-168.69541383667627,1.0
5360,2819.660938101577,609.9291928135146,-7009.606818428137,6041.343396078288,-67.56964212497701,-84.9747766799806,-158.6541977481538,-174.29040747143677,1.0
5361,491.5497161207423,6475.684599747984,-9654.099527365994,3931.4557138722344,-77.28346339620536,-63.751597679585,-154.12842579278524,-191.0215057425,1.0
5362,-1943.1865382856413,7008.749624682461,-4172.072782212149,12304.729736092728,-79.5668304883958,-110.50678913294861,-181.32547016184367,-154.12630221132474,1.0
5363,-3600.6087502751448,1280.9272653303522,1743.9134030619798,-15239.585017298079,-72.80738312822942,-76.43855594706265,-170.92559223857222,-166.19240525585064,1.0
5364,10038.30422204373,6282.408587792997,-4210.398960467833,-3364.391838036979,-78.56024513808077,-76.1710928355182,-166.2855970838414,-169.70836568837413,1.0
5365,12360.645842122873,-2330.0788533918426,-2995.1714567221848,4498.180523305555,-79.70856182255072,-102.80124119523823,-189.1328353066049,-146.33422508902015,1.0
5366,7930.858756305669,2635.937774932707,2577.4836569394392,2317.6235296158065,-90.07408667120016,-76.05072599372491,-165.13201353448903,-164.84304950154834,1.0
5367,5793.993702714238,1823.4491345537235,-5131.592817567277,793.5419602994913,-81.77311983234313,-106.0030834908907,-185.9759807024161,-155.84157361762172,1.0
5368,10159.06463561404,-4479.328162632795,-2586.10786326169,-499.42130967681254,-75.0495541773089,-96.75447414604889,-170.26742526672302,-172.34583232689,1.0
5369,-924.4086855744498,5507.48228290171,-1956.5287910640093,-9348.709978755847,-84.65110224553037,-95.09130721884448,-172.71413194608064,-168.1274053514526,1.0
5370,9149.00824814418,1157.9823388674338,-202.8944722767454,-1408.7971144130536,-68.24456106119253,-126.59700102692628,-191.12175067491538,-144.65018796720463,1.0
5371,4797.893016924432,4829.687451482207,-4668.086551419597,98.70794075900812,-70.16866104711998,-84.9175144692659,-176.83002259572288,-180.24669647283167,1.0
5372,4901.6187691512005,7375.123992163015,-4485.474055131415,2745.9718211723502,-76.30259729321685,-124.15262471382746,-190.77185768692598,-142.129003883677,1.0
5373,4242.160637735725,9026.36991865654,-5003.23530481993,4483.959981283064,-85.65939163566036,-91.76988434787633,-177.2988572354449,-162.03477082122953,1.0
5374,10659.556487352149,9299.205700561755,8364.618158991121,218.43795234796292,-82.92712074740008,-100.25526770917284,-176.47866113662036,-161.02379624282904,1.0
5375,2484.3934049420263,-2992.891708622683,683.5077338064503,-8879.77608723894,-78.47586253035946,-80.36914395927991,-162.45454982473512,-155.5556293198372,1.0
5376,-1573.8117165956535,-1645.5617864171984,-51.87242242832912,14907.58105465066,-86.22703008641727,-91.97461589238777,-174.20680170654285,-157.76863249623477,1.0
5377,-1895.014773217262,-633.6964193676242,-10123.21723849698,9477.457094929518,-77.50766612114512,-125.72772831424523,-190.77728398255513,-154.55452079245168,1.0
5378,-152.12673633605166,2774.1510624521998,771.8240232673694,9281.082389076602,-77.35589372677347,-81.1104987882078,-168.17642459796656,-175.33619301899054,1.0
5379,-2121.122958330283,11518.82787703277,-5615.691050418709,8794.411646222465,-90.29358803507537,-81.71863143129632,-162.69475944892596,-172.20647178762513,1.0
5380,8363.207963988403,-760.493985268321,-6511.602702061879,-3531.6535469126297,-77.24004299499246,-77.42110097509132,-163.16670621698879,-168.09427786743493,1.0
5381,1685.7178332592043,5186.810644300353,-5215.134284937657,6290.217608972869,-83.83702831418955,-103.60408113923619,-182.16179827785194,-164.71164709645706,1.0
5382,2090.47975493779,3299.174090971051,-342.0065240833341,-1282.9011540132722,-81.16105961439139,-72.2608726505313,-169.24709009825196,-163.48408402040502,1.0
5383,5480.912811958977,5526.171458104945,-8081.9798602149,-5537.044879913788,-74.24913077556009,-87.95014323000427,-176.52055138305965,-170.6270291464158,1.0
5384,359.14421195108395,-2829.946427182182,4477.293227425763,-8958.79382111536,-80.89229874510349,-78.49961785976268,-160.97475417979706,-179.73717151114,1.0
5385,5785.1322827909735,8322.787655389484,-8738.134594699797,2975.3056929331306,-80.18210021074778,-76.14502402563447,-168.45315109577052,-169.44929233314855,1.0
5386,858.8584139616828,13048.959007036085,-8542.495508850163,-3253.566455184034,-82.24542415167747,-93.70784082389585,-175.18698529143643,-154.53507241703244,1.0
5387,8010.941489827021,3091.442357380532,-3738.370283220264,6507.089592105342,-73.35085909594791,-97.13428938923354,-166.75224845925038,-159.2250220474347,1.0
5388,-4155.32355930179,-2178.987991069154,-15751.385250669993,4696.076473154199,-78.87723627948071,-104.71866402117014,-173.4962685338895,-174.97892395676857,1.0
5389,11673.427941237567,2981.248031817243,4629.920990726816,-1308.5015245413847,-79.82045659266691,-79.48175730795693,-162.46064789733245,-170.66908960882623,1.0
5390,12119.196719750647,-4762.66290977614,10943.73469614565,3009.1295504353448,-73.03520426191477,-77.7222141602239,-165.11619396338833,-169.75842095008758,1.0
5391,12384.46250926896,-4485.1875537780825,4843.140264821123,-1267.0855090769337,-70.35740324827262,-104.82007310997508,-176.5233326925624,-153.87118143367846,1.0
5392,-631.1565699431276,5110.70088164844,-4828.304077040696,7761.919003611975,-69.99472460920094,-79.89474563236597,-170.74499408041152,-162.9915172197521,1.0
5393,2403.9150994396387,-12152.39076918881,7705.572147654974,-14888.451739783579,-69.95569756488509,-104.1930695826587,-173.8212094948339,-168.1147600262506,1.0
5394,13842.94137944791,2995.4235344722315,-7253.138978154071,8251.733010726513,-76.49427433209173,-86.74447741857966,-164.84305269962832,-167.19023832454013,1.0
5395,6817.495730935829,6587.907775855268,-5196.130416724223,-2990.059885718717,-79.16090506477623,-137.2518227845789,-202.03306302303827,-149.92039665898386,1.0
5396,-1911.328237365852,6725.521987163662,-2020.3932208671743,-7616.499311918559,-92.11464949732249,-79.01186452820215,-169.26597548742083,-180.96310962202432,1.0
5397,-565.1814402857576,6390.400432115863,-9959.959961332506,5033.548028811583,-78.1005181361838,-87.33923946513768,-164.06182447292574,-154.427042086479,1.0
5398,6378.954694585694,703.329925871329,-4474.72256413834,-3224.4127166459552,-78.33418643878079,-76.55333071657584,-162.16235907676688,-169.13245730380166,1.0
5399,7089.013622294275,9310.497744148057,-10433.575538842266,-1652.083813529891,-78.70017684137456,-90.14606957039369,-168.53728073952007,-162.0397823331108,1.0
5400,1868.3037582109503,314.5226359477333,60.52274876070251,-10197.908730351868,-77.31433966358047,-98.45702434042545,-173.70652309667517,-177.37724089671227,1.0
5401,7665.738546285135,-1115.61547566872,-1456.346580541186,-3723.6110709394447,-79.05915759376276,-67.70811956675273,-163.4185542548511,-182.18434080541311,1.0
5402,6249.74674395567,4509.378113601382,3611.1799848729393,2978.237401968368,-86.87160404189488,-113.01330562570908,-172.69762924832165,-160.4156054964019,1.0
5403,-6229.221906952476,6788.482418045324,-24986.721031831352,6156.3060075712865,-97.14450407070535,-81.48316666928815,-164.74324427598444,-167.3665652292844,1.0
5404,5500.928834622824,4741.85677232168,1400.3492036506677,2799.951810285809,-85.65153758508612,-102.21261974071422,-169.7333283590791,-162.54383136649227,1.0
5405,7077.671202112239,3498.3909734272015,-5219.1976945183615,1439.9871669969398,-68.84563055943738,-110.45935561311168,-185.09345023452596,-152.2189261052476,1.0
5406,6785.5111091001745,6448.514627382318,-2344.8310402131156,16.299222439845273,-70.89705355657287,-85.05505023882475,-164.60048775830097,-155.24424523699184,1.0
5407,2468.8725167442126,5579.69246917603,-9841.665874269098,1122.965750889333,-68.27976560355738,-96.37377320899473,-168.124723319946,-160.42633553657458,1.0
5408,458.5644566435767,6856.352919818844,-4168.369713035701,-8037.931787461668,-75.6525247942685,-86.58389833315259,-172.38186968293462,-170.6972585881424,1.0
5409,8300.760826758393,-6510.41134124281,2612.6286541150116,-6024.738580798886,-84.52255163944128,-113.90697715433272,-183.13928163186483,-157.8118151654485,1.0
5410,3649.132686085447,6954.45243158134,-4271.549723854096,1398.488345496442,-75.39214734769241,-93.7227126718714,-170.4903500668546,-170.5165356870295,1.0
5411,14239.464814421453,1109.3344515280878,-940.2653370949477,-5671.762717625345,-93.88830943111451,-76.61835251574284,-167.67319995375888,-179.44346312767334,1.0
5412,10019.22575703542,5771.488695015064,-3900.3576893365866,-5534.230497032514,-75.52905970067077,-96.02320651416844,-180.18176077177816,-160.03741971171536,1.0
5413,2280.8964310906645,10063.409771503912,-7049.677021524765,-779.226154913078,-87.65054265724825,-79.96105189996423,-182.52953990842914,-160.7290173845866,1.0
5414,8799.388383078563,1356.9769520304637,-6838.499700955156,-2138.452819716343,-92.7880194586931,-61.84683217605852,-160.83478588234786,-172.01015227770569,1.0
5415,-33.42010186278843,5829.89125149348,-17687.332926252995,-815.0975184979923,-77.67950855410672,-75.07846993121265,-166.07772642238336,-169.8729629045243,1.0
5416,8488.176334791126,4235.885252913324,4009.0331166715478,1279.0348037208266,-83.86408006374346,-62.05144307984497,-174.46845513179844,-159.7592755516936,1.0
5417,6721.053683777166,11163.684295120816,-12721.7577103143,3738.1121024920935,-74.83291991813348,-121.06714735394372,-200.30110704829337,-134.05660691499307,1.0
5418,-3528.196863514421,-1238.0261698613447,-6949.503471614834,9052.639852631444,-71.90649748791238,-110.21387832551005,-176.13559013217616,-166.3689189611692,1.0
5419,-9871.409116228162,5555.2703827108435,-9545.97115658087,14750.473826214153,-65.86267469628625,-95.21781754085208,-181.23761075596437,-155.5982022043357,1.0
5420,10064.439723919739,-5009.5918473347965,-275.1063078885743,-2441.652277671505,-84.22695816263638,-67.55068867358438,-143.38022660624955,-192.09918058646457,1.0
5421,3210.7188939490375,3901.3555646771038,-5524.596432124422,-6373.672078473141,-73.67708062486352,-88.49636079665068,-162.92572163598473,-172.92745260044387,1.0
5422,1968.2683900191073,2869.861870116667,-5123.664719973634,-6975.832932032333,-74.10583970584901,-79.41920766463029,-167.84150481777357,-158.09828460593707,1.0
5423,-2602.5472526491035,10256.999116971716,-4840.507048557231,7124.026411335602,-81.29837736232467,-86.78873626550987,-175.17029165057124,-167.7364576789168,1.0
5424,1151.6271550894626,-4845.753927749365,6694.854874467676,-9976.590807720411,-79.09129631960293,-101.16012488121935,-179.58722528721864,-156.25970190848324,1.0
5425,6507.434615036345,-2429.3422897103014,-2088.2965925868757,-717.5842331828708,-89.21147345913313,-59.1025670526423,-149.79504402152295,-195.14430199106394,1.0
5426,5536.129928852332,1414.907700357376,-4709.49572242845,1823.2044839379546,-70.7055778653269,-74.03893501215491,-167.88429665601595,-162.63800118088335,1.0
5427,4201.271970585904,10291.481370642832,-6769.694011417943,2029.646239658256,-76.19486952617767,-110.66543321415273,-185.3889491864326,-172.32543785976512,1.0
5428,-495.2265276939669,11721.51838104901,-6365.441175096922,-2472.420637519588,-87.21467289828286,-115.82319399255955,-180.88727559015842,-162.11541430155629,1.0
5429,-736.9123508446313,-1482.973638789551,2150.353433589767,-12846.35910775595,-81.24353278501064,-76.22247167917389,-158.98825412526628,-178.17665736702946,1.0
5430,3587.4932666902037,11450.848445034975,-12000.344550774344,-5763.724130540244,-83.25548529486943,-98.87846708867181,-180.81656905440303,-150.48975287511558,1.0
5431,9374.952749615179,634.2106526517806,-3984.2494844788466,-2408.4152670721955,-74.15377904494453,-79.54453937128864,-166.68867050639636,-168.8456051263847,1.0
5432,14745.553922450641,3286.777343254345,11105.393567095485,-1170.7338105394301,-86.61875241998486,-97.97707247724395,-181.02308874495006,-163.7256307850584,1.0
5433,6328.122715070281,6910.2092488201915,-532.9490593218677,-2000.4980038479353,-82.43182145939024,-46.677359988793185,-167.09381453950107,-181.37020140715146,1.0
5434,1044.3150734179908,1645.6210801289183,-503.28999826159526,-4451.87402013939,-79.44491288965267,-99.3948920700812,-179.36836924729997,-151.34394525452885,1.0
5435,5911.505347190516,-1260.3897622506818,-4656.0054767931815,-7631.546167663041,-64.15667299258705,-65.32964781531646,-158.4676482656876,-182.47319704813555,1.0
5436,2934.770088800271,9660.665770225452,-8836.22333994547,-1456.4241952390819,-82.87857516316467,-103.5266490260318,-175.87671369511335,-170.4408710998122,1.0
5437,986.9496579330122,6387.843567818796,-8686.456732219036,1619.9852221858364,-76.87108444901037,-104.34133161298321,-185.08146191417154,-156.7499202110364,1.0
5438,10604.47317110962,-872.3236554931941,-5820.987392983004,-2968.618753225511,-76.07762317966535,-112.69231733495232,-181.15093017472896,-165.59866068848015,1.0
5439,7981.1035716254355,10317.500198698963,-11611.435717791004,2269.5680992542557,-83.51029353948928,-69.31496371449319,-163.9247687097982,-172.30624620990824,1.0
5440,12634.347932379562,-5632.7929903190625,336.39154981803097,-4963.924362047122,-78.55881738068769,-114.96834455911689,-195.44971610155415,-154.18019328291638,1.0
5441,5482.476983585239,2910.6674480697698,-7034.133807795561,-2693.02504869556,-82.79893664634383,-56.073308347250524,-149.7549486210474,-176.8570407090463,1.0
5442,14463.412449248717,-1976.7599994821405,-5952.167864948987,-12434.248861680273,-81.98240994095156,-78.81189317349829,-172.76172738084094,-161.29344187368935,1.0
5443,5544.7950041043,2740.5466262022455,-4037.4749721736007,1275.652211970565,-80.53067352303067,-92.97401343199847,-174.0963076380357,-159.2938425242859,1.0
5444,-1603.2322383348094,11698.562755947065,-5229.905030511411,5174.658473704578,-80.68564337696574,-81.49551324811321,-156.85866728756307,-162.39209486274322,1.0
5445,7260.332709120475,6768.996480148648,-8843.474029191195,-5308.334789890497,-71.68023708293195,-95.26837309937312,-167.8460687123226,-166.6821470039582,1.0
5446,4303.5377013430725,4752.4846743148955,-6086.594141719448,-3627.2845304485554,-77.05367991029341,-102.69428165714805,-183.08935157273945,-158.7154394741252,1.0
5447,823.6747550158303,-1667.108250051117,241.42359483643185,-12111.015362899518,-77.23479189599159,-68.94499652922093,-173.112369351422,-161.50484413851711,1.0
5448,8705.120796461139,8068.252285445719,-10505.585751994488,6729.311646636552,-75.2919051656905,-100.64942230096183,-179.67257285953727,-151.33478718542193,1.0
5449,-2953.1456822653454,7568.673955770097,-933.3171272149245,-4479.224210139393,-84.76464263284318,-96.56544164628357,-179.52169614365837,-166.11248460747356,1.0
5450,-813.5699890307086,3493.2035666716474,1008.9525376614081,-5952.880238560564,-78.43670278133035,-94.7601442719284,-170.35990409094785,-170.49401396241137,1.0
5451,10914.855012209495,3947.026992601777,-9120.965913137725,4870.23476818646,-79.78342357174019,-77.38602050827791,-162.45086114295097,-171.28268365090273,1.0
5452,10432.231936687574,4869.1689211021885,-6835.158651634847,4682.459075849892,-69.93110225362844,-127.63390160576975,-190.13698635042653,-164.42855793850714,1.0
5453,9520.187962335316,-7674.736471672118,687.1425502541064,-2814.2228318901684,-90.4759073086223,-60.657371305805796,-154.0562076379829,-184.99448617529924,1.0
5454,5862.090754984969,7699.935850839149,-7622.792246011583,226.12277133391422,-87.86204826735563,-78.85905479804974,-157.1631630020134,-180.15576901565746,1.0
5455,-182.15902759379654,-185.94840301111537,-6962.398336904876,7192.112689825317,-81.32461102093725,-62.142199132133825,-161.54746723139155,-178.67305682529394,1.0
5456,16250.291333090274,-847.3182737649769,8810.341603160183,-3798.653332061272,-85.73285641993769,-58.171887975176475,-145.30717956742578,-185.27687323624204,1.0
5457,6279.074725241639,-2207.8946019009272,-797.9868179186269,-1809.6077671189619,-76.78074837825592,-91.1436121355191,-167.11012786494857,-174.17205784071353,1.0
5458,3547.4299402526667,2632.9165677933547,-3547.3591798626876,-3882.496220061718,-78.41414274098155,-116.45322728633667,-189.4703670525768,-167.7659395396778,1.0
5459,7302.337515707846,13814.892111793875,-12041.11845359214,6027.133413280982,-82.33988111393822,-80.06231753469352,-161.12253810382958,-160.84485896133046,1.0
5460,2610.7189070222885,6691.964057515,-5342.350097221516,4697.1460361854015,-76.42302353911812,-105.14791579953912,-176.3589078362658,-162.58290298526808,1.0
5461,1091.476558805817,2217.937785234322,807.0990737034526,-9332.455606721196,-81.1641379800425,-79.73875070011061,-172.7199553079412,-180.7368781961304,1.0
5462,9410.08498291381,5983.617034138111,-7605.634353329496,5431.993173695643,-67.39745052574419,-100.1874925293298,-163.44698673600286,-173.44432493892896,1.0
5463,-1543.8800908475546,6029.351415346706,-6044.006329952681,8474.838170594434,-71.00877847051616,-85.43120175761554,-170.11566796384437,-162.92999955779212,1.0
5464,3393.2990453972047,-398.9292647811755,1046.9681765989596,-2876.6544751542983,-82.68984368240233,-77.75525005562262,-166.021353947328,-176.0709199028583,1.0
5465,13307.330452346967,-5894.093098446504,-4805.0776851108985,-8422.542836026361,-81.90329999733883,-70.07369628586902,-162.52725266054966,-180.08134280631273,1.0
5466,4359.263172748234,-2844.593343339754,934.2874542286359,7000.952456000178,-79.41996637132887,-82.93172922659117,-159.30169082152423,-167.66810804666358,1.0
5467,9216.502531704567,-349.79746464108354,137.13006260414852,-1434.8083650967083,-72.8794922338439,-109.13575940784759,-186.3747061840025,-153.15391344420945,1.0
5468,8353.894357488422,6813.517172218031,-6685.390020805532,3953.5392868438016,-88.01794667040605,-92.13017496310191,-181.18258732251633,-150.689307917004,1.0
5469,5588.73629394967,11604.812932783869,-9677.975630166631,-8692.426444064713,-82.46468766414279,-75.90573737294437,-160.5561899600446,-176.44826234755521,1.0
5470,8392.310213426626,-163.49874084567784,-4802.042991689852,-1878.26012455981,-94.26107579719357,-90.0165663214776,-176.31744288370447,-163.9888615389059,1.0
5471,3994.546086917608,2368.6370823855923,-971.0089675714695,-2802.3793889335657,-64.56365068919125,-98.64219731152201,-180.97403443992508,-167.0510060455219,1.0
5472,-1546.2724129380292,-3007.2245609503825,-6564.368392618965,10745.078689027612,-67.91426902806892,-76.02562609107338,-161.27763346317,-176.24723396575664,1.0
5473,2287.5739963269093,-3712.9369375851325,-3148.266533058106,8604.329776003258,-83.7409240721118,-88.21439813624194,-168.44286079707362,-165.81752013043575,1.0
5474,8511.426623305873,6830.943842450614,-4446.037181694466,-4670.331437320609,-87.03616643558989,-112.84968464683101,-180.1787278641342,-166.73942944725792,1.0
5475,3145.26516183611,7500.111885950233,-10514.758932145056,-917.5909272761404,-76.19882700393762,-96.53058992086484,-170.24280219421365,-158.74834584167604,1.0
5476,10426.707400830022,13689.484275830608,-12234.498221514654,15000.48410199678,-69.74671718975806,-110.39006872022227,-179.60745053802657,-164.3427565390617,1.0
5477,6390.344268360335,12530.881505390087,-9531.745297800107,5977.54461321615,-75.59269829530024,-86.69107759046156,-177.63996214211062,-169.2683267414741,1.0
5478,-3533.678632896056,394.93143315960964,2649.9288859915455,-12953.682777139968,-78.78647544036261,-80.27215882346484,-160.34348801726776,-174.80192159000129,1.0
5479,-417.7823745899736,12220.284974265065,-8297.718858624612,-8051.006710733241,-68.38942112624666,-83.2683541761202,-169.59619494306196,-173.65416204242703,1.0
5480,4340.247522007357,9718.367032130991,-6533.74447580853,92.36414888321632,-77.92398629417804,-105.17195580047236,-178.34453408855768,-168.82180086245478,1.0
5481,1400.3645237938365,-578.7741559315616,-3906.0072630789286,-12321.648047756511,-66.10658463553997,-88.17504100792269,-176.8046270970578,-165.76153404292867,1.0
5482,-703.2535108112631,6123.302889161104,-3578.3909600441775,5754.446686712395,-77.19549231895562,-64.70272141810437,-164.26839300376238,-169.28681982158903,1.0
5483,6585.95666833985,4962.689054899209,-7111.768199937104,3235.362161226909,-88.74894202593757,-80.5202005592002,-162.61819836175488,-176.33705526674203,1.0
5484,3771.2609474964233,3427.879544824259,-2237.915211385687,-2505.4071636479607,-87.50990570717863,-62.58004699287288,-166.04642721958805,-174.1075997762657,1.0
5485,6529.130551683476,8617.11379270662,5157.211611419885,4813.89621658563,-79.12703221789585,-67.113495756856,-150.5047318811704,-161.477776839053,1.0
5486,6420.712487411811,9628.635999753515,-6238.89164506668,6956.730320119288,-78.46845142079374,-101.7995661770243,-186.74245874273103,-150.10579018778682,1.0
5487,1644.8135546164294,2408.839597152538,-1604.198691864564,-6136.760953680039,-65.14989237507031,-94.26490037129514,-179.48609324785937,-165.6291136119932,1.0
5488,2951.844521196916,-631.2059118362545,-5169.840785910852,-12369.50995555928,-69.00210967557084,-80.17899567528943,-180.60442840007838,-157.37984862039042,1.0
5489,2609.023932518465,642.7472928442843,-3929.6525858288146,5573.392609187019,-82.16050744874002,-78.37374265780231,-167.06758362571634,-173.33848674764636,1.0
5490,8548.550404887368,-481.7567275603927,1388.6927503638708,2147.729712924607,-62.02199689998753,-111.01363260427804,-189.57635553591243,-159.4278315226242,1.0
5491,-6003.915387167792,1468.4419810951308,-12342.237779420773,11729.98578009064,-75.94482727047274,-85.81581939638474,-168.28575487698623,-166.74124726821742,1.0
5492,13294.880856984815,-3877.31043698848,6325.524998919215,-130.28623581953002,-83.76679441531006,-88.34121343862695,-161.10864104360655,-163.9593942634784,1.0
5493,-3447.4167203475895,3537.5925437221485,-14294.798067252148,5473.5243929801145,-82.73502555529093,-78.02216218653224,-161.25290858077065,-173.66030448680164,1.0
5494,8953.4899119177,926.8090604348193,-1381.0574384590998,-1067.012606173726,-74.0014617041378,-72.23280650201373,-168.0072205933952,-167.82737206086725,1.0
5495,-1002.0252210799492,3259.5545503126305,-5905.637651673126,5743.086905327984,-80.23277139280015,-109.88066713246619,-187.61248692995164,-161.3253677249325,1.0
5496,357.0536466352858,7018.675932004749,-4182.765132264153,-8606.98933188479,-77.27704111676911,-77.1508849129916,-163.47710519501456,-169.55450917225954,1.0
5497,4043.304615472426,-2037.9289408516254,3057.1585520707818,-2145.3274922559153,-84.64578520998201,-93.43130147818451,-177.50529311886623,-156.92657113002954,1.0
5498,9923.046833181965,6351.210765940616,-473.8560545787176,-5605.46597669216,-76.10098051536485,-69.7791447829142,-150.14849245099583,-164.5592946981036,1.0
5499,7870.459759278736,5405.73582527385,-4664.3694583057895,6801.1336162967455,-77.8201184777598,-117.07153166831957,-184.7238174172281,-172.3416130170715,1.0
5500,9632.26273835798,1502.3948939807724,853.1676480067296,-1117.740258499031,-74.66547521063565,-80.17022715324589,-166.88133933721522,-169.06861060200936,1.0
5501,3417.9785394403416,4723.084331354224,-2591.03650921631,1793.9169020127106,-72.3941398775934,-86.51206377332656,-154.90790762697642,-170.3073447486023,1.0
5502,-2367.375302600139,14519.298628615577,-7485.888227274712,5990.1083521482815,-78.8829689137181,-97.2881123418243,-179.26297333165164,-156.00434266596187,1.0
5503,-1892.4727081978765,12253.576113691965,-7177.994456862166,-6630.032347822878,-84.3981008288302,-104.81568628258313,-179.4652900549807,-150.54723478150282,1.0
5504,4550.40193881624,8958.97368684551,-8910.113830873373,-2282.3283530866843,-62.683960962487276,-93.80579775913006,-171.92215050200812,-170.83002747786082,1.0
5505,11466.826553948778,-2440.7337389258637,-5878.770224832847,-1074.3060239381025,-95.56781545859558,-46.349795712003086,-149.03368927218207,-177.06624991854767,1.0
5506,1739.4195669230173,7082.674676020581,-993.812502739361,950.0313979635266,-82.25399207806275,-93.04933868432799,-169.13884615852643,-173.9854433739496,1.0
5507,8729.852242366358,1562.1948554327084,7894.394016581401,2299.850351272991,-92.66032697322913,-66.65960031433912,-142.50853289739746,-178.39730393559813,1.0
5508,12754.710519690116,-3826.675515782005,5073.385685650582,-1197.131998496586,-79.89684811734931,-83.31039746970981,-158.94287482259912,-171.52511234908326,1.0
5509,3409.842074346638,7529.407955470474,-6168.912169254923,2454.3819375415023,-70.94296306105099,-99.29865761668202,-179.78609350943725,-147.9942067462322,1.0
5510,4919.016376985002,18487.991086211074,-12281.734324783818,7337.924697573021,-79.22797676012087,-96.44142851431278,-167.8855506805153,-161.37986825341372,1.0
5511,1699.3881983948115,-3265.1691580148668,3001.963643288454,-11728.312142546038,-76.37756260231653,-61.642807837530185,-160.95823994176519,-167.17726292129254,1.0
5512,5059.326379092907,9348.255891842304,-4495.9730494163205,2078.7799485060227,-75.69726855614779,-63.33178676055188,-154.19229428029917,-174.86449012383986,1.0
5513,7408.409484590821,-5641.576195750829,-7032.428181607319,-1648.1940688395186,-66.50284163458839,-87.88695403241553,-169.62786291478005,-167.26547390388322,1.0
5514,5726.509843712652,-960.2615751857448,-2453.9145957687742,-4172.699966813894,-76.83148230121901,-97.66477682692911,-165.70819654934994,-175.2049976272794,1.0
5515,6880.187618544552,3546.7797895631506,-8825.560880952316,-3934.1659186396014,-77.33810889005917,-74.46851189506916,-152.22717394540396,-179.50201064255404,1.0
5516,132.79966907315944,8430.697390165291,-5846.07811833898,5838.036584514586,-78.42528477774879,-82.79269541545099,-171.69845438010452,-161.119740175427,1.0
5517,3466.6483553557923,6732.906877343056,-14927.809060823134,-2705.2969946616945,-89.648811197019,-92.68114229557003,-176.06762407452322,-168.93302051991083,1.0
5518,11084.357671099897,-1905.9855589607716,291.9995170571563,-1009.6586597340366,-78.27104450719385,-86.77116245277603,-173.96515599471564,-164.25013887016127,1.0
5519,3989.70954639566,7094.588535373793,-8763.34144879677,-2210.5805200564823,-82.94498828992579,-65.82891521310208,-163.3397981773755,-156.71588071125944,1.0
5520,-1136.695329275994,9525.73502671358,-5184.419694841249,7094.927234993421,-86.01490287864821,-77.54737670846994,-153.56012862066171,-173.82135770047736,1.0
5521,13975.33830352103,6228.478964803736,4329.085591383549,-4180.763443300116,-86.71934514439364,-93.63534861921977,-171.36271006159495,-171.1027149948175,1.0
5522,3797.8561187763626,2558.1990297808597,-664.1133733496906,5228.953057882479,-72.73021185668047,-90.4415167224007,-175.15805695666947,-163.98844564903322,1.0
5523,-8669.619458941133,15107.079046615085,-11676.631201178996,10602.078065517235,-78.97254425080392,-64.1075107153052,-157.7979863769126,-175.36127713080907,1.0
5524,3612.186790576391,8938.915235724593,-6418.542734132677,1321.7544982687443,-86.87141692473371,-99.890324201135,-175.43039828576116,-168.53537591615662,1.0
5525,1370.5470676105192,10224.03217812822,-5223.849885745675,819.27921714933,-77.10147800249419,-97.22513004805414,-175.8528245080185,-168.11333773358265,1.0
5526,3266.8406217856864,3167.800619975743,63.73045645715925,6500.071167737198,-75.23802228046378,-112.6747317291356,-193.53984696359737,-141.1595325072286,1.0
5527,199.66864776300542,-4498.763776971893,3180.9921221001373,-12489.98274153325,-61.063823395633406,-63.52670953696932,-173.07011630172946,-162.3259179093135,1.0
5528,8250.528887169448,9362.887111981398,-5495.698311997515,10326.338103532977,-77.61349691432633,-101.35040421229489,-173.22007472739566,-151.14295360845233,1.0
5529,497.8726509620737,-4219.742248349537,-4600.560347526641,8945.591397678529,-77.55166553610387,-90.87828413779215,-169.92279136778265,-174.9894220531913,1.0
5530,86.13549020823008,7788.716919131133,-11776.993257075628,2035.1353179550947,-69.11848080771668,-86.5525681386828,-176.32378669873995,-158.64058780654221,1.0
5531,4352.464494176228,488.11042973863204,-705.5125772449812,-4364.6631290381265,-82.51432993318772,-87.5224443218251,-177.67349924485387,-162.96829225493022,1.0
5532,-3040.7855328220676,8157.108190490957,-16639.518606161248,2061.1441814368795,-79.01558695224035,-79.32623230620429,-171.01833696454423,-158.009436894969,1.0
5533,8464.896513148102,3012.791546598191,-1004.7076908733676,-1174.8319900275549,-72.56020431711623,-70.19403711642825,-167.37894090314524,-162.92667472908755,1.0
5534,6466.909809413653,-2130.0025674406106,-1728.8276827995112,-4318.375603170826,-75.71289792775102,-70.53455309143169,-165.81550138592755,-167.86088423564797,1.0
5535,-1574.1487091279507,10377.333846899961,-4730.50383370726,11594.656278897932,-82.18091502927015,-98.19361376911111,-177.8459568856743,-172.50244739752804,1.0
5536,5826.766289571366,2197.7879507130924,-6442.53303370605,333.8616393536671,-76.50628014952012,-89.27870797270428,-178.73287588744356,-166.0003493639874,1.0
5537,4389.333970278479,-5279.335371105867,1620.468663007578,9209.05226637931,-77.51996396820779,-74.87742485973101,-163.10068980541809,-177.63569205158478,1.0
5538,4685.435050396744,1904.1760794028905,-2572.2147015458536,-4403.676704516998,-77.95384527688506,-95.43476969812318,-181.6385795613887,-156.67194916973585,1.0
5539,9557.190669321364,11813.476945811759,8054.510360174007,1699.6816004437628,-86.23154218264537,-107.25672557176209,-172.63281282827643,-158.47666463183123,1.0
5540,6059.787779353262,1332.7370831737592,-4667.202147679525,-3302.4755586356287,-62.31045604938497,-89.89450430537683,-159.29485948469625,-179.93029277529706,1.0
5541,6672.471357401806,-3786.876792528331,2548.083019144387,-4838.273949403112,-82.28014501209921,-105.7059275860576,-179.69366163255756,-151.7850358807439,1.0
5542,6348.9168409375625,6148.901818391722,-9311.13436554901,-1514.7694514634597,-70.52989712212485,-89.38339779651268,-173.18615895132973,-176.12674349489177,1.0
5543,13467.87247913145,-1093.1168995513124,8902.35172846375,-198.0023579409247,-80.11594690027458,-91.40431883700151,-171.57927954680386,-161.47613107294882,1.0
5544,7375.808188263812,-4604.988819849865,-1438.7132399037835,2919.403564022388,-89.10658342454607,-71.70880417221086,-170.81341661149605,-170.50498021365343,1.0
5545,10723.203719459547,-7660.558711658183,-3962.1401279753773,-4093.2887083855844,-95.53001412812706,-72.97049343273493,-158.77559491269542,-169.781977457484,1.0
5546,-3586.5714648222825,3535.1898594103427,-11783.818254685055,7170.617698979634,-87.96394539378029,-105.16603824413608,-182.41037169369773,-168.99112545294454,1.0
5547,5600.338352000105,809.0638155349135,-3871.5749427050337,2714.114142813522,-78.27372416896239,-109.68999932982318,-182.0940463167281,-151.9327032140125,1.0
5548,858.008189846926,11321.356918520078,-5245.802383081058,1293.8210663187886,-70.5223666073478,-100.28061515330343,-173.02284354510246,-166.255056174177,1.0
5549,-8929.626568133586,14048.575396314644,12335.167583030665,1036.97734074318,-70.97530179914223,-68.8451988875795,-160.59795102249655,-174.20624638298275,1.0
5550,-7482.182913515544,13185.255227797898,-7500.054863084074,10994.385054102037,-83.54074648495767,-70.05390684548783,-160.2523454307894,-174.78498941187118,1.0
5551,3461.5167251949324,-522.8480042215158,169.36158501349308,-5966.7930449033,-72.58390057379023,-87.7701639223787,-181.67664060695967,-162.27046649539082,1.0
5552,6086.008827844129,8822.499308636432,-11964.371000457664,3182.7934806993217,-88.23517737311593,-78.32152261327178,-160.02953479960183,-178.40562436689035,1.0
5553,-1142.0896262932315,1912.3250996120953,-13562.869922250544,4937.43929900591,-71.4122004262436,-91.84957415883221,-164.5499197386569,-161.4889323021858,1.0
5554,-2206.646954037272,7578.8461936276235,-6287.379165714422,6070.9767800771015,-79.38448833524293,-104.19093525971013,-185.9814259271919,-157.1850444628377,1.0
5555,2419.055424219586,2542.694799040123,-5575.093971801195,5298.739144708501,-72.2313610643695,-88.65538715905411,-167.52858965287956,-157.5404189673986,1.0
5556,1462.6409735242864,1612.4905405776265,2747.518734880177,10071.249689494658,-78.34547111200047,-81.60669907725038,-168.59871488953468,-167.76271168961432,1.0
5557,-3737.1408822596454,3014.800578867996,-12493.630136643009,6650.900083803937,-76.37412788281159,-94.68619949553754,-175.2597613530187,-155.77770792975016,1.0
5558,-3179.9098480603143,6494.6556435094235,6069.996112257855,2325.518495355188,-82.78351078860047,-83.9933121478003,-164.85633894138525,-166.08912659551478,1.0
5559,3262.4129187105846,-3987.0260468247225,-647.1784632575352,-10848.690443651121,-84.34916700473833,-62.59381393400263,-150.83690123751688,-175.2086922653212,1.0
5560,-1650.8936419969102,-29.5443110018776,805.8226512941968,-9375.952045422857,-79.4221015953642,-81.77238386261571,-172.35290349433205,-174.19506678019312,1.0
5561,1615.6208561834444,9697.109463394985,-6727.657173491238,2400.610180458959,-82.02648533694894,-67.02922201678196,-160.5795762186747,-177.8782884465806,1.0
5562,1531.0713072147073,1564.7138097508741,-6334.420363564794,5004.413286924712,-95.182824105717,-79.27855986627827,-169.2328022981933,-174.55438505329022,1.0
5563,-1197.004489973144,2950.137886345149,-1831.6405009812954,10541.470416799997,-79.96335011814145,-77.75204328781027,-164.5388121223699,-179.49300418629477,1.0
5564,7009.2494985700305,-1126.216855996135,-2906.0265671220495,-5333.234997350408,-68.54246903903177,-97.2955189861376,-180.95909820267323,-153.21176708817336,1.0
5565,7412.61319557804,4640.831974422844,-3412.4003325020694,4057.9447311278705,-82.85894909543106,-92.27778822552754,-164.80540746307855,-165.21713575850464,1.0
5566,3815.4801218967564,2808.174602413341,-461.10321608629243,3706.014135981331,-94.72856122791408,-109.93110133492846,-189.0164790615729,-167.65604696195376,1.0
5567,8506.782731342588,2569.7242284357308,-4506.9955788511115,632.1037593670425,-82.76353104160549,-101.42755676408348,-178.79133832410005,-158.66109704922138,1.0
5568,5020.530248107202,658.3768052142367,321.3056581678932,-402.2687011369075,-54.965963148322274,-118.58982806492827,-188.09841000027959,-150.2777860453716,1.0
5569,1624.1243932956065,-1586.415783863805,1862.42283297496,-9190.914979145955,-75.21159403635404,-99.45590282641237,-191.09162145922292,-146.57095352840585,1.0
5570,-7138.43091661254,-2584.874289987773,-12505.778278554684,13797.058038234392,-61.318460051432,-95.59937475518056,-179.1721797462998,-157.90569656319255,1.0
5571,2875.0809405594478,2408.154740766184,-4960.577390850103,-10638.620082497415,-86.0661210265314,-83.13060870900253,-172.9863316398546,-181.67079545604884,1.0
5572,-185.8008485695275,611.3702668635303,1187.1030212770042,5987.802839349506,-80.99686368632428,-67.80484281303205,-152.75992653822905,-178.31364746993395,1.0
5573,611.574110548795,-2287.188572229239,2984.4476126347395,5477.873126409245,-68.6433098017674,-94.27913296415683,-174.90605185104326,-163.49977571530596,1.0
5574,4792.140135138918,-3341.8997554088332,-3522.9125623062127,-11970.262516265615,-74.39622505774734,-117.8222597324714,-193.4177510280295,-143.85557073995213,1.0
5575,13401.968627322232,-699.9916261592642,7462.871117639968,1042.9916174977043,-76.14613617230732,-73.25467382737949,-150.97025592239606,-180.51706278902995,1.0
5576,6253.763400839831,3753.286158421991,-4205.0092819340225,-40.60909662132018,-88.42451304693479,-57.57631699903922,-150.5684855393526,-188.1702521119348,1.0
5577,3347.8942760087284,-4962.531229898384,2604.184128420363,-8160.187277303765,-90.97962432722161,-82.44314508825212,-163.66342118972625,-171.5513396043932,1.0
5578,7273.739104286713,6183.537040919545,-6849.49779176777,1850.8131785048554,-80.22230464787695,-116.7826550575423,-177.89875368890884,-166.30299628910154,1.0
5579,6359.573093846286,2437.3029737630673,-4559.3465658094865,-2055.7183535808063,-65.24407708601827,-84.73960641342296,-166.32232767091804,-157.3324796975627,1.0
5580,6467.747070658448,-135.7130589145652,-558.4167137655318,-2450.896572803538,-74.83868297183773,-101.02487623220719,-176.47197496220707,-168.60191493434445,1.0
5581,5120.603488217218,6978.698813473435,-7911.949390368984,-3808.63305619374,-81.96964195770747,-106.35818365359762,-173.31099447981387,-164.1867543270952,1.0
5582,9320.407055271273,-4053.788444766134,-2779.295191661602,-2025.8770050626017,-57.16857556735484,-108.03412401724239,-189.48145373060302,-148.01055702786164,1.0
5583,6390.176344199002,7062.17573384682,-6370.851806467786,68.78160219385698,-85.38428394187704,-90.90699061875952,-173.22569977282893,-157.6685247112773,1.0
5584,323.3223670001042,1711.0523321083601,-2912.225104210009,9335.486247853303,-93.42076275449517,-97.97435238482771,-178.50960374263514,-155.07786372278264,1.0
5585,1085.9813699280178,10710.07842091883,-6204.890602552873,20.61143188010739,-81.57533691607462,-98.12559714774346,-174.49813485163114,-158.60071679089017,1.0
5586,7464.82714698798,-1418.1736707366058,-698.7834976405396,-3349.5064164075925,-77.43172521637358,-114.92786991906719,-190.8358201981807,-146.9902230724114,1.0
5587,7107.510707540075,5064.706921852005,-7526.312075317796,3735.9087424229956,-79.25099304500436,-94.13555027673817,-174.58080913064106,-163.4472575988668,1.0
5588,-364.00618984507946,11569.806490786914,-9256.858676155922,4423.322271993855,-80.84478792604675,-81.06249657939142,-172.03192888628018,-151.56371989430627,1.0
5589,4081.960664631314,1634.511436477272,-12099.89906496107,938.5622167419405,-85.63305022974198,-73.43863975309357,-173.04317260542547,-144.3977498843514,1.0
5590,-5705.846619553199,2175.677117858222,-5786.593528520738,15207.900078999666,-76.8099679047825,-83.8163083269001,-161.04288660619915,-160.5589324486458,1.0
5591,-11058.136027474027,12857.096099381177,6151.895112391571,3987.957340884173,-93.05626482087044,-75.76696631194854,-166.84728186903072,-168.3835092876687,1.0
5592,9020.755031077406,4612.5627092613795,-11334.318003819322,-2912.8990490780407,-90.20214098771085,-56.597758111393546,-137.1422097940639,-198.7077105841077,1.0
5593,5661.511643096996,-3716.7885270055476,-1807.583927197894,-6480.676154505149,-79.73004225430533,-97.95906319853104,-172.47181661459788,-159.4028164509264,1.0
5594,-12357.34600760374,12907.917187281704,8690.126170837522,3762.6317584674794,-69.69155604661061,-108.5450887299403,-180.33164843023093,-154.65323082260707,1.0
5595,3403.1757185184542,1866.222232396603,-4745.549400888539,-7953.0436031581485,-72.07989212910843,-88.84097886867913,-180.3410190971997,-157.53698772948852,1.0
5596,-1653.668477352515,10199.261115193947,-6390.408392680289,-5195.875463159576,-73.44202728759653,-107.0842962434375,-175.46539769106428,-156.03854792223933,1.0
5597,9538.760915726618,3611.6448755157744,394.2519425259725,-1999.9614565626894,-82.10598479305403,-102.27562026305176,-172.59645241753753,-157.5085665397979,1.0
5598,9958.58085392486,-2720.345107862816,-1992.121640656756,-4302.9287447785155,-79.22697128993042,-85.68037255866166,-171.27707451141643,-171.2954980597046,1.0
5599,954.1133323469815,6673.986587858062,-1580.9973477371693,-1005.9119742683503,-84.82146201279706,-75.0733726551835,-164.482040301646,-153.41905140809922,1.0
5600,7376.083082668121,2754.2855627451668,-4009.1476765659822,1547.693492106338,-76.81954191190462,-98.19093454765647,-177.70448074688625,-162.35937511574335,1.0
5601,7902.672602935183,3263.933574727836,3252.110639785971,2065.7214638489554,-75.85430042675367,-108.18412658333347,-173.67423090576165,-151.94810500160244,1.0
5602,7276.152535639141,161.1823370228569,-3122.5805450877715,1443.1857361266616,-72.2125032280285,-98.8621031346041,-188.47782939163474,-154.58871171265588,1.0
5603,7049.433447476747,-2922.2745622223524,-925.8395898941823,3428.102964220346,-88.06405175049943,-97.12443168484444,-187.1112711851822,-171.02005791252284,1.0
5604,4040.5939627686457,1660.7593764575327,-1361.4140327964615,-624.4469679051327,-76.17178768033999,-79.36372549440887,-166.81869969169003,-162.0949283892521,1.0
5605,6562.613640095768,1649.3227062161927,723.1055385006351,3087.6754367255744,-82.61631430414654,-67.29910714048849,-161.02187992845836,-173.2251786454019,1.0
5606,9414.77959381386,4606.006122206632,-8557.717007898722,1703.1768226454092,-81.66927818970791,-91.1191339246659,-170.87540329426636,-179.44397708486497,1.0
5607,7349.813633712911,5245.378480137637,-434.05244797444055,3252.5447619163515,-74.18598264896163,-96.3541799678723,-182.61719055109717,-144.852354761739,1.0
5608,11407.583610782875,-3862.8914977871154,-5029.743944306208,-86.16893450009088,-83.29652273856088,-90.34817916283279,-179.59033325409973,-157.41990575601145,1.0
5609,4277.814491360791,3960.9066662762234,-2963.1984023171367,1401.559971090418,-75.37705678769687,-106.54580555486497,-183.99305309178507,-161.33431209802413,1.0
5610,-2797.650928414318,9985.72788961136,-5181.966431972048,-6426.086916155597,-88.17624325813922,-91.2604233257905,-179.49801488089682,-169.03918946165444,1.0
5611,5782.23520603447,7462.178482946847,-749.3177333613575,398.895640104151,-80.50143552835392,-106.37528301559759,-179.03573781488933,-157.69355241785422,1.0
5612,2260.5079855669005,4899.337616180066,-4363.968839502431,-9903.385502273639,-91.40722451561714,-106.74355751813584,-176.68177114760778,-155.06418073540613,1.0
5613,1007.9278071317552,2448.7976097266,-6788.9684113843205,5699.679225450094,-79.59813584480213,-77.44458207604222,-178.45052420625163,-168.09860362806293,1.0
5614,7524.679130665978,5173.813950204934,-4850.808226853644,-2509.3328092040897,-76.22587424694649,-76.46609121552336,-162.76665852523064,-165.94456644559887,1.0
5615,4200.383404787904,4090.398428197142,-5956.697085421406,-6289.655938071306,-77.79759180753338,-88.86258424235746,-171.1995556689422,-172.2560815975476,1.0
5616,-3634.223059277176,14533.549298516104,-6056.258639296532,-4257.262698129728,-65.7385424843289,-114.50182448273502,-190.29579485688168,-140.17460380797934,1.0
5617,6492.0662521763325,7227.831526685211,-7659.371413879041,655.7491814409731,-73.72813545284966,-91.5338597427292,-176.60770867481688,-159.50579954679932,1.0
5618,9470.00992042872,-458.07011828403654,-5147.2587624932585,3338.6025876819344,-83.64299701987206,-78.79766657163898,-170.34410622600123,-172.16545676881316,1.0
5619,9455.082494512673,341.65295265482155,-4910.108332191301,-2430.6896038085497,-86.38537198444463,-64.01870099356381,-153.4297004102113,-177.57126116094145,1.0
5620,6503.952820043619,4881.973966239043,-4940.912754938886,-3.9469596336401125,-78.23774077722537,-95.15607944542035,-164.7089881984402,-171.77866259408322,1.0
5621,14196.750119858647,976.6802727939256,1237.7395664243038,-5032.115775647137,-76.17308242274629,-92.81222266977068,-166.2376003789322,-163.0717968309548,1.0
5622,-709.9670357440142,-1813.4339078551868,-13767.264744972228,7128.214050068994,-77.2845465785911,-72.72322180613769,-166.85053312912237,-168.97094054094978,1.0
5623,3530.201115898062,1403.5661775049562,-3119.2499185820097,5317.3290562776665,-89.30613143736778,-59.44718690018799,-154.69613835088876,-173.242932325198,1.0
5624,-1066.1823269314286,4569.542790091623,1109.6106891635036,-8019.974811640999,-71.67375165365148,-98.55850146888808,-172.7817627227846,-153.36878716611355,1.0
5625,540.5256865105956,2592.7771576331943,-1131.0978825818122,-9373.810623682293,-74.72121890142121,-92.23714326595606,-174.0505551151038,-156.44101810217725,1.0
5626,9526.666993881372,169.37303287559934,-4361.134745304192,-4177.27317049368,-94.83517349812459,-67.34461580315974,-171.19836932062037,-163.32429041485082,1.0
5627,-1923.9536156340735,4136.390498446687,4478.484318411691,3872.7199140349676,-89.13331717011398,-92.29784237029772,-170.04221795857993,-167.9119648828472,1.0
5628,3880.6020739073347,-2483.3854448650495,72.11844907777288,6828.405868290179,-75.92430465793835,-112.31505418264263,-177.61666318989865,-157.58773267781328,1.0
5629,-1351.2895630429944,9749.200090458271,-5563.676905034946,-8773.721532028956,-72.48958206915928,-99.70615088303688,-178.7522235245858,-159.5919491521417,1.0
5630,-6789.476522357898,2454.4324551064296,-13482.127116266684,11884.5895746557,-76.74938961906258,-82.97832978017175,-170.9855252386475,-152.23520354237365,1.0
5631,3854.9216671192057,-9280.960526466586,2626.8983266319574,-13147.74922652321,-73.95901442203072,-108.83755974798522,-177.7517317918616,-166.94383357955218,1.0
5632,2659.112119197815,321.26845405115165,1758.526098080948,-3891.052169799011,-84.25613569004518,-74.66215912903002,-169.11031245874196,-165.9035762723478,1.0
5633,14158.469386129762,5224.4219090916995,7579.494341929316,-1626.5834751471675,-75.86114566272524,-79.5611060073995,-167.55115659842264,-178.4313029609862,1.0
5634,13631.910946465132,2639.6436349759297,11195.606851050241,1319.1134249398547,-80.29886631380424,-74.82892430629998,-158.26680969970164,-178.385164990635,1.0
5635,3302.656299833492,1588.7490197469924,-316.34017832675454,-4715.51492362989,-82.99872105717442,-85.9618432731748,-168.11441820335077,-156.57281849371833,1.0
5636,5575.147662133561,11371.100013299272,-770.1367470236806,2055.021943371941,-72.11053344960754,-86.79508773816998,-168.4456032298799,-160.73214661214178,1.0
5637,11808.74350965037,-5.053143483457312,-4037.6279534430414,5420.81874592721,-85.5780202702507,-55.6415700583917,-154.61424349589913,-185.485560080631,1.0
5638,-5301.019491510575,5299.37471733438,-988.7099502944415,-10986.206491589635,-77.63029322409866,-78.76375467777497,-158.97783063333904,-178.08210179886402,1.0
5639,3318.349696033965,3280.765995592815,-1435.7718105613517,-1859.9873740162807,-90.66456268921156,-92.06085085853069,-169.13014391361946,-165.720534618065,1.0
5640,3088.588398507747,14146.15601241621,-5372.871167961266,1939.5960271290623,-73.84315975697415,-76.25859434025458,-166.41271272970118,-154.93725311596813,1.0
5641,-521.014247932325,7260.024825200982,-7457.787625311929,-9173.626318907007,-80.74535973987135,-82.89165678647821,-169.61478289891346,-169.17260403624684,1.0
5642,1690.9918310534829,3071.092846515253,-9029.967388089115,3529.794961769988,-75.42935391195327,-82.43135019011996,-163.312409707871,-155.87685629674007,1.0
5643,-620.8284020380295,8443.477160550536,-18279.570086699325,-2037.8433197009538,-76.93023577673,-88.83560899215928,-179.22863739684792,-155.0949915009305,1.0
5644,5358.590348612603,-2192.4255097940663,-7396.337737936628,-2155.5931675319475,-87.36394770404127,-72.4832246437421,-154.48922470120826,-183.48648307408757,1.0
5645,5284.954052046435,10206.303765104152,-5091.041459844498,-1077.01950556222,-76.10295087263434,-114.4251964974924,-190.13054834292487,-144.58379936403196,1.0
5646,791.7486493631443,3216.1681652982174,-5053.19055687519,6025.947292319726,-82.77340125849639,-102.7810117544669,-174.2609334225753,-143.62267780447678,1.0
5647,-3346.5689236823787,1993.737711422121,-5796.461029888491,11449.990970866833,-66.9013393475152,-114.30740437468049,-183.03969427293026,-150.49616421085955,1.0
5648,-5586.780697194183,5408.997975483333,-11037.254110003298,10134.723023860746,-91.46499952727771,-92.56816164452397,-184.0268681038157,-150.73153901818557,1.0
5649,1257.0784146456128,12973.957130010476,-7413.288694275623,2201.561148417792,-80.03402878024916,-94.60175555462719,-183.03456427806643,-159.74940123319865,1.0
5650,-1771.0803832343777,-5619.940212996968,-6569.774475389088,-7273.3531582549185,-67.31989897351212,-92.96322600390931,-170.75543244176237,-160.86248303245836,1.0
5651,-2770.9506361224217,8122.523233482628,-3040.024261954195,-9647.800666022547,-71.65207179950878,-92.30761296781955,-162.55069533901514,-168.4833539892347,1.0
5652,1480.316989430723,7986.94267513252,-5601.547502382401,2911.5099348234685,-71.142280391161,-70.24639827479804,-155.40752262161473,-180.8462808803258,1.0
5653,4125.9266680593555,6831.202856237159,-1185.262796683205,4888.617877149271,-79.56938098749075,-73.66241545950658,-166.6831566890037,-179.2242636518424,1.0
5654,11.458853364327393,-7104.978735227282,5177.537410931284,-12297.33861613544,-72.08672721918111,-119.88810187798909,-187.17382733451637,-147.97270902620437,1.0
5655,-6069.42500372556,7078.77285119091,-12653.194090433386,11637.678319002447,-83.18007794509931,-81.40054649042993,-169.84295118792343,-169.8347460286253,1.0
5656,6357.750315187987,4510.865098973555,-8015.526485504061,-2506.545080392898,-78.5560090768368,-92.73164466301158,-190.25971696282818,-156.90958574959268,1.0
5657,4302.015505177959,13634.760482391239,-9451.220859333313,5410.025685192137,-78.5073476632285,-92.39538866285694,-170.11165464556024,-163.74193389452927,1.0
5658,1447.703461896924,970.0056604263749,-12953.681540724492,1164.8453540526905,-73.3188848111485,-101.71218480772977,-187.78065744675007,-152.3724001301702,1.0
5659,4703.102406154552,2701.1448613634902,-2480.9543701645466,3103.782246189755,-72.52448117265126,-74.17608040239189,-174.94860862284386,-165.8953254349383,1.0
5660,-950.6671789484265,-780.6653236570056,516.2150857023557,-11325.91669676485,-69.19225311316745,-82.49299984338512,-178.03041506377,-164.66928593075062,1.0
5661,7556.637555890692,-6208.419194220557,2376.5501819602773,-4666.299327152896,-75.08516155552424,-103.85187019861293,-176.93078438999265,-163.4933364521322,1.0
5662,10505.898107487585,-6318.466081758426,634.0783659305838,1170.4449602588936,-75.99322285447096,-95.99377046784542,-181.5458423089696,-144.95480880504238,1.0
5663,3466.3672274125256,-2348.6117530173306,-3461.925620535839,3754.3580882585557,-74.18287283878897,-83.32689947572034,-170.43455896557128,-150.1572370947277,1.0
5664,2202.0342900743167,-4503.3628228800835,2677.0663978215425,-9190.389198644818,-75.73572702394232,-80.2687741957564,-162.68086671666995,-166.7565583288159,1.0
5665,3589.752790016699,1895.5676551668353,-3425.974446394979,-6797.541421920822,-89.5849899209018,-98.81248148882557,-167.6529223853178,-142.75679200341773,1.0
5666,3815.5294954266346,11315.843256804686,-7949.681060664597,4163.348237047831,-85.36004991508304,-53.24823434237777,-146.34723185948977,-192.91156844235022,1.0
5667,-1712.2378674891886,1654.5661345869323,-7238.507348126383,8419.857141018734,-89.17642878297849,-90.30349482129664,-176.18190081310306,-159.4600045131267,1.0
5668,5730.371944591041,-5589.465317490436,5710.1976231293675,10412.785632773608,-92.95392200306352,-61.65753445430322,-150.03957521882327,-173.28318057318717,1.0
5669,3685.6791067892923,4320.051475864507,-2905.9314661561752,-2627.268125661727,-65.13932372838725,-90.11540949657207,-173.15647435015018,-161.01001657134458,1.0
5670,5738.436997606641,8259.958692835799,-6433.94439032374,4294.305723825866,-85.72566528693717,-98.59819599115546,-173.0973806730253,-174.88922704270337,1.0
5671,4186.33630714782,-1283.2265498511447,-8322.818863446106,-1755.690570070747,-60.15957823577936,-77.68389792752447,-180.66961097458784,-162.57335295987195,1.0
5672,4404.769792341179,-2984.399167664786,3485.8896186507973,-4654.874198008123,-68.73721870867496,-86.66628728069213,-175.43224120268016,-163.7713161376903,1.0
5673,-3188.0740199338047,-745.8159655155794,-9920.733049261866,11602.007032401567,-82.17773816958062,-89.16010808609603,-171.69078750848018,-161.76454127504553,1.0
5674,5532.001492962794,7007.777237947682,-6113.660980045116,2159.5134349155437,-69.0342902835966,-109.03213415343497,-181.0995290914134,-150.5805767954369,1.0
5675,-1244.7718619607717,-4589.1506976504725,2690.428977272181,-13483.570916704024,-73.22208775795875,-115.11685503379593,-169.5580509748836,-161.01242058381175,1.0
5676,1109.1851488692948,7644.570561580487,-8395.836329680731,1904.0342907049371,-83.17663421726516,-79.15761184861802,-157.15599296501765,-175.42157551897319,1.0
5677,-350.6462812474864,1844.1365911644345,-6227.971288888403,6890.87079235269,-81.42995885737854,-93.85815077872074,-160.80810069870597,-167.82568691576088,1.0
5678,464.1390720100058,7947.89459196393,37.50355274942363,8115.555601248923,-81.56064417726542,-69.47848199608973,-161.59950538197063,-184.5930663749243,1.0
5679,8176.8833625814195,4511.128963654129,1633.2000065906916,2086.545340357738,-77.29365291467789,-131.79828721521392,-181.50266852022924,-155.09460026868965,1.0
5680,394.94570145686316,-190.5770793385444,-1324.0536977468294,-8551.792173225895,-80.5180934329117,-89.55481605329973,-176.24757898818976,-163.55499835601677,1.0
5681,3009.586263725078,4835.597105903034,-6952.27750559527,-11085.356181229556,-85.65529480086148,-103.37618278221369,-179.7577016237621,-157.49565161252204,1.0
5682,731.9259046474751,7911.205937002894,-2139.8986937804684,7335.03160173846,-64.64180970775624,-112.72579917310267,-187.42388715210376,-152.31961666041087,1.0
5683,-1776.2722352433475,7176.594055602914,-4547.235428398892,-12260.682962352288,-72.15716287888091,-75.59416971030141,-168.64514622926896,-172.1553856623034,1.0
5684,8313.116738576142,7884.9129942706795,-3210.2443115288243,-4203.758765653431,-89.97406257274123,-76.7212013084539,-157.37820667098157,-173.12576797832463,1.0
5685,-1558.8033560318252,-2641.47996817069,-10000.93600120548,7588.259355958433,-93.00334050642442,-96.88577075669997,-179.7926053652957,-156.93736446697145,1.0
5686,9542.901960309073,5827.598079397442,-1759.6559086912985,-5334.964721389847,-82.3906842016936,-84.50794496582718,-169.57313253080935,-174.4856496561747,1.0
5687,4186.425014453441,-1402.429784042917,-4260.743763484813,2534.146922449129,-81.08657926877804,-124.13217580652778,-195.14707484805902,-146.7852731452248,1.0
5688,-1289.5637890888215,-6400.317748994668,-13070.151661282762,8640.778312722929,-88.9625974940814,-116.8017257105667,-183.23579456130932,-156.02953163539263,1.0
5689,7643.26305694259,4375.94767878901,-6127.349450528794,-4263.827294841612,-81.01592848767702,-104.70733234546597,-175.40678137289578,-156.66920992965905,1.0
5690,676.7701553806282,247.10718453942172,-735.823620046601,11186.168330038952,-75.51154140993486,-96.3014733732586,-173.0533124937441,-162.5986562553582,1.0
5691,10853.491459409659,5733.595737949296,-11089.416006785637,8878.267298427261,-78.45932402262433,-87.35295830474954,-179.61788531494574,-166.77145847759272,1.0
5692,-476.531689289033,8348.54085508103,-2919.722885847208,-3870.6004170849064,-71.31712105559926,-88.18997933676697,-172.6883161278906,-140.94759165576093,1.0
5693,1368.8836959122245,-456.3954981829705,-7762.849231387277,5222.545266472953,-81.34532257602504,-75.02005431423265,-165.45901605665625,-180.4611734627211,1.0
5694,2229.5017384438775,2441.9370148711223,3451.474946397134,409.86563695818165,-81.2470907957546,-99.23983093730305,-163.92048729904613,-181.12529888313134,1.0
5695,-3099.719426877129,3206.045079157661,116.80193387893611,-6906.460959613036,-74.2213710371422,-89.47029143924244,-186.40021879430628,-146.0145532366542,1.0
5696,1555.5354127989785,8773.877120417113,-334.68191912093783,7447.459143281515,-73.95349009923659,-105.4231115970057,-179.50036807151128,-141.31916847936952,1.0
5697,1846.0732607086982,6086.789045850069,10390.69943309049,8021.181931912491,-72.28163785067105,-98.10550101511633,-173.94589887794976,-161.1720216190978,1.0
5698,-7658.819053650934,-763.9070643867032,-6937.617293788496,14018.223944709214,-68.79186024288869,-88.9068178200448,-177.31378864317168,-174.18819005838154,1.0
5699,9634.30610179765,-1593.318073120112,-3268.7631410255995,-749.0699775615215,-76.31523649344012,-52.76498301308582,-151.48826052381003,-176.7788029327303,1.0
5700,13715.680151688566,333.4437098913137,7551.113584673827,-3084.8381674078973,-72.64616126006285,-98.10129384787042,-161.91564647193948,-169.1352942744963,1.0
5701,9206.565005845743,1845.5164199995734,-92.81495900389291,-798.1262269696381,-76.88447363360441,-89.42530258563932,-174.74156049227204,-156.6847659759929,1.0
5702,12929.98357072017,1314.0929103905369,5346.315425909294,-1644.6961953071796,-81.18364480991872,-102.31107769069958,-184.56472238101748,-159.04107433603107,1.0
5703,9471.995284358165,4718.5258447438555,-6894.7919908177355,4740.122037853016,-81.1838867418308,-88.17711626808958,-173.56938235511967,-170.45776929351834,1.0
5704,-2026.858672727698,9454.769619357887,-1389.7856800201605,10612.406570047066,-81.12182678752605,-65.98939213336443,-162.79747213254564,-178.1226510468902,1.0
5705,2360.1327358424023,2814.191883500258,1387.3315608838382,207.6377641218876,-76.6847002869057,-101.80476732002323,-177.53153451336178,-163.62301547633436,1.0
5706,-2145.713025501746,-1639.0920075451122,-13382.786908009493,4348.668156432744,-78.4213890526897,-71.63133002516123,-167.58475189569506,-176.76951678369542,1.0
5707,7043.099742827624,-328.25106911651017,916.0130971583613,3733.368855275237,-80.20469248061778,-99.3269944308223,-174.0021573571256,-169.57941137316945,1.0
5708,14209.98104218502,6818.448190696824,10916.687140274307,-1892.9680570614048,-60.967977724647426,-120.23186816498463,-187.20770883199657,-151.79442930341935,1.0
5709,-3452.9191695598247,8124.039293853066,-9979.10338105497,8950.688682409787,-76.14560081045587,-81.3789827874627,-169.33787299332747,-165.05181321601498,1.0
5710,7390.93661701331,1342.2958346098474,5324.042290621888,3781.8161495481622,-81.23931386401382,-75.95225654852308,-171.27361319030248,-160.4135345497084,1.0
5711,5166.902313886498,7022.96938508473,-4239.190057874792,723.9717280642335,-85.54132304231578,-83.42259731827649,-164.21838573764782,-172.52061624989042,1.0
5712,5557.377869712242,973.8362096050053,-1449.0227044188182,-1540.246982021519,-76.7135231223275,-49.712365822080464,-146.37947099951626,-191.887951028481,1.0
5713,-5629.573715342911,4945.167702536466,6639.295337342873,3839.8909061798613,-71.43650847227195,-116.74195822320505,-181.83064478151874,-145.30536505552783,1.0
5714,6342.061729413766,4566.085381224622,-5554.624624195971,-1258.5973488216653,-74.11983799278164,-101.81818931460205,-173.1278350527393,-167.71711761961674,1.0
5715,8873.99108993103,-5350.968515987235,-6217.780245506223,-838.9715590920565,-82.63429702985319,-60.393252536394456,-158.21087037752199,-173.85794116458365,1.0
5716,3529.7671089242517,8690.692613649273,-11572.001908780403,-5172.086838870646,-74.26836426630683,-81.85231588487535,-162.35514813577336,-169.8045625537857,1.0
5717,1505.4616605959338,3623.1656942017935,1624.0238094497417,9800.149905501085,-86.5453238989741,-64.2935222435128,-166.5625893923425,-176.56946098162896,1.0
5718,2729.5275003880583,3056.9404382272014,-9313.781997948536,2450.2240344527754,-84.23152428256172,-57.86978900830711,-156.29518422811765,-186.27564611069073,1.0
5719,4771.437448223942,5794.124540480954,-7957.299014903482,-3114.592066229756,-82.70972546249214,-91.67756066765077,-178.5211672091851,-158.77454756740423,1.0
5720,-4656.680015625306,4733.434595438669,762.8688867191715,8560.712603120111,-79.89489646845263,-86.75613728057633,-169.11383901360256,-173.17752664148543,1.0
5721,-3329.8047134130725,1015.5934669473563,2902.6328322868467,-8738.569859915058,-74.63395288510793,-77.21862415092815,-169.25043176607804,-160.70450081628215,1.0
5722,-7588.246624225501,4910.66707056702,-20586.55090940061,7101.558008036706,-78.73530851017294,-93.18392927497221,-171.05218752896332,-155.64181454849316,1.0
5723,3861.2557481851422,4671.467960007275,-2268.4570874145943,-3010.0277708794924,-72.40445908366729,-77.38072523913885,-164.5134931404592,-157.64121495769166,1.0
5724,1882.369649062358,5187.602332445685,-814.8843994194328,8615.292101308372,-80.05461853420005,-70.05292585683286,-151.978539106859,-187.2996377453005,1.0
5725,7252.7990726945245,3590.7220485667794,-4871.341442578497,-1257.6585135252442,-71.1598435300395,-80.66660331645558,-165.3491066121086,-174.40830028510504,1.0
5726,5828.199740493894,4240.597945380265,-5174.816111790449,59.97675667729885,-74.27124237991447,-92.3169652317795,-168.83431693172028,-164.47154786374088,1.0
5727,6674.116043160999,4730.225432991346,-5551.170068628244,16.676711811042466,-82.63270842515252,-72.29999882739487,-162.80231309496645,-175.32837461717415,1.0
5728,1346.7559884244467,2441.6173083608724,1603.4023855761047,8837.279085268927,-84.02220308755427,-80.44935612389328,-165.46902322988157,-158.12841907972503,1.0
5729,-1728.706656457026,4548.20024666406,17.203469345033806,-9191.934683455453,-88.8969070973474,-103.75974956879254,-181.80110647630875,-163.71793253894066,1.0
5730,3555.6389592373216,3360.070567385705,-1807.6098719291158,-105.80791868736306,-81.85483574837717,-107.39950497646676,-188.41161047190982,-168.53396184816725,1.0
5731,-362.325967789729,6684.4391127436,294.41295343399344,9951.734889398092,-89.30094265161522,-92.10744861784147,-173.6473897065452,-164.75248695476535,1.0
5732,4395.249416681858,3342.681855623319,-1222.8907228727319,-2025.9662176110176,-84.37852229693716,-65.7793706984555,-160.41471527658408,-175.09165342327995,1.0
5733,9165.244417622976,1609.9936218133876,-3967.738688063228,3033.3737971315923,-83.936222279141,-80.78327332670818,-170.91745392662133,-168.49171711209985,1.0
5734,2571.284402349673,1061.999627022566,-2626.3512363061927,-4131.641562439281,-82.73755646990101,-115.74084012231836,-190.6984112276448,-151.76784825025567,1.0
5735,3060.3209532162914,7765.031710384232,-3889.4840372546496,3014.4229584675745,-79.93034558484865,-105.40075067687464,-168.79269547060787,-169.88327241851778,1.0
5736,11684.754480868394,5270.660766808373,930.31050610688,-4449.755404483657,-76.99071377277042,-92.7046162964593,-171.50326842755982,-177.40060626261942,1.0
5737,-882.9048400228623,2302.743419368753,2253.976056792431,3905.520961419026,-72.15033264161364,-76.4300212061694,-163.64786014778102,-174.30485997777313,1.0
5738,8700.606233253535,-8856.258619215754,4202.371012354174,-1880.8237946234965,-72.50387503953961,-112.34873500932457,-184.3147115787474,-149.07797971093524,1.0
5739,9267.077961787449,-521.0004720102747,9344.749796678238,7192.935393822033,-80.62527842864925,-72.17669822054987,-162.77743268095034,-176.63771991434754,1.0
5740,-3858.7535207088695,1492.9137265039167,3252.516032088886,-10709.518596327847,-98.57693616872761,-77.69407196275327,-165.95387702932246,-163.21509625674642,1.0
5741,2215.9168296077664,8721.900224284598,-7259.228426374753,-3258.9921962669796,-80.6855304582773,-65.14123879740654,-158.245223158141,-178.23643157887895,1.0
5742,3636.2997282109664,5401.871515375681,-4621.951798858781,2115.467517402849,-75.48954346140799,-79.67277157895101,-175.06278123992396,-167.0884715517378,1.0
5743,1481.1747609397812,3596.521607542109,121.58546265313453,9770.288193651917,-82.35569515265753,-110.16657190187075,-185.34505301219062,-153.4550664939973,1.0
5744,2928.979100116901,7545.999985707387,-5595.929470054089,1092.3582590513781,-90.96666050387384,-101.52515161895796,-166.63472979238685,-164.8738631000591,1.0
5745,11967.661836176907,7329.984068592624,3747.6836400437323,-4155.443138253087,-88.47874278641709,-65.86809922776852,-157.05846615766188,-191.5651534572374,1.0
5746,-1280.4441802783288,7346.064811602813,532.3332500732491,-828.2641786149418,-73.93021041252567,-85.20274482890825,-167.6752683606279,-172.5543398150191,1.0
5747,5945.894998187768,8213.096667182414,-7591.145855732912,1207.8418443905048,-82.86806414743221,-72.79368459161282,-147.92056880997575,-176.37413783838454,1.0
5748,3425.9691722862894,9491.297800730485,-9411.19241925921,-5802.237922980535,-95.77690446736365,-88.72727833840243,-172.37073944154523,-169.61285715993708,1.0
5749,-4549.859347741318,6671.928128452332,-19660.167882466925,6397.217524181388,-77.82121750882429,-108.92830951003953,-179.45292755504812,-161.57221582946786,1.0
5750,7276.667916467702,2098.8144543448657,-8403.508046123363,-1370.295798288613,-78.09771067290889,-111.0611769917113,-192.86267215932492,-155.17512289618853,1.0
5751,-39.67096720579954,-2094.4090778457266,-5132.513911207525,8824.182336296011,-74.8933669308517,-106.27282586102854,-192.66297925388676,-152.75146144062015,1.0
5752,10836.283806769066,-3719.049871905493,8298.131118974828,4887.2769974144085,-80.28912477370173,-81.2064081924419,-170.52167487449316,-174.60552058775912,1.0
5753,7257.325496676167,-23.50044631171766,1686.6549281958628,1483.9544592606248,-68.72967930618572,-93.45270214369471,-175.73649601016353,-154.94346473600942,1.0
5754,14177.660085104986,4370.14496077268,5192.379781466064,-4888.680322126136,-71.25512773169554,-100.61960088560416,-186.02688267636879,-154.27955898720444,1.0
5755,-5417.379618467857,9639.991135724887,-19470.734980750018,4871.175290711658,-70.23382091588863,-93.43686873020195,-167.85265389968927,-173.64088038121628,1.0
5756,5433.610351099242,533.9163594125309,-3679.7498364725298,-1155.9929411330377,-72.75899553258542,-73.90408673298246,-164.51158696801104,-167.3746366119087,1.0
5757,-6945.383476894241,-429.687432685919,-13809.00907864463,11335.493052221691,-64.7114796358465,-111.8558519280053,-182.63203418426994,-148.95726007614982,1.0
5758,4173.105945486484,7836.883791954316,-8282.856165585737,-1000.2978747204332,-89.06186406478608,-79.54933863089711,-170.57992237042444,-169.9476180184919,1.0
5759,1953.2923457923866,2127.7905081650347,-6415.201638323239,1497.206558551131,-66.7528015425302,-83.76884640200672,-174.06478210792514,-163.86957584855486,1.0
5760,-5080.065356569582,780.9065229969802,2661.165446372707,-16143.397971228807,-69.70791839550083,-70.92749292426934,-154.8463159716743,-177.0569914788056,1.0
5761,3406.959439071235,6228.2038897879775,3919.5966297633863,9036.702572051461,-79.00485478492365,-82.46542318907484,-171.75233049397804,-163.52794941678766,1.0
5762,10412.841525529304,4041.0384764910095,5053.452362721997,-1145.6724577824757,-74.07625213552727,-112.35538280857284,-187.98428694202974,-146.68025503450923,1.0
5763,12823.137879372958,-4621.724383213406,-764.0031799179848,10529.318333060311,-74.16482488614683,-105.82040976791232,-187.85285897484283,-148.09766075528307,1.0
5764,8078.680903630369,-8346.742689062932,6041.1794298986,-701.1077887220538,-72.01325018658666,-97.75984701673146,-182.2320394398541,-175.45346517007616,1.0
5765,2822.543319015546,1116.3152809844873,-3412.274287389502,5825.227579633949,-68.88794299749622,-78.77086575621563,-169.69722153001362,-165.30746384832506,1.0
5766,409.64432157711263,11566.527699702307,-4508.307292970055,2408.753890528689,-76.73108546803813,-100.30061997164887,-173.41068218933117,-157.5223355527943,1.0
5767,-2552.2991385711643,5623.526032110901,-2239.4437432372456,11749.269432977544,-87.1318209122785,-103.8150559340811,-178.5414594490074,-163.82513799166634,1.0
5768,3909.2073340110683,1660.662060260294,-6170.1363009531,1769.9914708941585,-87.07121923922249,-79.63843539461051,-160.16240092951224,-171.53960220533352,1.0
5769,-1221.6381355123976,5844.773148121409,-8783.559757229352,6445.889820569368,-92.7509055295178,-115.23961930853234,-197.72813643564285,-148.17774633465785,1.0
5770,6713.467846784434,5829.214620793948,-2991.4973521888237,-688.620196944862,-85.64319958214456,-88.84522845761217,-166.3818102834952,-174.93800937981342,1.0
5771,6368.997351248623,2672.3580877255154,-2380.235810870892,-60.83522595795499,-77.32878601780605,-79.72179565884373,-169.43934890436853,-178.60214023528042,1.0
5772,3213.5494726397765,6798.150065840039,-6460.904848467945,-1619.9797547620615,-79.73045304063491,-99.82198784270534,-173.35184235182365,-172.73941885805354,1.0
5773,3738.0306578429377,-699.2046615530545,-4743.770362486495,3252.805322719228,-72.045970731893,-92.3064797761002,-177.39859867585508,-161.24083965892152,1.0
5774,3811.735943579991,8806.619647176169,-3818.07328067793,5132.010579589161,-86.44416844135148,-89.0801218485375,-163.12518330646398,-169.28881634167635,1.0
5775,179.15229207693704,4136.245456951255,-1422.3099147325001,-3297.9272479791,-77.82335886952623,-60.697011734820954,-150.62148685337712,-178.32641305649736,1.0
5776,8732.055746563517,2179.8152763158873,-9391.805140623348,-1581.8957208624504,-63.17754500833027,-95.12802661549803,-170.38984976984764,-155.66782391271866,1.0
5777,5969.856267401276,1127.8242317832219,-2315.3496195469384,2225.477059632446,-82.71869406672947,-56.56608791462804,-157.49285294149348,-170.85600528610084,1.0
5778,4931.525921211646,-2661.3284643638544,1324.9085288580723,-3988.8899641782345,-79.60101876710223,-90.59550065036223,-164.49394797594184,-169.39331874944264,1.0
5779,7971.155974718022,5462.580441172083,-8455.105812025768,-5989.131627978619,-75.30276465043424,-99.59922144740071,-173.49483280902675,-168.09211108163268,1.0
5780,4428.298937152703,1391.4410385491967,-2898.898352816398,-4607.654376447002,-72.17076560696692,-79.70632754014905,-162.1963044074584,-167.81156189443652,1.0
5781,5017.921767655216,4903.100122323357,-5459.370595774464,-1475.3077542747048,-87.27257390307969,-58.060829274696474,-153.2374855319247,-177.99378026137714,1.0
5782,9994.202696772398,4190.567929554901,-6816.895547591086,4893.088525109517,-71.31918216987106,-83.61433050354483,-182.02735916342556,-159.8234816681311,1.0
5783,5155.988212501393,2100.198622594676,-2070.5199371738595,-784.3217181857507,-75.76749788065723,-102.24660330281762,-179.0708784764339,-160.46151955408627,1.0
5784,7044.8447528243,3754.1396629399655,-4182.843540156397,-300.0965718367534,-72.29273125856625,-85.11479175289627,-166.85167896985934,-163.3285531101299,1.0
5785,-837.7533949518293,8447.188650548234,8267.198792724132,6460.442324302065,-77.94365664326466,-52.052454058617144,-162.59172962442094,-175.45411945035684,1.0
5786,5730.858286043674,10759.787268945714,-8899.678865374772,368.0255820191967,-82.24974436848679,-88.27176090629081,-173.609816542999,-172.78521936068913,1.0
5787,-940.4046176212,-6400.287094297134,-548.9886119130554,13157.155937263113,-81.45327363076677,-87.42779101488988,-176.60956248654696,-153.57368782007478,1.0
5788,7507.60220607502,-1610.257758485965,-29.94165282779182,1098.5871274515096,-75.10898743215809,-95.5934491369751,-172.57265410176396,-169.42367174619557,1.0
5789,1592.0051869196027,10776.153599216632,-3888.7294890365583,2217.2146788238424,-78.8612468678042,-78.20358390109264,-151.0534095001889,-170.9483501370359,1.0
5790,1732.3654861168297,564.1894148085767,1824.390880423898,9251.359216171926,-85.55365710149476,-70.3658985817988,-151.28518743192296,-183.31619839065903,1.0
5791,7365.470301232018,2828.3014361208507,-3472.512276304558,4358.965888492822,-83.28059303896495,-62.88191261983023,-141.85316047869196,-183.33375722129446,1.0
5792,4422.2516185336335,-3873.7182639462612,3385.552649447573,-4627.259489523219,-78.4810010186733,-89.90876819101499,-161.14475877463462,-183.01129153363735,1.0
5793,7504.504423807624,14236.036218837027,-17077.027464231014,6010.073746531684,-89.74362625668604,-95.22691569800384,-172.84322135126925,-159.14695523898175,1.0
5794,3245.171731536832,9283.270624542258,-5861.0150981107445,2746.2144660312197,-86.52231703845385,-82.98135777801136,-172.15980999929954,-166.41267248943805,1.0
5795,8129.805591774144,8030.627948688703,-1486.2447920601883,52.070964085364494,-80.70624553453675,-73.23110287778577,-164.83722133805708,-181.32977115171784,1.0
5796,3984.9885997636143,12843.475464286706,-10652.342080142964,3664.230571005065,-83.31303384443694,-61.46193463782006,-165.87442532436307,-175.67904355469906,1.0
5797,12001.0148084595,3667.912507311253,705.4323637777951,-3257.9088655647533,-83.94451344491316,-104.1404646891963,-182.02395810465046,-175.16985965085453,1.0
5798,6112.542656023855,-734.36997153116,-1137.8242351409199,-3856.422380827188,-84.26768222903986,-79.10512716566653,-168.58754511740142,-161.48248565744655,1.0
5799,2929.3131646911015,10830.923505299581,-5542.920545331025,3222.001466327119,-90.4226853033588,-103.66039178146036,-173.80781350859922,-152.00290560470484,1.0
5800,3753.631650446518,7025.99679719438,-7398.067945614219,-3837.5331021876127,-81.358739764541,-83.35871163925617,-169.40897390922285,-171.954573555012,1.0
5801,-6499.243296946142,20027.518326969715,-18340.148538523677,5067.454791568,-77.35343317757683,-83.406932365542,-166.1580315533685,-165.35766994131558,1.0
5802,292.6648070896105,11623.655165004271,-4110.893019143224,81.65463414264984,-77.32563260708042,-84.86518070139735,-168.6011413219148,-162.78417140634934,1.0
5803,8757.178559545644,1590.3667634931292,-3407.947488591965,2360.3471661042763,-70.04921999236488,-76.77217054114261,-163.78610848238094,-169.35179344731992,1.0
5804,6512.190918113666,6957.266209760435,1854.331023663922,1125.7189490593573,-82.30940126197203,-89.52453212015133,-178.41683264968495,-165.328024547264,1.0
5805,-2991.452779404698,2825.2286066872916,5337.189967430943,-4951.955740996487,-79.27349010696567,-98.63810788530013,-176.81093348519914,-143.97895515301653,1.0
5806,7232.337704657725,7055.004858756361,-5910.1579261384295,812.1833554803133,-74.82636780007398,-97.21099624565734,-178.51122161987618,-163.97882738307908,1.0
5807,5583.294768110849,7661.182271648535,-8637.114288785342,385.81955066993555,-61.14674381968686,-110.60497598711805,-189.54114911273976,-155.5109015953624,1.0
5808,3955.682824898991,-1657.7880429378813,2965.784641243918,6902.711524752275,-73.97370126921126,-108.18431975749338,-175.1821302737404,-158.27846485527184,1.0
5809,5827.281518419989,2979.544698192096,-6116.992638517804,-1383.4967858331502,-83.3849223247269,-71.00520119154145,-158.87544867519054,-170.21864696425828,1.0
5810,-486.83836575513385,2134.316811189091,-5004.656071250122,9143.031839916912,-79.06151900631644,-105.98827383947483,-178.5847325737682,-172.70445685700324,1.0
5811,9959.243313056973,-428.7758006260742,-5058.6498859960075,1440.7921573602916,-85.77727367981937,-69.69226067461479,-168.21864901124988,-174.5610240269125,1.0
5812,513.1908201287172,12031.136497201816,-12654.056307081986,-2129.717351703506,-75.53163234581154,-72.72753278193771,-173.05615358343155,-153.55842193143192,1.0
5813,9302.957695510579,-551.0537781126578,-6255.420324427899,-6385.54619543102,-85.82668523054608,-101.21944207692405,-165.77915702913654,-180.0025189060832,1.0
5814,-2091.131453969378,13209.882669778348,11759.446557375553,6811.962136032824,-76.45891443089802,-63.57990832229068,-161.89886905247886,-169.47613178546794,1.0
5815,559.8725184631866,-1612.1877532376695,4296.929471418483,12641.825968434518,-65.80599576495678,-69.46308376050783,-167.11884372456447,-166.91428253109547,1.0
5816,4513.817262217621,6277.370043611265,-5553.898528272695,-649.1737596763056,-81.16692382627194,-88.11623789740041,-170.05947012157026,-180.50435123231784,1.0
5817,4299.589032565201,-4014.060567337941,1962.5867305672489,-10055.74917866638,-82.36418352541905,-82.52523422722386,-166.48062974281865,-170.16217764053383,1.0
5818,-5236.229190651793,3011.287355180788,2423.4683053867216,-11128.509045015488,-71.96599238176927,-69.446255861319,-158.0164462590489,-160.24942928740538,1.0
5819,1338.2634163988052,5348.78763809855,-3417.568529618889,-6563.839018129089,-75.85229726393031,-62.77514644137211,-155.98610140782952,-174.64939254195312,1.0
5820,3948.9451034894882,6219.843732011111,-3218.4056053390595,3117.8188372090517,-69.20454645181343,-95.81117114343836,-178.60476632444653,-171.52742889512322,1.0
5821,4937.103460567999,-1162.0439806890884,-9715.596642137927,-902.6896395528526,-95.6449819280086,-47.53695265692543,-148.64504391788972,-180.7083521743637,1.0
5822,9127.83855499554,5477.844201839981,-1436.9025713543474,-1570.076323144821,-79.72170538104135,-84.33819669796884,-169.61136763546764,-170.31674844395585,1.0
5823,5568.61521085813,454.21588358288824,-1502.803946335435,-3707.371826232432,-69.7679950598299,-84.2326126584532,-159.0901001516967,-177.517641831806,1.0
5824,681.2554245696374,11236.24000554112,-6689.97505146197,4048.9903671959783,-89.14663446961997,-67.16040462449016,-154.58243063113372,-182.1838590828097,1.0
5825,9594.964165323952,7898.74123155683,-1418.8664063736999,-3141.936156966126,-69.48471161618076,-77.65178982867079,-170.61899961073468,-168.72534604988786,1.0
5826,5075.644742970855,3588.3506030801814,-1728.7443552298917,2102.8936796675744,-74.4883116439249,-53.163226211322815,-156.7662875695885,-177.0215407894238,1.0
5827,7627.539590831958,4057.6073334650564,-5291.917034738126,-843.0229425154065,-81.84189154863905,-70.88153320439767,-154.50160708521432,-162.83689963028843,1.0
5828,6167.317751491299,1839.597048580547,-3618.2234586069167,-503.99445515513185,-69.5038514399003,-84.49138418923845,-169.6023902228625,-181.5312461297144,1.0
5829,5496.023190499866,2967.5352342781416,-3816.793055277685,-3826.6510847697537,-93.19174887280913,-72.95002419220668,-161.97552426004617,-173.33569728845015,1.0
5830,971.0917866172277,14029.796334465484,-6616.781581652867,3939.036124252184,-85.99781779396103,-70.52311721453076,-159.0251456616914,-174.87757680301556,1.0
5831,2125.748474005386,3392.295769929053,-9246.841025415824,1725.8629186989936,-76.75087624571479,-69.11953375821888,-169.04516568967108,-167.6890453760844,1.0
5832,-3377.235167851135,8247.27592471646,-1487.5990697913512,-9514.938632892558,-81.90562579451966,-89.49630212466153,-169.87695794540673,-168.53525309250557,1.0
5833,7181.903629184456,8475.258145107371,-948.7455175181739,1454.6147591995707,-82.50145378667574,-74.90586791730772,-153.88555351741553,-162.36213766374416,1.0
5834,2110.857299136227,-1850.0320255422423,4425.80986145461,-4549.32110917735,-87.95363653702996,-65.00836507598692,-154.40025902134713,-182.4273362653831,1.0
5835,7023.155931576811,2354.364141575484,-3494.352644666229,1068.3111663274585,-67.4354339830448,-101.19594757878939,-167.63623893452248,-160.15525044706106,1.0
5836,10310.380995631385,834.0833438398629,-5114.321727363613,1696.174110468498,-76.9982031392726,-95.36416475337981,-184.66511101873738,-164.8110813224818,1.0
5837,3390.3460882462637,10895.6838989411,-5548.787868869006,329.7098345841682,-64.62435145316971,-60.768400030675394,-160.16558741251853,-170.06263998321816,1.0
5838,-5047.184069939034,-2221.98554712562,-12800.485637990585,12451.837434356023,-74.39330897292865,-75.83775030573739,-170.17976540753835,-167.6056632832805,1.0
5839,5205.748503917392,-8557.217872555082,-9837.381935346963,2144.1043279824053,-79.02730976605623,-110.11003770653588,-186.1118449901235,-149.6145063605025,1.0
5840,10162.110421368308,560.3752039249046,721.1182083670047,-1205.3060103512662,-70.73818450378883,-96.9525326110298,-183.90374714476934,-156.36246665119117,1.0
5841,2531.7648736755427,2941.2290854526414,-3980.2397252582505,6214.291763898928,-63.60296407210208,-87.5238123340584,-176.4483703753514,-157.97172860614066,1.0
5842,3710.173897409554,-4617.297113494471,996.0143690228542,-7164.952255450995,-85.26742271567575,-71.71997516065204,-153.03465892177996,-180.97569623850185,1.0
5843,-334.77753885505865,4203.186673412157,-8321.626097342601,6944.549981090913,-81.87319497783578,-79.84996717806679,-169.94176043568046,-176.60805864294522,1.0
5844,-885.0709720410097,14342.686273425421,610.0660251272222,8853.598027827618,-77.81147010594701,-133.22594952136936,-189.80158577813242,-153.06750104857662,1.0
5845,4710.916026878837,11610.168125036242,2097.3255731674435,1792.2738298942597,-77.88815484552882,-103.47631540623435,-167.4535634724862,-169.56702850401928,1.0
5846,2814.7589862722025,12023.661582824167,3871.6369939282367,6337.515342946959,-78.03449727595219,-86.4050907425939,-168.34895151229688,-166.00100521886662,1.0
5847,7676.6901038903425,507.3792546611431,-4579.5832766784315,-218.4414012264293,-83.7774664979564,-80.6497983514405,-155.15992916586544,-172.17767377820857,1.0
5848,-350.90051688400246,9428.638938745942,-12627.386349697957,2963.194356273543,-81.2474204311471,-89.94978264240356,-163.04393285081792,-170.51425707938841,1.0
5849,3173.6319418726384,-483.2154712839727,127.49013636449602,8605.964401582818,-83.46721828694469,-81.74257464369784,-168.66795684241012,-173.878733155332,1.0
5850,3553.6841939895553,491.3327248612438,310.5252029630576,-4469.342810674931,-73.97404040434027,-57.5312610122448,-149.8328939502861,-184.67589768426402,1.0
5851,10046.740485159915,-2006.2747907987703,2035.8338106509223,1187.2428417236906,-65.48250210607375,-93.54332364231503,-167.73647187860666,-167.97815998046127,1.0
5852,3984.5830823746164,6353.2433425329555,2861.1749596507025,4335.255405794895,-80.80311974227537,-81.00137018586537,-177.2474455265703,-171.18629600900195,1.0
5853,7800.108843574801,-793.2146849296138,-3514.9996410818767,312.7216398174273,-76.88931805634438,-84.39586418651538,-176.48285807738105,-146.3289988931923,1.0
5854,8983.201569740166,4795.376459662911,9043.79366986627,4273.688977977547,-83.05041692074235,-86.98671032224787,-163.7674515455653,-180.48370469274343,1.0
5855,5890.541728716299,-3790.7708757457026,1286.5052197246416,-1385.8162283874278,-65.42063480550354,-76.04262456901563,-167.53900692206903,-173.00844486772456,1.0
5856,-3831.1287621093124,10668.38145939971,-6436.897487895622,-6010.8987884678445,-95.09681762644253,-99.15266995300004,-182.29735421240858,-150.2313653285982,1.0
5857,271.6698284989927,4462.341114713807,-8743.703532031417,1711.8425239108458,-77.90230240489315,-98.25481722602403,-186.96181731358433,-155.01808236508847,1.0
5858,2539.142209496363,9517.5441440477,-4283.268237958662,1738.74196972833,-81.80508729284938,-71.63035908413005,-164.98970930669574,-185.58204083881566,1.0
5859,-2780.5527569977585,-9745.43818367048,429.2174857800033,9521.390617219136,-62.973121844306135,-100.70984749474847,-178.87603635406657,-151.29801028942333,1.0
5860,-547.2721864864254,100.26739038329025,3732.807240400736,-5075.277581907921,-77.4111708445241,-96.64487284281239,-173.7836018171017,-166.5873601281895,1.0
5861,9353.231289865567,-3442.6192578839923,801.0638189709875,-1008.7597935869721,-84.89280482999825,-109.73974439694665,-178.323506348196,-157.30769308496784,1.0
5862,14473.773990269483,284.5932306493637,-1973.2539242761677,-8705.96465108494,-93.75826581960266,-52.356505493560405,-154.32424713698333,-180.6824043119654,1.0
5863,11414.99777404757,-8035.459790349957,4632.3705663799665,1459.6277968706152,-90.3097891404933,-82.1450313499651,-168.05124684326464,-170.52531949978962,1.0
5864,2193.177009701989,2398.217620173603,-5547.083974182338,-8905.708321833416,-76.5850045662875,-108.23584734080151,-188.42220853120148,-153.07563813657345,1.0
5865,4552.1668076634805,3322.6317640418847,-6892.562180951565,-7307.406853806209,-89.39189397702013,-116.9396890722499,-182.81751584845514,-146.94515945346953,1.0
5866,-13.584298819737661,6689.41995646918,-4365.424723033683,-5680.1390514731365,-77.59573129869142,-51.81733061060933,-144.4635063247137,-180.14423942767834,1.0
5867,-58.31795680252716,4098.350400857049,-3401.3373125662342,-11861.458403721226,-81.93116906634351,-95.18221024771469,-168.15702598129263,-182.54196959531876,1.0
5868,9945.663653691916,9871.501716456183,3245.219407789886,-1249.7030339893258,-79.9091270171248,-75.04391904369677,-162.75418868606238,-179.31132153114606,1.0
5869,-3176.358792128209,11944.444988601937,-7646.590845397042,-7148.3007736837035,-77.98377704968266,-65.58559935242552,-157.07740085712896,-179.29753644601846,1.0
5870,9467.076846064423,11533.13908732499,-14663.284595452293,6837.805475320405,-76.57228056267404,-88.23848611669597,-179.32290006352608,-167.71905235767545,1.0
5871,9055.924494639177,-4483.78708569723,-1075.6096809181672,-5115.319166514897,-82.17388140002225,-76.75093026890418,-177.45290770276267,-167.61168415795538,1.0
5872,3646.947068341139,10476.758848975707,5308.990719126412,-4519.69835461861,-81.24722924773306,-89.03199758401948,-176.89834307651256,-157.94019178151828,1.0
5873,3383.935688692331,4633.2188013614905,-8224.36930325196,1437.8558540303272,-87.50428565802859,-82.22817723507725,-169.56688936566357,-178.9113320953056,1.0
5874,3149.159091656549,12529.563648976582,-7307.70348647172,4257.930063839554,-82.84585347651216,-73.04848352316586,-154.36193495266897,-173.12779203483868,1.0
5875,2675.259122487872,324.31054374212255,-2425.1205969096563,5960.768866397082,-71.06974982832757,-107.68625916515349,-167.08735951462717,-154.35154286589736,1.0
5876,5412.770475855901,-3959.331379806265,546.0620610798687,-6280.049158958867,-81.03199129748171,-97.38734122882302,-166.6864292697215,-175.4830843181597,1.0
5877,8832.336155853469,3661.717693836375,4940.424046401601,1109.6359268969236,-78.24180135044709,-77.19585477975188,-160.11580088877113,-170.59515709214733,1.0
5878,-3227.8923681367223,2606.3760281973905,3587.55412280713,-4678.79211435201,-77.75617528041732,-104.95577378460835,-180.79239268693325,-171.2995274740944,1.0
5879,4200.221965638314,7992.858769307725,-2539.961619246254,2169.864308162778,-70.05570364177358,-80.87220334135056,-170.0630237297215,-155.62003123566484,1.0
5880,5159.580746421409,-4940.636024091096,-2608.122097977274,3908.52206591781,-78.08180948828247,-100.42293048287998,-185.7670718183711,-156.85295775223855,1.0
5881,7630.235268881872,10449.920732501489,4036.8540832548183,383.9475899115854,-83.31673795197993,-83.10586401577616,-174.64609665801956,-157.3288016671461,1.0
5882,5414.445539879731,89.05527393374956,-2628.958874970519,-2918.3684089501035,-88.55387263304759,-65.58067002297837,-154.31837159418288,-171.17077286865236,1.0
5883,-245.08056257359456,14425.064047611706,-5243.0875571813185,7267.528066326662,-68.23585521131025,-88.75642804246907,-175.12715721846632,-160.6808089146531,1.0
5884,-9715.853726889034,9853.198124725159,-19909.390355621992,9483.11082228461,-81.95463511185748,-78.75113845192365,-162.74601943519218,-173.13380495334962,1.0
5885,-6255.77098216482,8087.787066296187,-3065.1786898636615,-15732.267478828047,-78.93141355084501,-65.93604038190395,-156.22965335204904,-174.5289612413506,1.0
5886,2637.870567319867,-4121.185681345109,-10540.39467726691,3435.0445635992555,-73.50501557654435,-81.37676023560533,-173.0914387095442,-162.29724410516013,1.0
5887,13816.55836844475,4914.598931508611,10905.36507484638,-913.0976635622976,-88.57002607569099,-87.31092306804491,-173.55927089995248,-163.23553032993962,1.0
5888,13790.421354401356,2759.3996085852336,13968.804770939203,-996.7351181915017,-90.90558981387915,-77.21347473718953,-161.76678703544545,-166.32586526672807,1.0
5889,4642.254475887589,7785.964225553322,-9590.483636855195,-1755.3613797512608,-77.24168746553319,-86.26970310462941,-176.09905381051198,-168.69072721311875,1.0
5890,19.675456196629693,3963.9542842105207,-2360.5802097582427,8430.174664390584,-83.8132625915504,-51.378709720688725,-154.84871470857308,-173.29571168540983,1.0
5891,8620.18117737426,249.13795343734614,-612.2087459136783,3548.8914076608285,-68.98728812840218,-88.33209090899459,-169.76434249113973,-160.099610832768,1.0
5892,-3147.5699278638135,4685.770168998852,-8554.627336475647,6200.974533589087,-80.87165767312717,-75.2087016038358,-168.82083128320147,-158.72013748826015,1.0
5893,1895.3225681982453,6250.10895475724,-7561.067029302801,3227.648710544372,-76.02985659329,-72.38923191634574,-169.19085846801303,-163.77318431366095,1.0
5894,5174.011808585173,6223.407604427214,-6925.326674864682,-1977.879298827225,-85.9569530570366,-99.31784314785133,-166.98095238468457,-164.76700866093722,1.0
5895,2416.475110520203,7234.28323231666,-8241.892417840269,-3412.6140153855104,-72.81942958344578,-105.75606367611476,-182.47661428725877,-157.8753360608206,1.0
5896,1165.3509842809938,9396.980357352266,-8381.835983436082,4813.543384973096,-80.23728339314877,-73.59047969377247,-166.20546817012323,-176.34748639760903,1.0
5897,6758.501500740223,-494.8108357858536,357.8730657122522,-75.1429398637926,-82.4329437722062,-102.60858284788867,-183.49937460582078,-143.10641349817467,1.0
5898,9712.744329044523,4833.6452645338095,1324.2036512904263,-5510.128530332633,-78.75202678358521,-115.42407547446102,-178.96463453632492,-163.99498674010417,1.0
5899,-3876.8496359249993,21005.89867014713,-17223.95605872006,42.015633224862015,-77.853108121286,-66.54835416963266,-159.43883007002108,-171.60916563646578,1.0
5900,8440.99548340134,3931.4097278352733,-5166.618345018357,4455.181337392668,-82.08116730100119,-75.2681712236428,-167.00044697347482,-168.516922199058,1.0
5901,6225.592569201309,488.67779568341786,-5775.73339973268,970.2774571868163,-85.12780004095376,-97.29738575623331,-165.97392296574014,-174.6778850146993,1.0
5902,10066.589129980232,5801.300594898549,6559.384323320991,-296.7905943757603,-87.38351704181171,-119.33210794526771,-192.11842314316496,-156.6804568823722,1.0
5903,-1328.9877239427192,10424.330749976063,-10553.837059021334,3850.201095212835,-67.5462877725791,-112.61937185716857,-182.4895378739043,-159.3871176737939,1.0
5904,1326.2237139474685,8191.3852521322215,-1071.3257566485152,-543.1244551485222,-78.42473644356933,-89.38744353478997,-173.43223157861243,-173.67823605792458,1.0
5905,5188.315051059838,7202.551163463813,-6461.737852885192,694.6530214572317,-79.93837418256349,-96.8585607843014,-176.5262564586947,-159.29528895495432,1.0
5906,1391.67635578255,9623.698202646714,-4902.758954743798,-3605.755143319992,-81.77428839997603,-84.8734145195126,-165.9511209259565,-171.49527945641583,1.0
5907,8855.338472082487,-5082.723818636943,366.37840060187534,2240.221511768327,-70.29150598725808,-105.55694267912511,-178.13472246468945,-161.6489106618481,1.0
5908,4941.293716869061,6060.214213392724,-1608.9718203718596,2080.8803991121235,-72.46768028129117,-101.25396204556286,-182.33441612319268,-150.8059019077773,1.0
5909,4853.0131797385475,-2142.176737922872,110.58057119240728,-6669.07319669237,-75.76330225772485,-92.2222999124647,-163.6581016875816,-159.61865141854668,1.0
5910,4592.896152751776,951.899164541476,-7157.017038539273,2128.376603917627,-86.6615810271779,-83.13552505527947,-161.1205055020627,-166.9595465005387,1.0
5911,394.2335433047144,682.483032706676,516.9093169003207,-8768.077047549688,-78.53695781204686,-79.73867183817458,-170.28208576809902,-166.53707370706584,1.0
5912,-3212.555823667817,4648.224143477936,-753.7766765188541,-11564.311239929759,-90.04903122556729,-87.56340249193858,-169.62608908462178,-168.51663645487315,1.0
5913,5580.441782310179,-2089.5499717306075,1557.324189457979,1178.3167545661945,-78.57549678977657,-95.28267210585183,-166.65499630879722,-159.707288953893,1.0
5914,860.3957572551715,7813.832697597833,-5623.357603728787,-4907.342735783064,-84.42598482147818,-99.97994424073416,-174.9014978667948,-166.17965754254195,1.0
5915,2272.392398820199,-3038.6186953204024,-264.1002476967729,-8971.119869925076,-83.27018600268835,-79.56318190782282,-159.51408982457718,-176.31059489327583,1.0
5916,4727.730509836212,3004.0825117191926,-6713.215194649743,-7301.368241489999,-75.21158959235048,-93.27934202535776,-172.69307395006382,-167.7074681857243,1.0
5917,7951.4193274287345,-5808.096596980725,-205.41176037389386,-6949.1647160436305,-76.08703690763237,-124.53726860169486,-183.8098308442872,-152.96398481818966,1.0
5918,-2817.5114045386854,-3749.9883136079065,-3589.4221267787916,11832.47653094639,-76.96957122608758,-114.93804580867615,-192.58421092853825,-162.98988648288886,1.0
5919,-677.5631190393034,-2447.007836639424,-5844.650546731078,6736.525075725133,-79.80035382485723,-75.3006042145579,-161.5570106477467,-168.53069100874342,1.0
5920,9797.123484051639,-1572.7334616962357,-1821.0287761184477,-763.6731015869684,-70.94195261618648,-98.8109180744775,-176.7776081043927,-146.15885328359454,1.0
5921,11868.553677557298,-152.15562745278976,5323.415017117824,-1183.6967385401408,-85.88631640607677,-74.86061948159151,-159.8937020382722,-170.86075073508002,1.0
5922,1126.9164478198732,5459.8798202169655,-5291.536627510814,-7230.143338884267,-77.25659837217403,-93.55854025443787,-174.68298717860156,-168.4251611338878,1.0
5923,330.8879470117803,-198.5101649254206,-1934.6842786550121,-11547.280732990663,-75.40826403043361,-79.31307654769232,-165.32898023969366,-165.4936718029472,1.0
5924,7628.261440528721,941.7836210457198,52.16997417409486,-2262.5959273863514,-87.16456773798797,-84.35938576282841,-175.69740896123875,-164.85204713460968,1.0
5925,7863.568204342332,-6837.778816894911,3450.720917610402,8750.798968307936,-72.99453362704634,-94.50764064415291,-178.98325103640047,-151.88192399612825,1.0
5926,5422.288994811946,1418.0557765505287,-2166.417238523671,-2228.650062401053,-86.50856288580088,-78.76759588000469,-155.0031095737231,-182.52115064262705,1.0
5927,3747.743417484196,7064.619638702835,-5337.488275342413,-586.8149207265923,-72.63511064913715,-94.21436145739213,-172.0120778621117,-147.45232242884896,1.0
5928,386.6779078764613,11486.56840947476,-8329.299419446517,-2936.6740884562296,-85.63793763271956,-109.01075475161441,-185.38082911472796,-146.48817324572997,1.0
5929,-529.9981640513125,3991.085885296015,4704.902822741909,725.0601929524568,-64.09908467917664,-98.17585626741719,-178.7881636649191,-167.5534099381086,1.0
5930,11522.581909049562,2169.204708825949,-2021.0145829526073,13593.245382288545,-72.24703130096377,-107.88368974533157,-188.88902264097743,-152.22431662663615,1.0
5931,7865.416038393489,-2752.4920678999147,-1384.7266530972179,-3386.4224584016483,-88.9664379077344,-103.62181424811584,-175.0350724971288,-155.11232446229252,1.0
5932,5046.061370851101,5669.731262620322,-6174.1649524816985,559.7676918421448,-73.27092607348635,-65.36199184958944,-158.3323938009725,-180.6201720817546,1.0
5933,3853.6669489897095,5071.839229270011,2588.6404075677347,5018.042880354963,-73.2430482754616,-80.0151103539695,-169.94190323397078,-180.28254328244137,1.0
5934,5118.729489229359,3423.845182239417,-2971.0658435638475,-2400.5597689669066,-86.81291925337813,-88.52511442445105,-162.8029455679184,-170.24346708272833,1.0
5935,4670.787520348653,5295.60988155076,-5914.555379647095,-844.2525109564554,-85.52058520163035,-99.9991285093876,-185.80533272588406,-172.11450314427805,1.0
5936,13869.320104351298,-2255.77933345739,-3079.8096842046193,10948.398884523971,-88.01216085705782,-92.1124898352751,-175.13549323323116,-159.3281956295255,1.0
5937,6869.924628031819,-1762.3312268328752,-2318.4829847984824,-3153.587338193163,-81.00105194969603,-98.89822704698676,-172.71313559290172,-145.5845012082934,1.0
5938,4708.946044699403,2931.6794235720868,-6785.215560951216,716.9130662736292,-82.75986712880487,-70.89316848438041,-159.16738161526015,-169.10754612759413,1.0
5939,46.58562196911964,4526.48070051634,-9265.366143140081,3891.262749484961,-74.31719513173212,-100.13926096269307,-169.5800101862845,-154.15587920033846,1.0
5940,14200.997607504509,3256.651954995069,4376.439768122573,-5222.234095944859,-76.31311107554455,-87.54259663839768,-177.48738240487825,-165.84327340850766,1.0
5941,5284.90956709248,2379.38526115488,-4524.405631038886,-1980.2391170090011,-70.44953796036455,-85.98575501082823,-160.71419532279972,-173.66075943217092,1.0
5942,5754.270984822859,10924.746399901622,-2769.902326416548,-255.3254327571035,-78.17751863994908,-71.98574338581305,-162.83431097060569,-160.91064990774234,1.0
5943,3301.606439525354,139.20212905821973,-4410.655584287879,-6255.09323285951,-76.28305405807174,-95.42528481963438,-177.39974137601013,-181.92857789296474,1.0
5944,2238.22995727021,3903.0433101906856,7608.928637653955,13638.565305847476,-87.61898513474975,-90.94497383960072,-168.47875197025928,-175.47393526273842,1.0
5945,5986.584794799397,1275.3360335491761,-4340.363153096709,631.4294968033845,-83.94343019309053,-80.39020645730868,-161.3245157411391,-168.27198069839793,1.0
5946,4579.300718998493,-522.8093061368919,2805.395595321831,6090.678409655095,-63.61009435703562,-90.80317130078355,-177.59887782100114,-156.78894109009224,1.0
5947,15165.73736091439,1169.7552848560417,12255.50961063002,-1854.6519017290987,-67.78614919520902,-81.58349648314899,-177.3829993088356,-155.17208098738968,1.0
5948,11056.439123349654,4826.557768071137,2123.348258883509,-3388.4050963676827,-71.3569351456572,-70.08667367132134,-151.67054733285616,-183.98844444467744,1.0
5949,4058.926665004695,5449.043946013278,807.2810245330344,4651.3254087537725,-75.87842843836629,-97.27027855014876,-188.52948004797835,-149.25918437479723,1.0
5950,3240.0265819986803,-922.7224415657606,-9360.68867332991,1078.562196528115,-76.15437863774214,-97.86299227188341,-170.08223443835846,-168.25869452021806,1.0
5951,-2795.920747983032,5121.498705377566,-5380.111043300261,11104.705734795485,-73.73582490474178,-75.41876063286762,-167.49130341894394,-174.34218119662592,1.0
5952,6110.38778983251,3442.19938812336,-5706.45497632572,-1488.1367360246088,-79.99465064358068,-81.515949583415,-174.53772362986092,-175.11649750890066,1.0
5953,7425.8261323274455,288.9091584823502,-2585.3164669406683,-1103.132815844058,-90.93440485386168,-51.11934532124355,-147.44964991348013,-182.55375666239658,1.0
5954,6029.174588636986,5745.942943862955,-5196.815921737441,3230.5540793171112,-73.13451695839197,-130.19247212399696,-192.63231296380238,-155.761361776298,1.0
5955,-5127.038479825163,32.060148782186545,3625.450621801013,-15489.43801588538,-83.73044686965437,-67.81300635754077,-159.01356087911776,-184.6306920471462,1.0
5956,-34.40117406784316,18706.220341196782,-15429.009148849484,-1755.5662765209815,-92.52346782226775,-60.47771151370482,-153.76531421188216,-168.92036492922256,1.0
5957,3322.3727355722062,1940.5673710301523,-5488.147944993866,2859.760658246401,-94.67691334096506,-83.3419406994288,-169.0728827054774,-175.65474238420853,1.0
5958,-1419.62798748995,8096.719529509293,-4464.029780191851,6411.090396110354,-84.15699247777484,-107.53612768645904,-176.57771645902267,-165.32304513817775,1.0
5959,1708.0071797437806,6056.448460186033,-6696.983716690796,-3763.518023086982,-73.83785470603894,-81.67722742333552,-176.3635114723149,-157.7177382250942,1.0
5960,6418.643102816097,657.2788726752017,-3070.0729413805257,-3222.6343442351363,-85.71355901835815,-90.9126320845877,-167.1872794903554,-157.3558213093591,1.0
5961,1010.8166505664337,5450.7049139246155,-5423.009974467677,-8061.836011068106,-68.35525390722051,-85.40674400939466,-165.29499357586263,-170.65322269871575,1.0
5962,3215.6028474078744,6977.925691114182,-4122.81466609997,-122.30334236274354,-98.32449031367942,-93.55751761308024,-175.17203904403834,-187.23383399918248,1.0
5963,-2645.875559548614,6395.222858573127,-5976.342677364688,11618.135804800095,-75.4877978007674,-41.205148239500176,-148.3965378668103,-186.39527755555548,1.0
5964,7626.62081952876,6043.900467253462,-4134.2587044001775,6616.8091097079105,-76.03242777437612,-70.47622988010562,-168.7204976020007,-173.60779680123696,1.0
5965,-2715.9851518620317,-2812.0461378972527,-9217.263271471254,9043.237304224096,-91.18572930464596,-79.74744881582602,-155.6742911508139,-190.44948124726022,1.0
5966,-5561.369040726951,6449.840968251856,-2889.480919534608,-13186.006514354456,-87.619605867753,-85.40044582293602,-161.8390211328666,-168.18518095244406,1.0
5967,5739.7204422576515,9095.679492830104,-7454.118465459354,2816.808033306406,-83.21251236580139,-78.38933820662717,-163.567657264729,-161.00082431432546,1.0
5968,933.6669579960644,8687.401053692824,-8219.414832040813,1371.3771116997893,-77.13968614087587,-101.24219603069584,-171.3818252941869,-169.4888733488498,1.0
5969,2525.387195632067,3534.5940539654653,-2262.3677486938614,-4237.289648664367,-64.95653567434451,-84.39195472234924,-174.87633195465062,-164.98973135920838,1.0
5970,844.0174909336031,11661.689568683092,-7890.615999784176,-3402.371195437406,-76.39762397207814,-90.45579844658813,-176.28006675870543,-165.89212210819997,1.0
5971,6558.8145920352135,1716.0578868315274,496.09608181153806,1920.1802342978306,-79.06401760699462,-98.19482971679513,-177.78218373633197,-164.34361500793102,1.0
5972,12727.71211435357,3511.7750302714644,3443.4413977743047,-3394.7693778830294,-80.05763625958127,-87.43937289681828,-161.77939669778473,-178.3029518717575,1.0
5973,3783.913995580728,5979.688689273629,-4598.245652567457,3114.1456966558358,-79.79427444039457,-90.98360584517323,-165.2909642543788,-161.19615142840803,1.0
5974,6304.698752039729,-5927.439721879542,-671.9844148814346,1827.1242620795044,-71.16193425897397,-71.74018083281939,-157.73550278295377,-170.79351525839965,1.0
5975,3767.1470520030894,19141.244573998963,-13919.766172066938,8166.805321306839,-74.9576617157935,-100.94550341226781,-173.99104877940945,-176.81528697577141,1.0
5976,4415.1464367680765,11026.250352414107,-5687.848080853477,6191.518368835663,-84.27581946321186,-90.20128867306332,-174.8751486785462,-158.6931219554572,1.0
5977,6132.842725713002,3262.1283789508448,-3365.6169792190685,-1621.7478987231927,-79.63100899360794,-104.25979552290245,-190.1803715027517,-157.95529606165314,1.0
5978,7728.96334631495,6592.547873983972,-9433.667539854858,-128.48436511488038,-90.41191682733307,-90.5268420669675,-165.06460634683495,-180.07545706270525,1.0
5979,6337.416236535814,-332.74378929978445,-2128.0405086074516,-5468.474687365705,-74.03002723762606,-90.31875154314955,-164.89764877904136,-166.53611932855156,1.0
5980,-2900.234992662282,8919.149580667156,-1979.8578241338528,-6731.535126357208,-78.67274739168768,-73.64426050215502,-165.82436062422912,-170.3317919880242,1.0
5981,6333.109570475723,718.9012731009266,-1593.9028147164086,3148.597443810779,-73.4779848134707,-66.86964705269276,-164.4275756797467,-164.79417294008073,1.0
5982,-36.65095894591231,10890.551197433004,-7552.423724774253,5853.028146200213,-68.373762288586,-102.9400713995175,-184.67789366206688,-156.96289994016985,1.0
5983,3340.1064616042695,-957.7589557928445,-258.61751022870027,-6838.239034700797,-78.65922874175585,-82.74631558663056,-165.61439664596918,-168.579879460079,1.0
5984,-6593.819838483228,12001.026798516912,-8577.466911970818,11079.48125366931,-81.47798936695592,-109.53806064060602,-169.1428846762678,-161.80226921985593,1.0
5985,8791.862915123409,-3518.365629178908,-7024.969800209714,-3688.7302492654644,-79.58603556053474,-85.48009705837279,-164.94312236875442,-156.50400188600693,1.0
5986,8593.390897684754,-2308.339451164654,327.9007606887769,2848.5183633700717,-74.64561928839267,-81.97118876354016,-168.92341705178433,-156.36924566148716,1.0
5987,-3966.4306812572845,674.1838164125915,3685.998340420133,-13879.927952274458,-68.40362873647241,-107.00135783036269,-179.80429965550923,-168.2650613550324,1.0
5988,2553.8888843506606,2731.3900794946394,-57.0693959793136,-3911.0862622312834,-78.91448248637053,-72.26190809109995,-166.5288028542728,-170.37031234928273,1.0
5989,-272.6888683202766,8275.242520330727,-3549.7369229340698,6473.702278760843,-81.7761727112205,-113.76590344231434,-183.04756300443177,-153.40631138734201,1.0
5990,3590.3964529335767,-815.4080969662441,-4810.630929761663,-14016.177101928684,-69.5416871258127,-119.09869207438827,-176.78920160458188,-155.63053906989424,1.0
5991,-6523.089976177893,-6940.1767749629125,-17481.546956117825,14226.009350039858,-67.86352114505024,-111.76439484413983,-181.11814026364473,-151.84293572922508,1.0
5992,4194.000800472387,2030.0107198680973,1404.0217095892272,-938.5451250778756,-67.25055972859948,-84.52192148902847,-172.4405386240525,-165.70646143784205,1.0
5993,2284.339620222942,827.2380870188574,-523.5240001480173,-9679.347830428796,-78.91342057982813,-85.21737892275625,-174.02269312837447,-157.08710699470498,1.0
5994,-2680.1827447043415,2047.64849048766,-894.5809339281086,14110.42022699534,-76.1387048741377,-67.8908232085228,-150.91761879410063,-176.34726896822556,1.0
5995,7702.394810672588,8586.380287316111,1287.1929303525048,-2142.8766929239955,-71.10966053441199,-92.11817585920906,-175.86689456696752,-151.3311845622783,1.0
5996,3481.166672392163,-2003.7888890224224,4743.151130040241,472.5102693213592,-80.08139746121124,-83.7142586666032,-170.47369418076497,-169.8377600334589,1.0
5997,8237.771152936928,2204.5997085340227,-3203.3886897129382,-833.197130952875,-97.31215943594069,-80.61943238009009,-164.0967309532619,-167.74919825022042,1.0
5998,19842.336592666983,-7270.413645589501,5276.07919845453,-6291.92559172866,-74.8518848395165,-110.78056705151106,-178.4277835656162,-161.42148222895196,1.0
5999,19392.461272103934,10097.263590661767,10677.6135648047,-9288.416962689427,-69.98697728369768,-105.33983520170737,-184.65853636813333,-163.89065812357342,1.0
