,0,1,2,3,4,5,6,7,8
0,360.1243727968281,794.3065333089681,76.19364389602735,1481.1461178623163,144.9690292288981,-16.915979575348796,-113.76164903357834,138.6894230006626,0.0
1,-292.14104661777867,294.82477188482335,-927.395055881583,175.6033929373397,158.53200663241583,-12.545860226423027,-95.31635876968345,119.29582268152942,0.0
2,-1285.8150018717515,29.358521280463677,-723.7640295955358,-1189.2168302005794,159.99277843701168,-16.400588675948576,-96.34979573005819,123.27009410637594,0.0
3,-883.4868589652311,1362.867523649221,-142.67055118931648,-1217.9305628769464,164.17099451256968,-14.85249285716887,-91.98215442617864,120.21723897250969,0.0
4,-825.5449817145618,576.1146641549705,-1225.8523734015055,-219.84245600323166,156.60200863570088,-23.602560322620377,-101.2768866296127,127.57630533075596,0.0
5,-1032.7818451134317,71.17255311220057,-1548.9851522347506,-933.649418548272,148.55312714279123,-13.338679209745882,-94.52816626468567,126.21865169473719,0.0
6,-1873.2784100605209,-262.59215121702226,-2037.6892998389476,-2186.580322306961,150.64787250447426,-16.720761058400605,-102.22896127606496,129.96706556938358,0.0
7,-460.4720985057935,-2406.85191648962,-681.044837955352,-168.82727234256012,149.50341031203442,-13.491117231931877,-115.50979881823274,142.2352075683863,0.0
8,-1165.764739088836,-1214.3365395704213,-2221.352976327328,-595.1689454598669,148.07374925165345,-17.430965156900843,-113.88245347519168,138.02964032216852,0.0
9,-702.3667696379088,2413.2341466767452,-1813.4885878088985,269.73779528431584,152.75590244835612,-11.77657491916587,-95.43775018347665,123.06574183890848,0.0
10,1631.5145014108766,-1426.9995980664137,1028.5553967235592,1495.3000985921246,147.86318358867086,-16.5114973926821,-100.51571076773068,126.11520514698398,0.0
11,-2033.1221063878481,568.7798850148869,-3205.736138552275,-2988.825719300176,155.1733522162262,-15.708260093943345,-102.82957180576356,133.83133837367518,0.0
12,115.41822150548079,1101.2667376589495,359.3683257999855,644.7042451422951,146.55896461837565,-17.297754833260566,-107.49092572162849,134.01464632779505,0.0
13,46.85990776439278,934.1835099199676,-654.3157759029674,774.7098848225878,151.80729669921743,-12.155477586588622,-102.8314669089656,131.56523071047724,0.0
14,-760.1218397164535,924.9539074617751,-940.5971705296433,-903.9571068444025,156.10419165394742,-10.855283954877748,-116.27759458498706,140.54020857807214,0.0
15,-1463.7485062564485,828.1399416886733,-355.1678321542664,-1732.4207110928364,152.64076253958208,-18.10935478594653,-103.14217275649372,124.77856370154193,0.0
16,-280.350606084267,3.379799043904297,-1043.0402799412848,324.2945058535272,155.61305541093688,-17.65437725505597,-102.27039377482116,126.74445851232633,0.0
17,-1013.4639853729464,1163.7970047391536,-1989.5213284905126,-159.13793337527113,148.32148392152973,-23.088829021619528,-103.98573510448009,143.6131297075872,0.0
18,-198.93843323073642,582.083213693587,-259.62180110725194,323.0996553083341,155.9178476659646,-9.280217809793452,-96.66441663159458,125.93580919278443,0.0
19,-43.25673231839453,2108.1038283469375,-2033.5482146586876,714.1677545208132,133.1344007336214,-15.73687860884042,-116.72438271085893,133.57920402184325,0.0
20,750.9004942564168,11.247636766382364,-942.8774485197202,304.7491035304645,156.3664950831085,-15.658236515832106,-103.05987399888342,131.62418599898635,0.0
21,-820.8894779345147,-45.324295019572936,-1089.4050866303232,-434.65175499931564,160.24888356052386,-7.602658368493184,-100.62202122984633,119.90834725136864,0.0
22,-885.2692445815694,1334.4599552612985,-22.914256023462865,-1209.0591958255382,161.70095854827875,-11.59529870046506,-99.30100875799845,125.48779253482768,0.0
23,1059.3411334549867,2434.573814738875,-2916.501442738385,412.20253979092814,149.76638404842424,-15.455998767606477,-107.71242890596449,135.36056304545178,0.0
24,105.50612043949992,3012.477738396496,-522.7078693303519,1611.59753488157,158.031443264015,-12.198068849932971,-107.11358734282786,124.59155129920778,0.0
25,-615.5511997162678,748.6837421806055,11.504363150396578,-380.10231705933813,146.58976600861092,-18.110282561269667,-107.39614234486008,137.2962061410253,0.0
26,2528.0469086057856,1749.7233752362677,-143.55114547797106,2437.6511529889253,158.58209376039093,-10.420374176848815,-94.70283581699657,127.98991201145539,0.0
27,-427.4182617062803,1064.3239744580349,-129.45216986097972,-322.77562625735806,146.8520913908399,-13.375561561707752,-100.27089496305541,131.12837338233658,0.0
28,440.5083884858239,-2264.296981566917,-954.6875541257054,-724.4766846814952,154.90724861214184,-13.108817370462685,-98.76041367105647,126.87341192228035,0.0
29,-275.0954735943467,1321.7990279923724,-2217.778454185879,-529.4158220775674,146.1999210025123,-18.871392016102636,-109.135008007792,135.6593086420602,0.0
30,925.3828534208341,920.8720451407614,-2124.8128064866355,162.47170256479578,145.40076628582062,-15.453607800509308,-103.34159373126305,131.6811076394633,0.0
31,-216.97654941593615,-98.05160958979371,399.3579608860468,807.119941349532,154.13057524316122,-16.586725885613887,-98.19104682152046,125.26081954782259,0.0
32,-1088.8472269942183,1152.795640454932,-496.7034527049633,-1307.3362637210075,152.7286348093952,-15.30393521814419,-111.75113732442898,135.98128307651885,0.0
33,-429.0748546388254,27.956951159107067,-1830.678635470684,-321.1332674334252,149.67525883837206,-13.527926726862024,-108.43362965356253,130.71076898295237,0.0
34,-1487.8808834654767,1071.7757056110986,-868.292901085922,-1998.1595654837938,154.25053362760133,-14.947980682767316,-104.08190617138415,130.7115416546346,0.0
35,-430.20254840075495,1556.0609244373181,218.8683890156154,-481.43299690276854,149.95404720737272,-13.116342724941331,-111.56130802252383,138.26200638127204,0.0
36,482.9014881249719,1633.5949198758076,-2179.2083343813733,-365.0557545101529,146.69591219577345,-20.34238113385379,-106.40953438592639,126.63501578128606,0.0
37,1346.2135153394722,3007.4222701786553,226.7180862070007,2051.605716057218,143.9443265832988,-17.21928627989845,-109.48944719243792,147.71841249355907,0.0
38,-1053.7087444025926,1117.615506306792,-1784.3657038838958,-1686.2376303984931,139.6002531788034,-17.375241805574245,-110.93952778181972,134.79359438380197,0.0
39,-251.98741601115626,-100.20528265592665,-518.6559100694085,451.50556556003875,155.3186336791413,-19.70656484375637,-98.40437575078795,117.23538456310726,0.0
40,-1432.1772685173003,163.81352446885688,-1877.8114746530835,-1706.1382309400349,157.628902703335,-11.664191382226537,-106.64335767965534,137.74028659292904,0.0
41,1051.615590225482,731.7687353042209,-713.7426740465547,572.4549699025224,151.26552790535186,-13.468122313071891,-99.93585254936222,126.04394377487195,0.0
42,-777.6842323687199,1582.76679002397,-270.1774607269785,-1156.1429062458085,145.61325826623448,-19.069571008982955,-116.5151410662642,137.0131296801548,0.0
43,-424.3305954858245,-98.16994284449201,-754.8494329450695,253.99378487586048,150.13640626072555,-20.558337184827316,-101.1129143085022,133.22011586237707,0.0
44,-2033.9535761296388,1310.7617949817707,-2276.73447776251,-3213.2990228826848,159.36638704078945,-9.832341106050224,-109.71316064145373,125.60885564506022,0.0
45,-951.5799492069009,2246.3940473931443,-2058.6392051954303,-250.9895461896362,143.82879325091045,-22.7404199462564,-102.53741335537448,136.06998071447168,0.0
46,1352.2115825033216,845.5824492545119,1012.4132305313475,1685.486915688804,167.07685143902157,-12.074738466416893,-88.34493153241513,125.84330632142351,0.0
47,1119.5650514913273,17.215864931234904,29.060821106057677,1647.299973314907,152.27078245322042,-14.536854686143108,-103.33622523298362,129.53428928033762,0.0
48,-1027.55984200727,-921.0348737157201,-2200.2501015391927,-1191.6093456974213,139.22891722816325,-21.767906822589097,-118.60701139359216,150.10694709043025,0.0
49,238.98513789355258,-114.50801116344394,459.0059961809736,1342.2723086798055,153.68780721727398,-13.412580701993715,-110.42575746521807,129.63361221092384,0.0
50,-357.18348747785933,1066.399557220032,-1326.22004195638,-346.4196725494155,157.3499259685831,-12.320451918075285,-97.15563274140646,128.23805903828955,0.0
51,1669.0252684824316,904.4917320692022,-818.8880513201589,833.15500118531,147.70287616694569,-21.05424018915879,-106.6566150024373,136.5720616255079,0.0
52,-2422.8034618829424,3646.6220438913233,-2721.084200101059,-479.3047718837146,146.11491274578952,-19.246615816318037,-100.52942069533005,133.55186105782357,0.0
53,-1802.7829945565709,1366.5332030111235,-1983.1190994512247,-2771.7320531693204,150.14064372061108,-16.09527977888961,-96.6300357257026,127.48042633908307,0.0
54,2348.3865034250566,-181.26368351462744,473.81261095792865,1849.5172767384515,155.70662712778824,-17.95578441825326,-98.31523435470979,122.80351512565258,0.0
55,930.7130695203919,1723.736849741837,-1626.7614661718676,873.5296738458587,157.87303071528262,-13.200430841626957,-98.77377963161348,127.42471587723054,0.0
56,320.5898947504805,1263.6008460993837,-785.9767359591799,1155.233164190214,149.73264812453664,-22.695002153840797,-104.58042001679206,136.26658589569772,0.0
57,1632.1097578996003,2328.063806330767,346.60568010660086,2539.8593533402272,140.42880652355402,-15.991378640359772,-116.63722383457302,135.05985674814332,0.0
58,-1101.8922913910712,1324.2704627337996,-463.51919469540906,-1598.766948635247,148.0136730752354,-17.96023018043342,-105.88708567386256,128.29202453359227,0.0
59,57.713327597890405,-356.92552066665263,-113.86865576824178,-232.23653754202084,148.0126600949584,-21.535141683245456,-110.49157599706199,130.1196432624998,0.0
60,356.62835392685236,298.53197864394457,-892.5421873325515,-383.2372194211862,144.52448993030313,-19.562020130161716,-110.47675970670437,134.80973681969158,0.0
61,360.03356043972104,876.2495288710818,251.60806062614205,978.5753580289577,156.84240664579508,-10.699649611098117,-94.89351894366615,133.08253042820158,0.0
62,-551.5027260760097,1425.0484105155183,-1559.976668130829,-865.5759957550064,146.51422364638012,-11.078169420744302,-106.90346996655597,138.6529329696748,0.0
63,407.2965671716774,-1104.1759022623671,-2736.776918814007,-1079.3545121881618,146.3860388728905,-18.74190897022811,-104.73142158158579,138.8661570195079,0.0
64,-1132.6859556164868,411.780086349782,-1382.8475598531372,-1116.4567420620087,152.06242450732324,-10.617549485218909,-102.64236308284633,127.873674899048,0.0
65,-352.3530955891993,1466.8840160024909,400.6226370225053,-329.1186724242714,148.64156108000617,-14.28895910465987,-101.49815598286901,134.75854478590833,0.0
66,-681.7035448587255,-204.5684362345736,-2238.8307220423007,-341.74457024236443,150.13220656792953,-14.84492000168222,-102.63918679022157,129.74121003459575,0.0
67,-1503.4021221207388,559.1917626629307,-1301.6886850512237,-1957.7280329029777,152.21330148233716,-16.310470582619224,-99.19690185207001,127.63961636138939,0.0
68,881.6530069820955,887.2546545663378,-1879.3405812227957,232.95442526766254,145.37190363329069,-14.627955987958558,-109.32445855596586,134.45503612476665,0.0
69,-575.8740150549963,622.0395872539317,-256.76403427855263,-396.191923698348,153.3858940481194,-19.011534328932207,-98.78619430993061,126.10291027678605,0.0
70,-224.83202017014216,107.08840675160592,481.4861414272055,699.3498342663157,155.6895728797105,-16.132352072765894,-100.80542881238802,127.80094375230611,0.0
71,-753.7190124325992,-148.02942082840877,-2181.4328299470244,-514.0045978884585,156.3559633849842,-16.614662466325985,-100.47669333405952,125.16817770054357,0.0
72,-361.5771759284579,422.35683733235453,4.132632738399367,68.8786182664869,149.85305188034786,-20.834307656467598,-101.31144799762214,137.00660698879184,0.0
73,-297.9697076133789,1646.238888777342,910.7469095485969,-233.9318074696646,161.89447839499087,-15.36109131536414,-97.17099041006725,117.64179684195759,0.0
74,100.14249866653803,336.9217352213664,-1313.0414833736136,-161.9872474054331,159.6471983528092,-15.542400155111565,-98.47961253112992,122.96591243018855,0.0
75,880.2604725005347,1121.227960561977,1394.9046644058371,2247.2395902772564,160.29879498172232,-17.883931194373748,-105.87150296547624,128.82850299404944,0.0
76,-830.5684751613238,1858.3928378968067,-883.6033767819667,-1465.1939564719094,140.60348990764672,-18.328725722864966,-109.57212365665133,135.67969658992993,0.0
77,-619.2341011765849,348.1065897006162,-687.3500021604442,-335.73866587535804,158.28959566863398,-18.395783091421347,-102.10565062647045,129.2509535219636,0.0
78,807.4725302992815,-1192.5839949464153,-1210.793803079033,-373.3621763120422,149.10071110117474,-16.573653159398024,-107.40537741988005,131.51608000541245,0.0
79,2824.299804614361,2503.65948329783,843.2936321593044,2553.9030394936804,151.08770725003683,-22.197241029818173,-102.08422882801378,140.63626500587398,0.0
80,-199.9884574492584,488.5139944397053,-1637.0753672810142,-311.53646871126824,153.8100049342074,-13.97197571237389,-107.28993453326397,130.7427998841931,0.0
81,-1977.4105651926643,428.388575164848,-3510.1503043303737,-2851.121208714254,156.14833039774288,-15.320970741471768,-93.56144394731442,116.0887820878406,0.0
82,-1273.176953974696,1230.158813119746,-1568.023778897983,-2044.0549238255574,154.25041572364452,-17.47155256742471,-107.08104900876224,130.03576721415575,0.0
83,-663.5844738712261,-103.80880053100769,-3202.2696377312113,-1035.7224525929325,147.448417002559,-15.688482460629375,-107.5973333178821,135.9986259711257,0.0
84,-121.59770289351744,671.2825301874226,220.87129460408215,400.9576381311531,147.6983629795457,-20.989086385494932,-100.51733016015709,128.53203965542934,0.0
85,-187.856914488494,872.3674091510136,-35.11093511622515,209.22038229559362,152.66183277872165,-17.258802408802765,-104.9236393235722,149.0103311221514,0.0
86,-2270.4422183136817,-311.20512774738717,-1563.8548217255652,-2731.8613081612516,147.17529632134625,-19.96797103258986,-110.50558602786187,136.50934163020275,0.0
87,-379.55707056737043,-326.6978166855636,-690.3335000433028,428.932809300669,148.4667563077262,-14.735803419176001,-114.63162824502902,129.89132016252475,0.0
88,1352.4963016640309,-175.2449348669661,907.9475525405298,1845.8253017064187,156.02349699236723,-7.60945737440519,-111.05955586066568,132.48300553375984,0.0
89,-738.1150824003685,2142.5865640265233,-836.7106843621464,-1449.0320652461357,151.98747690185795,-21.594307997941343,-96.83942989874272,135.94405817952597,0.0
90,-22.221811188125663,787.4916280940647,-1902.5392161896284,13.689945389905212,153.25907902251234,-12.485945537233839,-103.89398793466408,130.7009767999474,0.0
91,-938.341933475761,153.46028021728813,-2616.645004979432,-1033.001189575421,152.2160403975134,-17.053759715965313,-99.81575274545209,116.39670491345326,0.0
92,2334.1615942537364,328.9148269092556,1987.8753852730408,2947.997256028638,141.06551227650675,-18.357729339830303,-109.3209115857603,133.45473942566662,0.0
93,1486.4304088799292,740.1263511506758,-879.4442743730269,522.3178464303962,154.08698923735145,-19.392232615456198,-107.71398032438759,129.8738107395159,0.0
94,2204.025870690224,1155.7717513098266,-283.83517300205665,1928.8784673831344,154.98086871550873,-15.5965223809602,-96.1871320130984,126.3611441468174,0.0
95,98.49129348564064,1049.1217051873512,1024.396984754018,543.6217831976005,159.6643127331538,-19.530241773769816,-99.61913435861551,124.20636934684819,0.0
96,173.95703278182108,1764.0334634938822,-1197.458808797951,100.15790188798228,144.5005070108757,-15.670485012773085,-114.4182010332339,133.8202392411304,0.0
97,-1167.456034687163,51.9880053358731,-1767.3528146250965,-1101.974973726735,153.55260684810145,-21.529661436643323,-94.08057776829855,126.10375570912872,0.0
98,-1184.6972118068472,-121.65547990223178,-1064.841263892472,-874.3487229234505,151.53228395002444,-14.185394784898666,-108.88032416153263,127.24793608806058,0.0
99,1446.3620591127349,2141.7114524674002,114.14699378921391,1232.1558891356674,150.36034628525545,-16.231306577690372,-104.87470091379855,138.80625907026763,0.0
100,-1051.2617853285751,355.15326038949337,-1990.2826428943786,-1147.658263948106,153.07204918324226,-16.196695695625507,-108.93191811385316,126.5978435153893,0.0
101,408.92239604280115,3748.491105775484,-1014.0403370631899,1942.6475385116853,158.95399507594243,-14.631848808474498,-93.35370267192638,127.64812937270408,0.0
102,1321.5835024115054,1083.8961591113882,-2074.507948571852,-187.19907554566538,155.1454083660642,-16.786810247519014,-97.58023566540747,123.95233865955363,0.0
103,-2321.12854776417,-2006.9853800624805,-2547.886724514466,-1921.179160809298,151.317883905061,-11.966322238415732,-106.20637626265865,128.0345784639719,0.0
104,2137.002600672432,752.5414149911975,107.70287516383054,2033.1397219085443,143.3852099641363,-17.029712324127406,-112.38961509668006,135.68307428803377,0.0
105,-1073.4439096834833,-410.5295627232787,-1770.6431932647633,-762.242450791277,147.06104851306634,-22.166867006839247,-104.63457812405605,132.07385289579045,0.0
106,789.5509410738188,-1185.6163554237667,-14.078779701484079,960.0785505011299,147.9725261262287,-14.836851784745289,-108.37820715636767,133.25045672471734,0.0
107,-615.9433700134024,272.9746584756583,-2100.4231614566174,-857.7989600266274,145.74534309750152,-14.606748936039656,-109.69185878424523,129.55354065775427,0.0
108,167.3434049046115,-191.48199753643758,869.2274118356387,1483.7437290602443,151.58120058731538,-17.859332024057743,-97.90107012372776,128.86139825309613,0.0
109,1671.9186465750934,913.8552225116309,189.08923195330922,1936.7716302442568,158.59209201722658,-4.149789052167224,-100.11968817513639,127.78141910077218,0.0
110,1939.0027149662978,2594.5167204082104,402.8303032826672,2043.286289505188,147.91183805607977,-19.709638569630574,-106.80996584354718,135.37090817738002,0.0
111,-267.690410077731,-1072.545277724745,-362.4996880529665,-130.4591733028924,146.73900991911313,-17.6266455828537,-105.41591792624902,139.10463817420586,0.0
112,473.13210059702385,189.5004143685608,-88.62893700354874,1519.8492464174249,155.7294839067745,-20.539689591579403,-97.05613605008759,126.89345701279436,0.0
113,-752.8303450396396,-312.43094149931557,-2619.2954896264414,-93.13366174505597,161.17216605746896,-13.33471807184318,-89.0314263245641,113.96411676539054,0.0
114,-316.76122183423826,735.8417170586793,2664.5065988337187,385.21402137322355,152.12512872380654,-16.001874869046016,-107.94350219551175,125.97336952010319,0.0
115,1441.5008393180992,416.9687170571316,1325.298165066481,1868.6927778908637,145.78914866909602,-15.717982057632051,-109.65311402712439,137.90048590526945,0.0
116,1391.5214661418845,-64.90702159204221,-1157.2025417928737,254.00955285943922,158.24832663386138,-16.877855196025667,-90.84766380971593,107.50530789462493,0.0
117,1057.530197842013,-45.16272050904323,-383.36121887100654,852.8404170298453,143.58561428715365,-23.20531855545907,-111.55350703549212,141.22189980003415,0.0
118,-582.209854970686,1746.2267194062465,-641.3838334676068,-1001.6388108582835,150.14542181941812,-20.90334323390487,-95.85816155699068,125.0028023764694,0.0
119,2739.2154003543246,2531.578048382309,1052.1739263137679,2883.26101393327,150.51952867647867,-14.984527912524193,-107.16520625360148,136.09442665709918,0.0
120,1233.4520723662285,4973.4241191459405,-188.37135413189486,2981.2575466833796,153.10047955947567,-14.30914170037413,-107.64661637190986,141.63962887824806,0.0
121,875.4518189715268,216.7052927368134,-326.5707976525339,435.5096568974126,158.00579518075955,-13.083104108197317,-99.5449701753708,133.01856884593386,0.0
122,-856.0500996859121,889.0477601351104,264.2452240991954,-894.7402848463544,148.65150188049688,-19.92008936214806,-107.97289949001056,137.1370662306899,0.0
123,-1607.758360917166,1689.4119330777764,-2221.836542314772,-2888.9643176497234,164.66415092068334,-13.055223005134257,-94.46564162705042,115.20335997417595,0.0
124,571.50465317636,322.6703389156569,455.1661761776265,1853.9494227364728,156.16494805004092,-16.980594400110416,-97.73432580321365,116.0453179964616,0.0
125,872.1970514304908,-845.5191827618526,178.87178340962382,897.0900873822757,158.83155654644833,-12.919223673663625,-104.02132337507786,132.20353348414784,0.0
126,1251.9569335491217,-1676.5704593434377,267.9100243646701,904.772102281869,153.48125355489256,-18.584373278213256,-103.0951060622218,134.80526972911602,0.0
127,-517.8942961004174,-60.26928917270603,-595.3202758649404,155.9054826374301,153.59259206939737,-23.74871307596254,-103.78553394701365,130.5789312706436,0.0
128,812.5404101777042,3902.909286799688,-1647.9494011545246,1612.0968076174174,145.9505528286607,-14.416514679475886,-111.95993456011259,133.31076109614992,0.0
129,733.3115290535014,-259.5889726246375,-449.67986505122576,831.9879012821026,160.52210001479108,-12.682017853820394,-96.13107667883239,127.51836987977543,0.0
130,1692.809237223247,-39.219244367619076,-841.6605183663685,963.3845699980474,147.5769540331613,-17.973825060897468,-102.87184648695873,125.00330027253098,0.0
131,1604.9580047616496,2333.7509767268857,601.8005899974479,2404.0996414534825,156.68417834541685,-17.282015234301763,-101.8719838611268,129.46586469510603,0.0
132,-148.80579389516782,-1493.1736727010752,-662.4203034088803,476.44526941289666,150.5101837904424,-23.648815036815833,-102.88061234634866,131.585564597676,0.0
133,3797.296117171175,2371.888638154222,1129.0086837261888,3138.4501657561495,169.26887101865185,-14.209413874659255,-91.20754623173711,116.39974000039805,0.0
134,-390.1851339353405,1444.9977299417897,-301.7484170084319,-569.5511858218381,158.90066680036557,-9.268318403984072,-98.68814150804799,125.97498354955009,0.0
135,813.7185150582044,82.56549428467252,634.1077404852799,1425.4861491300128,148.85895990616,-21.407701862235363,-103.37162331916295,129.17421679125727,0.0
136,1723.4063946211213,2668.3480974472077,-481.11392688710885,1669.7609983332961,151.7245408112028,-16.29736315358575,-109.04330643661626,137.71375857219823,0.0
137,2022.2795251102175,4953.606374269903,758.8506200432726,3833.260970728956,157.20388120290258,-15.931295332238232,-93.8434344187851,119.79279656201109,0.0
138,1574.7314764817643,1117.4775478742056,1756.312495362513,2693.1717642191193,150.80640943940477,-14.981324537215382,-107.74138820284762,134.90025013388507,0.0
139,-2764.9772738942374,1333.7666446241099,-2829.5854438794854,-1181.0049059807732,143.2340280227791,-19.310279752674294,-98.49694415035003,124.39956130307773,0.0
140,-452.3296390669602,1130.3331059304173,-1115.690749042232,-607.6396707314723,144.859255276914,-24.833714636767283,-105.84153251360067,133.79122912170703,0.0
141,479.4988051605916,2601.6437579729845,-827.1592427417353,1641.0091157678748,150.64071048268104,-19.31838814541664,-103.37915394160325,131.4642958191115,0.0
142,157.12907426275476,1828.2370014022931,-772.8559490371341,1055.912627509768,146.52054036867517,-15.654641899016225,-107.65173967884444,132.9243598341181,0.0
143,-420.8346215473737,2251.3672762548263,-407.10427249733897,906.7186024613209,161.3958384799234,-14.045269984468602,-90.36600144379821,121.2960212178926,0.0
144,-537.3952751683386,545.7813859997278,-717.6812853947904,-273.4031695796072,163.95838009199508,-12.795333178662148,-91.35809949690126,119.54434258402273,0.0
145,966.5389170434398,1665.050328773346,1611.4412644200984,2147.1798940393355,147.90177464362208,-11.387901214827272,-104.71236737292921,134.81636188016745,0.0
146,-1068.241019725603,-178.27494981352336,-870.7389777889248,-731.7910149199915,154.99660769821656,-13.496039222364379,-96.22242860571413,121.17419452569833,0.0
147,647.1790515027379,1534.97451918749,-1857.2855908387987,843.3934705833774,150.91313048373522,-15.662628042907965,-110.32787664560159,132.1360376909362,0.0
148,-67.10666670240626,497.1562973507236,-1738.4565458586608,-252.73136574408173,151.51275752532578,-16.866554869449892,-103.13159875793862,126.63149067343305,0.0
149,-245.30949332175769,2432.110059092527,-2595.9831763108377,326.57102155174334,149.44691221005831,-17.373923875759793,-110.0197705868856,128.0652835063958,0.0
150,-762.0681288568765,1488.1781052339823,-1756.5980370164245,-1292.1768766106175,139.42757973252986,-15.498482098408106,-119.86799407938034,146.87045527069785,0.0
151,-884.8347045404172,-474.67454454164505,-2167.659736481665,-489.32736672362233,153.03135801945913,-17.82234187140273,-102.46559371448623,132.63251305231054,0.0
152,2153.6301241151195,4814.507128358527,884.3152849689343,3613.301051865362,159.8108108977518,-14.437175970387269,-101.17945862039544,119.61576870989855,0.0
153,-274.7403514634086,-3309.4663664681475,-1686.020499166737,-1554.8519152462795,155.67650918123667,-9.114232694252676,-98.44991115352242,123.12822963803453,0.0
154,-118.37948199612016,-692.0375531415292,-2701.955885413558,-383.48103379687944,153.77267413530274,-14.828919371648352,-97.1479381813218,125.37245021031849,0.0
155,1446.8319091957108,611.9920151062388,-1036.1020396365245,1020.4885834205111,151.74086535305258,-22.792504795860346,-105.50592403068983,124.23233377179851,0.0
156,-338.8926209212951,1522.6208125007254,-816.5424794571884,-470.40515666254305,154.36490223682833,-18.631277143083935,-100.76528953018779,125.24162687868085,0.0
157,1005.6253208900994,931.1229599490233,1504.164823179215,2151.908661146884,150.05478693047982,-18.78594157689598,-102.81122477458551,140.89017500911274,0.0
158,1380.4525690494136,1047.3139131730952,-1267.3326151977299,770.280057258753,153.31853804558983,-20.06076789256616,-101.3029849287076,130.7588089267643,0.0
159,-212.87709491725326,356.7925465732689,-833.8282805248905,394.73840628945925,147.8887470589887,-21.972355649151073,-111.67575807041173,132.62930116659658,0.0
160,-445.7386719631839,-226.72542127089358,-927.6008236158109,205.23939600208405,146.31814875866564,-19.86269081650361,-108.83099304191789,129.35790435829173,0.0
161,145.86709985750093,1531.174660732132,-475.0055604762054,161.28143458072475,156.1540910427314,-18.707677810434266,-98.287002258098,125.6276218642093,0.0
162,-809.4254905427559,1765.6999732923014,-1415.267997913493,-1319.0940595205063,148.4530446498769,-17.338264319576798,-102.0543445598957,137.05218926935916,0.0
163,-1207.9624242989967,458.45641046138195,-711.4326910041352,-1242.5944375704787,149.27696999577842,-14.59083292103442,-111.24948098499848,141.1623391974763,0.0
164,876.1486337850922,135.20836176102952,-1802.639475574786,-31.827851495510973,151.1118333441635,-16.79013287207611,-99.93644123909625,129.29742850434528,0.0
165,-264.81862181001026,394.8262671350448,707.4126957257226,387.5237933462256,152.85069415888591,-17.726755833197867,-103.47405162275516,126.82012545335147,0.0
166,-1479.3826018792922,1048.7109930856561,-1623.6713764642727,-228.10646213700034,151.46700573674983,-13.312091725378838,-114.29727658309218,141.122411956962,0.0
167,-562.1003656862244,7.12972389394253,-456.96764650494566,91.01202917570807,159.61272983977292,-16.583078752562102,-97.89723082183524,116.65639414509153,0.0
168,145.10821685924665,-229.09775035179365,151.8455770254041,1319.785315200934,154.3914652002663,-19.64901962825384,-104.72754661649955,126.80989789107278,0.0
169,262.5765798644774,449.6246676871737,-2009.652690641554,-118.86469955062395,151.29283118296595,-23.48346200767059,-96.27906187531411,119.60762538036583,0.0
170,1406.019080108232,71.90493415383553,-417.59275323863,1311.872697675722,153.73468183436856,-21.945124971562606,-100.83652120140331,128.06822882442046,0.0
171,-167.05627878740566,1836.6408574591594,984.2902608645738,-216.56918825798843,135.25628576081812,-13.53349832406836,-131.03176109893613,147.26764969566665,0.0
172,-1691.412608137628,1093.51584246616,-3091.9425474894533,-2567.989891838896,155.70540106410317,-13.459980478874451,-109.72856487638488,140.0557911091065,0.0
173,353.44735213203666,78.88171989683033,1564.5229954019521,1685.3972392729072,147.42266558858356,-15.485070948248882,-113.73730569197396,135.57370920960693,0.0
174,773.5592238325017,1167.1463738084444,-77.45050306377384,1614.562028570977,148.25353350311005,-17.362857192052356,-112.07237375908628,136.3475531388166,0.0
175,372.2616871741256,703.2352061256181,-612.8700100276727,971.3590698093014,152.96034295931852,-15.684260246989131,-106.07570607602017,130.54028644705693,0.0
176,-1521.8055335684917,-61.54092505954105,-303.96597229063303,-1272.4678122077112,157.98671932020642,-19.565853267666505,-99.33896665509738,128.02002640430686,0.0
177,-1072.3789432543251,-2617.4400683108106,-3283.533417349896,-2756.6590401697617,153.28075482295046,-19.27659743226769,-95.93720255405282,132.7493449192547,0.0
178,-43.05080187627324,643.7679965118431,-1305.1278430500884,405.04356022546614,162.60311208899603,-8.033685989922091,-93.09343676938053,120.36946106652411,0.0
179,375.7910040588706,-178.74395667239753,648.1820864565278,1802.6363613363442,158.9548139527194,-9.431557305531987,-97.33483059843199,126.51804238352143,0.0
180,-1275.904281950391,641.8021291387656,-1527.2436611099113,-628.8108286585692,164.1935281082811,-17.22839610228882,-92.44521932229117,126.16798087820143,0.0
181,76.14350651939566,2225.171188093354,1550.4758211023054,172.54873588757368,151.1883627376345,-15.91812479097114,-110.32757262023127,136.37750551196564,0.0
182,-1223.8840776791822,932.1904763708417,-1853.161101888906,-1710.109371278774,154.8076814583496,-11.307924789821197,-103.89980993455168,128.45108149264985,0.0
183,-202.5376913130973,-447.3882103614794,1053.5332209739565,1054.50116526934,158.92781436971637,-15.799484315133038,-94.90642652904306,127.43173813325359,0.0
184,309.2388236281125,1284.8222987024315,-906.1186029465446,335.5193429899197,152.4083055662022,-21.203448347867205,-107.36294602682455,128.86566959497125,0.0
185,-848.3480359000364,1397.2715432375414,368.00849602458754,-957.0070658646393,151.75320615659436,-7.787006466665588,-109.09632528435559,140.90428420084123,0.0
186,-1053.6683344350815,285.8452174969549,-472.0088244490803,-1123.0672980500394,151.384680184128,-20.594881321247016,-108.95553834573329,134.4599177082332,0.0
187,-1573.263822021077,228.8439438993298,-2339.1012976436123,-1956.7191690584395,160.0371905631984,-14.500157403261097,-95.93157110024093,122.74245410436257,0.0
188,-1232.831048645314,1532.9658558216265,-522.8530355946255,-1820.5874327454512,155.4547326244548,-15.193031502492024,-99.23286928594416,128.94930619829597,0.0
189,-179.12750342812652,-2945.1246645677365,-52.00599678566418,-561.6454533754859,155.61004387907374,-16.04675032146874,-91.4856552444924,119.42934249200533,0.0
190,-1325.755651258353,2121.140450243733,-849.6061975292855,-2452.157995445058,145.3438004043996,-11.721197771985743,-102.69511948952155,133.54380740100706,0.0
191,-890.8536877243315,521.0566920662052,-1739.3937116698996,-843.9065016257109,141.58693159883242,-16.656301214531787,-105.33775088121128,130.43109016277603,0.0
192,-19.480357419676775,411.3424358223766,-245.83966664224104,583.8285662157584,152.62679670469663,-12.382096558769845,-105.38727091738829,135.01290773786832,0.0
193,1046.2751870595216,2043.874973736608,-1314.5437654617508,776.1589909159011,156.07930591410604,-13.286177134249959,-100.25815701408594,129.7322011305596,0.0
194,-300.8749551442312,211.896191602441,-1128.1463706278405,221.94465132053116,158.8514265316849,-16.87182962543791,-94.63435037223866,128.18995949066723,0.0
195,1518.3660404217287,1014.1207489175528,16.178157757707567,1269.6651982674086,153.47836072650037,-10.884518298128238,-105.185876879293,132.20717241114662,0.0
196,820.7412582023794,-2306.6528232198893,175.55404931545664,215.53677229905065,154.59297137976586,-15.740475600518753,-102.70394021930694,128.45547349588563,0.0
197,-996.1880511459053,1606.2236703696824,-215.2791556134289,-1475.6587877398467,152.56052147637888,-13.781161677144802,-106.15554145419286,131.18717658884566,0.0
198,-1843.3984239950923,699.7687126438265,-2748.105804734399,-2657.1064500797233,160.38509193491828,-11.256161344952096,-95.27273289543417,123.05475127286645,0.0
199,504.7478273455669,2149.811190344782,375.52165612386665,577.9004353499937,149.13569517932675,-30.2057556377764,-100.08991199848329,128.33652127825573,0.0
200,1880.9657517703324,1683.0778576808473,-89.65944519415729,2848.4846518373497,149.35680289090163,-11.589593891883881,-108.35419846737202,148.63430657109313,0.0
201,-1258.7516750311229,900.4246531760213,-1106.1374649429104,-1643.2799829451844,146.51246324462178,-10.393126813740835,-113.32430860293589,148.5333030210593,0.0
202,-1046.6100549423877,1061.3632938083624,-2384.153341142167,-1515.4879535424832,156.69553544640792,-18.22574562683956,-102.46860268742013,135.8439756943574,0.0
203,1141.6178338013767,1174.5568114211171,-284.7822270913664,1117.5949785797734,150.9680354702385,-24.67164857388424,-103.67086155873824,138.93620754975476,0.0
204,842.9424324972504,2788.3428066266197,-1154.8016407522705,1781.9517597750978,155.95332732056536,-19.951096159893567,-96.24105267965217,124.9577421878526,0.0
205,-1830.8065212037673,426.0133643930197,-1682.5035754442447,-2272.2824671086596,145.18390188116462,-15.725865433981657,-115.24857912011564,130.6578611643916,0.0
206,183.93291661774956,2639.946195590721,-581.4665090321196,1805.261870194667,152.57088802235614,-14.15421733025568,-106.17545658535246,134.42025045906726,0.0
207,1323.019604068559,1599.1737418144085,-1682.7376212713284,609.9372253636553,157.19756300939684,-16.631678258920886,-97.12086235624463,123.68880068541293,0.0
208,-604.0851861838674,16.464923806269226,-2148.0946592077544,-810.7500817432074,154.44907479912743,-19.055672577832958,-109.20317979931265,128.94619651489796,0.0
209,2192.6407784944986,-4380.798611984178,-827.6274313938588,-538.7702143779491,154.61269078362417,-7.816743788160958,-103.01677337534795,132.05867806610323,0.0
210,142.05799978037626,3272.9932612812377,287.982786462176,2146.3462738647236,152.43698707641892,-14.549123611957004,-103.04304355592146,133.0597569331218,0.0
211,1635.6974141715145,976.3966207947915,407.25743987116954,1881.0656692446264,153.9176779062284,-13.219800120935261,-97.68326503372673,124.58163904678898,0.0
212,-809.9226859524209,1109.6123065619015,-375.7068636811857,-1035.7374340120098,149.6614776966731,-11.662374665254884,-92.91380875749878,122.90383898444418,0.0
213,2205.802410293037,1985.3008831258337,229.97416527119725,1364.9570403013304,150.85238164235963,-15.205278120652821,-101.74471288436511,127.10530223416977,0.0
214,3274.666476900508,13.164390332868637,113.25853847462626,1113.3050369814684,159.147005270614,-11.413505988666282,-96.75556038016933,122.49446537052025,0.0
215,1757.878444474059,-1680.7920216450113,-7.960632475457996,969.1449874665865,145.36792103561115,-21.076907972081717,-111.11562140723548,143.21180469229992,0.0
216,-615.563928617669,358.81572203788437,-1362.575486528817,-477.56863595022,143.353027429508,-16.097542459190155,-107.65041924623803,127.83825962201348,0.0
217,539.4447012088227,2699.8566116710385,-1166.342987458426,671.7736720427449,163.36973782683003,-19.11685961352922,-97.76340763811935,134.41301890799528,0.0
218,-1351.7857437939895,-472.83249752985313,-1237.685839555757,-1096.240580028062,151.6727513755152,-23.153044015577247,-102.49196993249839,139.73724620762115,0.0
219,-1011.4390317169981,72.53286922198474,-639.7233415502457,-823.0787829685439,165.094871510686,-10.69256020584212,-94.18835272046638,125.28691004540117,0.0
220,-375.83166825264357,-427.7920313713956,-1055.4777216755824,430.84065694957025,161.5395101256263,-16.708905364056825,-99.68457368053427,123.36223376304008,0.0
221,-938.5094085794194,129.39891040700638,-1975.2779389262055,-1035.4226625433982,145.9573477488347,-17.987379340875226,-109.17819928564694,137.58806978452293,0.0
222,-1545.089225691541,315.6644795692905,-2415.301652356839,-2083.4845952990513,152.8675267009222,-15.991618814283846,-96.80606560004051,121.16680767558304,0.0
223,2231.5458932280426,218.06731643744598,-201.58102354334343,1274.9190716902986,158.13091066955553,-14.98231756022998,-97.58223761336659,132.46119215358038,0.0
224,274.3086470359952,-739.1104421115954,-1522.5571790367533,-970.7637602963079,152.1378329715923,-11.327469485418824,-101.30606179010492,134.27781788558295,0.0
225,2189.1050924146293,898.2448808598807,-408.5853182834893,1735.9495548805487,136.14382389410594,-27.118386933118067,-117.31680361933935,144.95353908831964,0.0
226,-1191.362472512644,53.499446322574165,-651.772254738818,-1089.6997304447725,150.26069300651773,-13.086424829078265,-107.5413438217597,129.00606347876632,0.0
227,2053.2250487153806,-1140.2760036596012,270.99158513553704,1540.5710008155447,161.3755296845428,-11.757041467338711,-96.29198981617566,124.05593807660173,0.0
228,-1438.0144337171362,200.18756897639372,-2452.005902325093,-1747.8709658582964,140.9122737522874,-12.360139955639244,-119.8424244134441,140.07150344633914,0.0
229,-166.47528897718388,549.1779054279335,-216.04872861827693,339.12602775902525,155.53958578809468,-11.043010029277777,-104.16257234837794,126.34742488948699,0.0
230,-1087.4151085631613,1628.518285885385,-750.6809973677498,-1893.4996558454714,151.51698113178912,-12.55118822160931,-100.88302044194096,125.36889615913763,0.0
231,-12.601102067720094,488.5453505606758,861.9896807473056,841.8282890736675,148.96136154825527,-11.136169101257607,-108.27532008694409,136.98441048382733,0.0
232,-2453.4089884255104,-789.3546404159965,-2033.6609390758426,-1533.9969504629667,160.9482810009956,-12.992533911999692,-89.70531188410287,116.64210439850059,0.0
233,1746.1469962430285,698.9649724681234,-446.34803962766404,893.3237858827209,147.6323352258373,-15.615132375033781,-111.0948139916751,130.60501446574082,0.0
234,1959.7178340456396,1292.9697821308498,-1172.060255610183,1341.415105028586,156.46975290716722,-17.533151486653246,-97.6648413322268,130.23182801900262,0.0
235,-1098.156031733375,1322.4480947274537,-666.1217785618973,-1465.7075665090838,162.19833413136067,-11.516513588889415,-94.81012282053236,122.65887277206717,0.0
236,-1341.7363730164527,1681.7523719684368,-225.23227055425173,-2121.9853714901533,165.46562695643902,-11.182917425065714,-91.24862981277485,116.9533939378256,0.0
237,1975.4185142612168,1807.6199748393276,-1858.4219043969883,1487.6663787082502,157.8016860140492,-11.654681061860583,-102.47000467387076,130.6962414154462,0.0
238,2633.3539651605734,3208.9825137251783,381.3146921620237,2802.9959700141494,160.60000953196626,-9.273442718840782,-98.48181581099053,126.45678872349667,0.0
239,-631.4616510603813,909.8020396192616,-461.1589283377819,-561.2117179586575,140.23154816134297,-15.063139483981404,-115.27598108461692,136.6421715032813,0.0
240,-680.7769937697361,1011.0390516719517,-1188.409400830247,-779.1526410401765,159.3577363549271,-11.774290250037836,-103.26150013049168,126.01491222872016,0.0
241,1231.1157971393986,3924.3864374143523,-483.2861392019649,1700.235560791512,158.06899943152757,-18.793138175930846,-98.33139567819161,132.83107338561723,0.0
242,-705.7325597971698,796.3613139700999,63.647554299989906,-525.7469904352015,140.93828362510604,-21.917027837498093,-106.43107570487,134.61671335106365,0.0
243,-1325.083956521207,1751.77394719069,-1382.6801497045376,-2281.006701736173,144.3615636596982,-21.06819588918081,-113.82061350553788,144.24561127878445,0.0
244,-627.3761888780504,1709.9380330093115,-238.4078480305122,-970.9962524681077,150.50602367045641,-17.348293803585957,-103.91123698996782,134.3442070042096,0.0
245,-271.8987916226316,1295.2657404471386,581.0740944512231,-158.62853902462487,147.23471002565267,-18.71344806352522,-112.08395726855572,124.37353353671453,0.0
246,496.0249050313681,-762.802250507172,-183.2815262793399,178.33527663334138,148.56500077957512,-19.91826453681562,-97.27756150761525,128.4737474532806,0.0
247,-419.51207667266544,2123.330195126181,-1678.2621493315994,857.5889649564491,152.89040891658055,-12.011899347109967,-106.47759844923955,137.48147022618537,0.0
248,-852.5267828175614,878.1526858584702,-1397.13461208891,-448.151815166112,150.7466011473235,-12.590539352055766,-106.25541173176624,124.64207053238799,0.0
249,-416.1869111257814,2171.1152938572727,-2803.588623306457,-316.35084687888383,152.16775366948886,-15.393507958400487,-98.26406135621502,127.93180228435408,0.0
250,-737.6928628283783,-1.8033163881996606,-2911.994068316521,-1791.7036166050834,154.36601029586743,-15.314601098197384,-91.13566483086416,121.89613159256677,0.0
251,612.4719905256349,1221.5912338912294,265.7372550257479,1945.3221696210105,142.04625852062756,-20.327996468277828,-105.01112040666862,133.01828887169563,0.0
252,2730.705666261066,-2.3806442627140822,66.65672909461911,1120.6246058445433,154.8061961188987,-16.984375068945536,-108.39405776048618,129.95811762443702,0.0
253,908.053132696779,2513.962292947694,-1304.2511377213236,817.6340216661457,144.07444662745164,-18.28737710939165,-110.97765287094995,130.92689038217412,0.0
254,-705.9044902202164,-456.72107847625205,-793.6918516651917,-39.35870667782581,149.55862195326995,-12.994621496502438,-108.60261612862423,136.85609687523223,0.0
255,-1948.8134108113745,1922.0194975137942,-817.021533639426,-3018.6651945653393,155.61101110216754,-16.55203457501154,-99.70545955120039,119.5053557840582,0.0
256,982.9166881285169,197.36584997363218,799.5632585489604,1927.7958580856152,153.8203553225475,-13.558207534881557,-101.44678650077182,128.73153797111695,0.0
257,1513.807824857826,3467.9540178724405,-1373.81035513672,1280.8824541787076,146.4531463377036,-13.417790193009155,-112.32375691344413,137.55360558298344,0.0
258,241.06870494475243,1640.533007448146,667.5932956961385,446.98320979181864,159.86596383842567,-9.177729178696556,-101.15140423440866,129.64831274993747,0.0
259,90.68886221222601,-6.346062560254284,-887.2437966485201,845.1649153834536,148.165947447469,-14.95761434219811,-109.66929589421477,134.68909105937382,0.0
260,-2341.5352725598586,1033.1447054429925,-1734.476806993181,-3465.8620919080663,148.95971826551778,-18.93162593865843,-114.96239378173425,147.22893058030013,0.0
261,-1496.5792215717545,-313.91566501834944,-3802.863252828814,-1918.12542532612,159.89912922639837,-14.308656172271583,-97.31461588713957,122.40339006112173,0.0
262,736.8645495019325,4557.801572923904,-1005.4759044960058,1528.940747424354,145.81433672589293,-19.81224830425367,-114.14552491103541,136.1958251533138,0.0
263,-2566.8567424138832,851.1073767657498,-3013.740226999642,-1248.8667368345602,153.32208520539913,-12.092250279762702,-94.3698213830748,121.0215318419468,0.0
264,377.7483307798893,1920.5384584489364,-638.278423951134,884.8207251340247,147.36914057526917,-16.622724975608097,-105.99493771886969,139.61465844155845,0.0
265,-79.63650320641847,-1075.2335589640863,-600.4679085445275,13.915467756212397,156.84596165757955,-15.364931394349872,-102.5360664788851,123.46670318617385,0.0
266,-24.280409794561876,-443.3571766242278,26.13595191493243,1156.8943655530145,142.40708204750345,-18.89721555434902,-113.23840839062444,139.93386763924718,0.0
267,-732.1306337097368,640.6017644314285,-252.77225203624096,-490.4700006243463,161.58185308456305,-16.442402196445755,-90.6661036279818,120.11395759905258,0.0
268,-1133.4736612338309,1258.2345469738837,-1426.84563297377,-1695.725247909952,150.73882785613753,-18.249992683786974,-104.86931246469605,136.89224832451987,0.0
269,-1806.7780908444772,-719.3483062395837,-2055.269523025776,-533.8247490697305,144.90962737429086,-14.707616770911729,-109.48198402734977,137.4135024244927,0.0
270,-872.8150364186783,238.70756223552792,-843.1307695168822,492.19672931612666,144.0132364055373,-14.36725849020657,-108.67655496456348,125.88380993656568,0.0
271,-1047.7884410692568,1949.2824273209173,-1955.8015041758874,100.10504783053896,155.5699427651375,-14.609901556447547,-102.87468831655764,135.34805498821248,0.0
272,-354.36100627503873,2567.688656445971,-916.1975994533012,549.1670070793375,153.96957764277545,-21.162856983785534,-101.94297133201553,128.2010649030041,0.0
273,-372.0700429133856,1371.5187725662065,1050.3733076367384,-246.0399032135142,155.76662768483354,-15.660751032624162,-98.4701950591326,124.76293527181703,0.0
274,-395.7538528033508,485.7219368358378,515.4901653053777,144.27700631375856,149.70354508728101,-18.50321431763341,-105.0714041058723,131.19983449519043,0.0
275,823.3303058487812,-861.8542866087816,-1533.0164936551514,-392.7614734851719,148.49175174514988,-9.040703286951068,-107.84649077789896,128.2751548746999,0.0
276,222.4123084290789,2603.025466033634,-2077.3764286124115,779.0618462973109,153.84399485490982,-22.55997347255387,-89.54720304232711,113.27530678596253,0.0
277,1137.6263935890445,-1044.210568561373,1033.3900619670496,-644.4207593370758,149.10269647490023,-17.230916022216412,-102.35426960787217,136.87288101421453,0.0
278,1459.988901657943,1597.9946597657504,-917.196811092617,670.5438199440829,153.71432871652763,-18.78485457830305,-94.49844726627515,128.59901926468967,0.0
279,1273.4504628258826,1031.8709255476895,2034.0103160155668,2298.033861846882,148.8069212968143,-17.27819179603489,-109.42926806999276,133.80808807874766,0.0
280,1630.542031604888,-1372.3812561116274,764.2875839767621,1145.901516896547,148.91054012137056,-21.05627325551597,-114.88545855580317,141.29522952474994,0.0
281,-34.10348649573829,387.2045895409868,709.8858126311742,773.9256187226306,145.58262844723623,-13.585607306865407,-109.0871174865477,131.51449879423987,0.0
282,-417.7621071714029,221.77877544817824,-1226.680961496581,-356.9227846104099,145.89547318468664,-17.957880146334762,-108.94398186908269,135.4660542619613,0.0
283,309.92566768738106,1584.512911533097,501.84079209466086,611.2523500648966,155.7158839039035,-16.765094075458116,-99.55250062148967,118.9235027383954,0.0
284,-918.4983321753863,635.1730537174881,-887.3643591382665,-843.6027990081687,156.260780280868,-13.819147014058082,-101.11249875646202,118.1536401757144,0.0
285,-1498.190262439881,-711.407215910084,-3009.163553440457,-2180.1702184419646,156.6704739465946,-17.987924235215747,-109.6903467357596,133.46435106484924,0.0
286,1409.4534706195539,2152.476390305761,-853.2286545168861,1217.089919406457,150.4109078954932,-13.416462261849293,-110.28185970584772,131.56949216405343,0.0
287,-909.8162967166533,-331.7984064150867,-1138.5935251383416,-425.4134525171818,159.20777697420914,-18.047156459420158,-104.03402444824573,124.17176004787078,0.0
288,63.65028640659995,1672.662914414108,-326.6657227817207,-73.46924309234275,152.03238761724157,-20.16063415859085,-105.16670928387771,139.5742699376386,0.0
289,-8.705161141922279,435.48662990618254,133.6551390452834,488.96458265046124,154.71331180031183,-7.221568357549446,-104.99257073389876,131.35966235048565,0.0
290,-141.739018127108,250.00742693459733,838.6447386344458,730.1374104885685,146.8423860400602,-15.717335198153984,-110.8213568058101,141.2245111127671,0.0
291,-1526.2178874514661,1021.1738242169617,-2277.4294509684955,-2320.280342627033,145.40795852714467,-18.77814769457039,-102.03291718844073,130.6991830749668,0.0
292,-578.5299207059983,1559.7087014582364,-293.44714773504126,-780.0536383513331,145.3679022612565,-15.698171751328426,-106.54286380224157,134.2409977282325,0.0
293,-1214.3857870850832,1091.1791296570234,-18.775031467447544,-1474.204502714045,150.7188926027534,-18.31295180123172,-112.22676319112928,138.03190457943955,0.0
294,-197.99660737062104,-290.5070825733032,-1337.4781355986481,-313.3163503976862,150.8931297530385,-18.663892951620674,-100.15336383162062,122.38168774265702,0.0
295,2630.039095379693,-1289.6813680768787,-133.60844099085713,578.1089818233947,146.85346542083036,-21.57960029625744,-116.35972397448127,136.21454447546455,0.0
296,-443.7508001573461,-1169.6433116357928,-2254.099695208446,-998.3108027200439,153.1553597389807,-17.44004613268055,-102.07226548208776,128.41120519948984,0.0
297,-508.05506059009116,1606.2296964251323,-213.21614926351089,-789.2046512430168,147.2177921020765,-14.84721471745823,-109.21735407591173,131.85354459477887,0.0
298,-1160.4855032993157,-910.8498796857418,-2186.7710933821645,-994.9687489741161,143.36291535130306,-23.091278849998826,-114.73524532591496,135.78069287952127,0.0
299,-1207.6199249662861,133.95727150604003,-1599.3789128869034,-1286.3465371099524,159.39914441666687,-12.371607620353508,-90.92519940336516,114.53123388673728,0.0
300,-86.7761121597796,-18.291675103154002,-2715.2544941593496,-923.2475150224627,146.47850965638239,-16.760825664731094,-108.88785992855321,137.2774164756785,0.0
301,1577.474753171665,5843.467229660433,202.25116533613132,3455.124033835942,151.58241816488606,-9.39065263520942,-95.69570290811257,126.99747162735278,0.0
302,781.3070497302875,977.0263994866314,-1065.0680772155824,428.7162731766423,154.18924647232802,-13.198819786190215,-101.18329286193072,135.22094831499922,0.0
303,-337.76608814433325,335.10760486354206,-2309.877776678033,-388.71569531660356,154.28959823284197,-18.939104683750326,-98.81915923421198,130.00251254813134,0.0
304,734.8449624036982,1475.3123554161643,990.5219319829487,2230.725995372824,151.79788830111568,-10.285532470920826,-103.08211401813205,134.9967277484577,0.0
305,13.505189403230345,-732.0561214217355,-530.6954183886902,1262.2802202677253,148.39044654476402,-16.491773884289735,-109.16226485492541,125.05388298406056,0.0
306,-928.1655540416822,912.651060533232,141.0154152270482,-961.6097257062195,160.26116427116125,-17.266180590483508,-92.82219469525727,130.06762121237313,0.0
307,-490.32664656909964,277.90718260573783,-2038.2075784042427,-216.42672642140172,145.72897238041784,-15.785611491149632,-111.98603469695303,125.92482019891469,0.0
308,-1137.2385731811855,-491.672278900319,-1846.8719953777374,-823.3961506553081,150.2422698911004,-19.716369424514014,-102.24104333333925,123.33369444523095,0.0
309,-6.016465605496101,476.74254700809877,-411.6977790456476,633.5578393111947,154.1024400039372,-11.416915631785507,-108.2675810538251,130.0164384624934,0.0
310,-323.17935783962736,2942.1139987097454,-1264.863235251283,771.9339497588729,155.97314429141795,-12.924213432020064,-97.35490218171999,131.67290143889684,0.0
311,-802.451173300558,473.8673424451733,-2890.7276920060426,-986.4129057886153,144.3466253076766,-22.71194084034378,-111.9577523987338,136.34660683441098,0.0
312,967.1802969219813,-1489.1336281168856,-1337.0153430385105,125.54511559030136,154.2623559966663,-14.701412785433916,-112.36178984834773,136.54824017717945,0.0
313,58.164835819386255,1155.821255378616,373.39167551079373,389.53325742200457,157.61885365255964,-10.853013434280456,-92.35538188590698,120.34643601988397,0.0
314,1234.8148817990239,3282.4190351286293,-181.97145695905598,1815.7770862008404,153.0190544802623,-11.649740770066554,-104.64129518805498,132.67348078640174,0.0
315,1111.3500076498572,2418.5409778670664,-622.5834905826914,1741.0484423160553,150.58146672693442,-11.870431875839369,-98.8883706834635,124.85867684162474,0.0
316,-228.74363424817153,-861.599289943198,-745.8386685987768,1142.4337367980813,153.3307855680573,-16.226287260145664,-99.30192348853696,130.0598544863584,0.0
317,-757.7030110328222,198.09963091018332,-1100.8838713830276,-493.30895516457656,150.99768240101523,-9.4741052067144,-101.89946679690348,133.2265418596427,0.0
318,-1656.6629314496006,1060.4646857321438,-2208.7533153501854,-2467.022143658246,155.73812549459348,-14.95151390096506,-106.29094601334975,128.2413081661237,0.0
319,-502.5890293134938,1908.9858323067417,561.0613475996315,-700.2127898188495,150.3706245477393,-14.792273141958097,-107.59340751332542,138.48309646333814,0.0
320,1095.1581148593125,1989.2718336522953,-998.7553916092647,774.292517381423,157.72147537885462,-13.729609454124777,-107.16051885815355,132.47754578183006,0.0
321,1028.6086788280472,3120.8582195743975,-426.20702982865095,1904.5356551361403,145.4571522559676,-15.766381823627555,-114.51528638549848,145.04466887190793,0.0
322,51.60650021741204,863.6985772774917,-349.09491661700946,626.1942258219011,165.64626489290848,-15.948416654458562,-97.0633212195612,117.25793264427965,0.0
323,-127.49756612899621,752.7503660674425,766.5160492878965,428.10656317065764,148.04232541405676,-16.113777161693573,-105.75798339602515,134.84629725377238,0.0
324,-1456.7180237333362,-247.11932427298498,-1062.1544474679858,-1352.4853895124165,159.20631021429244,-12.67734199045425,-101.09533102137239,121.48401487421168,0.0
325,-1004.4859582859433,212.61713569834308,-2521.5429853705605,-821.4914183084043,159.70524074381083,-11.844951123570695,-102.60071118718507,128.72798197844992,0.0
326,-1735.149501830981,694.5825542148798,-517.4298853570134,-2032.8370331965336,156.84660851314243,-16.04309899961511,-101.70397186971094,125.7687860275675,0.0
327,2185.4835571964827,-445.5437935859181,721.0899797352616,1793.5106631850492,153.43921875776596,-10.812257234525193,-98.24706858899131,129.96406535129552,0.0
328,782.4647200855387,792.3692679303765,-21.534846210157433,1624.7015582220836,149.62075352970436,-13.900311070390376,-97.37426073941596,130.51561809328473,0.0
329,-930.3579444609849,450.0265080209055,-521.4120328917675,-847.3103843310006,161.91545308043388,-14.695998901034413,-91.4588762337368,131.2649810892357,0.0
330,-774.9041835342348,685.3060806406025,-2180.604413818626,-864.7761587651886,157.972417316239,-18.164195797317362,-105.26327106452959,131.036026797817,0.0
331,-63.78021536631675,33.52405880135938,-562.1812448495863,636.7233599301024,155.75713830785628,-9.290532916820634,-101.17395226014071,127.23403573266327,0.0
332,-77.1159497683039,435.05156489304784,-722.8104800754046,358.90776959154476,145.4465504239113,-17.051943644354626,-118.3660484569889,140.95601436377936,0.0
333,624.4723617536896,314.8593981247946,579.3304733139303,1668.036550226097,151.83881812190816,-9.923563502299679,-108.63660233007002,134.38548878353407,0.0
334,-651.9667850952194,2603.20942857964,-905.1632645637964,-1575.818905642145,157.71613611718038,-12.098358784760052,-96.27118678923122,127.94085817375219,0.0
335,1348.9364040569067,-370.7089810705091,602.7144393560209,1449.3848826810815,149.82634713284088,-19.406370268458396,-103.1395295270177,125.09329754203996,0.0
336,-1493.1541451944486,1075.9422470960399,-2899.157430053397,-1178.4573065601933,146.08132667562313,-12.383763862489815,-115.97766174526544,138.88447456104566,0.0
337,-190.4294003104699,1309.882955588301,-1777.0254854845434,-526.9356341759735,148.08227161787173,-15.411446720794661,-104.33050181955832,120.41436696213806,0.0
338,-313.5721278161501,-875.7314111079485,-2300.2885595992,-1486.3140596744088,148.322578605493,-22.02399502385043,-103.32653913596607,127.08637081052942,0.0
339,-189.82817048411843,1239.4592733015718,-263.83206877108734,-52.42988206929415,147.5567248990616,-15.184923294921655,-106.53260693726095,130.56148276536464,0.0
340,-727.3394149088693,940.6627626354572,400.20799927652956,-591.5806333764773,151.6471122812938,-20.186842862110673,-101.38253319582884,135.16283517322077,0.0
341,984.0936117584365,-2466.9396593446713,219.89938834255037,-304.9558047808248,152.41974893373683,-21.816410586671317,-100.8533074335023,127.70421520340258,0.0
342,-1640.7946937247361,150.21081120260834,-1044.9556649307588,-1755.4681024654174,153.27217984092965,-16.113297923723678,-105.9667294119471,131.82804418480583,0.0
343,903.9960010732265,198.9513812503402,-1740.897971730336,80.40170876107088,159.43561973377257,-12.55296680382614,-91.62897129727884,122.9581864934332,0.0
344,550.4887428635639,-1708.9350572252004,-1106.3529617487688,-527.3871961423026,153.1448129876626,-21.692039387202016,-94.67900587687188,125.65776656062015,0.0
345,-1524.9276981891874,1044.1589798959671,-1949.4003874968218,-2304.238973838974,153.23633791832896,-13.840208752318587,-103.17227630093964,130.73524823846444,0.0
346,1188.3324291363765,1075.6229214313312,-934.6699826692828,1138.547789151313,145.62142415313636,-21.320870137442263,-110.91391185915629,138.889749994227,0.0
347,-422.6016358249419,863.8485683320297,-492.515198774224,-325.91748015800187,144.0283533753495,-16.011843594720137,-116.67911932217561,137.9676133186652,0.0
348,2194.5024289285184,930.767324095161,707.1777021420544,2658.424532176343,148.6955024330246,-16.111585442801506,-108.21685812948007,132.43752559452727,0.0
349,-328.7793262960349,1799.3359556356995,-1880.6856403276236,18.62805878251499,155.64492549327153,-15.047006668010624,-104.45024995962085,117.36571626233808,0.0
350,-150.5311332142285,-14.978424731392659,-2337.590728090117,-515.5319199563688,146.02988275549092,-19.131658080144117,-104.99898583422039,131.73692655683598,0.0
351,2821.4724284429267,2285.0497999823187,987.7102232974005,2967.2766591782934,152.90241501166685,-17.145032659189287,-100.12523960773105,127.6073489185524,0.0
352,1457.8042075317699,750.064571441521,-289.33637429302377,1238.1084578002426,146.93891472937594,-15.908045279006144,-109.77374469193362,132.4348737220562,0.0
353,156.85242218599114,2546.0067519282466,-917.3660008147361,880.0458768830035,158.34691309158987,-16.67774646899358,-99.94119093668436,129.39718244250847,0.0
354,-210.27639389066624,614.1865694901777,1450.1065655243078,532.1389285811066,149.80478695122352,-18.680111894092526,-113.10957613630258,136.26828336752212,0.0
355,-491.6215116947012,951.848859404791,1119.1480625043841,-218.3865775060573,143.72205790494357,-17.445532430684203,-102.9150550961181,129.55204856893988,0.0
356,-419.0874421658755,930.1358621186397,-813.7373024739024,-381.93539299180213,151.41915326139787,-16.721605732644992,-113.40265210915537,135.1925029771948,0.0
357,178.6984688857986,-1492.676690855169,-1612.592466540848,-1024.266190254548,152.09660126076074,-15.07157430510436,-104.08548857706872,138.0010596559924,0.0
358,-1117.0441934473333,1107.4310186073458,-1810.2523134521327,-1744.3993398873924,153.96098462501487,-12.36280860921807,-98.31451308238465,131.9790124610931,0.0
359,2608.95303895221,563.9661505057694,276.98400035191344,1407.438312785574,150.19849564508672,-15.122960018560864,-103.56867505523276,131.38640371570267,0.0
360,-1002.7035668770536,-17.312399167575997,19.691198575323288,-566.0591324717922,152.0940610124053,-18.352988041684696,-102.58240108306492,133.190235231658,0.0
361,-614.4143981293828,289.86527166236806,-237.22874684093907,-352.0179181858289,144.67260985507914,-19.896015601567157,-113.21394418552806,131.98814811605058,0.0
362,1086.7202759900485,1329.4896324887964,-2261.570815569214,196.82323110842216,165.63544427796853,-16.42132000923222,-91.30690334254919,122.79408542194211,0.0
363,-1262.024744609271,-162.3228511330506,-3448.2979766757826,-1402.9283121319752,160.04250093472734,-12.950873097139425,-102.69681453753614,129.85243325524988,0.0
364,-115.95554447933807,-214.9857075776543,-775.6141623872777,-89.4123272784016,151.26707865611047,-13.78763339130884,-114.40144721874314,136.2399323292401,0.0
365,808.2093080299499,492.9747934463,1959.3905724403398,2002.876540578232,153.2009846065795,-14.35095831682905,-106.29743976476456,131.6795347880973,0.0
366,689.281804816713,1562.6495824585731,-76.88075896155885,1223.9736877046669,157.9132650021792,-13.684290678668116,-93.34973191752192,121.34313747424711,0.0
367,-41.9178944293692,-806.5866019635195,-1696.9690552515262,-143.76144256505566,162.87124718594848,-15.067207180624372,-96.07779759934363,125.12624049498609,0.0
368,2336.0740095737856,402.56537835359063,-432.05307942598233,1199.6492478499067,147.07003727396068,-17.302312394955422,-101.36518044814345,126.89712541510637,0.0
369,-1085.8738934622158,555.7482983283898,-935.9040605415072,-1194.5791805563433,151.09898637717876,-19.26179479504482,-104.11973464199501,120.5961966881097,0.0
370,-1673.3760380895956,1564.1305846517491,-1305.719036722614,-2714.9956993521128,147.16889183006046,-18.93892528038345,-106.52110225291406,132.49518763245234,0.0
371,821.7009415630819,1587.1735628432186,782.5808085048901,1487.0431506829345,151.80427733559097,-18.868104143123865,-101.21616997094984,127.76697989975722,0.0
372,-529.9081611979482,-1815.5919519114486,-1119.0377037992314,-723.7105610712481,152.91910880355022,-16.69367556437599,-93.30191573899407,126.42863370927557,0.0
373,-571.7500520542245,643.0427787348341,-760.6190755864576,460.33685382280544,152.83386496394857,-15.158799988198977,-109.09223023452658,131.5863361622951,0.0
374,-761.7716194038952,1582.8153231873334,-1314.6849530760458,-1277.7238208980668,157.9070881267828,-17.787048950815148,-103.21557893945277,122.69000571322265,0.0
375,-753.7276421417039,171.36296336581555,-510.40352026618274,-395.0036731378944,159.52376121845754,-17.37693976790993,-98.98500157269929,123.9490585811867,0.0
376,-1082.627495467077,755.6101269006479,-1865.4341474444213,233.35606160777857,142.48206125373642,-18.8562412651537,-107.84075385729818,135.70651695497548,0.0
377,1578.5253720702005,1687.8765122302755,-612.9028717930761,1610.2738470639538,159.33140578654428,-17.923892148809884,-100.79298238545726,120.68451585758152,0.0
378,955.3779474426814,-4091.526756967011,-1547.8338312173412,-1501.4223245878854,139.79353675135528,-14.392554592809494,-112.43054370902352,136.23675005520494,0.0
379,-801.6173099912825,-67.82346862076517,-868.3782698327301,-466.9514973012515,145.60983186707173,-14.972390191024838,-112.35759077021613,138.04382294530387,0.0
380,-2078.4896362923114,-973.3832698196885,-2290.4913005353687,-2182.539660825266,155.83473148759322,-9.102035231363498,-101.953743677091,124.20285659850597,0.0
381,-2373.197284391423,113.54949602898226,-2141.7878603789613,-2988.1486738071962,150.76149657479078,-21.59516515316935,-105.60655861050533,132.46525527179816,0.0
382,965.5211595698463,-933.7496048721113,-881.5114975973064,49.23298353988342,146.54851022974705,-12.47189563657734,-102.65665733830308,133.45284567985217,0.0
383,-1245.8888302209475,1218.2471466442948,-1967.06235112095,-1817.508034269235,143.6740868614408,-16.76975458366552,-111.09245861560319,139.73352052105858,0.0
384,340.8329398505468,3178.5544064784203,-1557.5260887163324,887.44422747074,161.15998628144493,-14.699141342069062,-92.58321306987233,117.41596494977682,0.0
385,-811.2166708438067,568.1662521887432,-534.8610721176341,-652.1571968112097,153.3304804561215,-12.476830811696917,-101.2915152223942,125.7542933653284,0.0
386,-848.0239524302634,648.1366847705801,-225.76260841253506,-809.9553004423921,157.64987534188208,-12.599791594448808,-92.36126087791857,118.1836549149124,0.0
387,-202.42573409139166,1686.4306291083353,972.5057121511427,-83.91077732938881,158.97798545732596,-14.877066462924896,-94.74401901416,128.93910042459459,0.0
388,4201.4237796921125,-202.40073646459842,2980.2823502101755,4202.893313770914,158.95470684383275,-17.82944924521526,-107.61900056017484,127.9766336979833,0.0
389,-705.7546066241614,7.826940144033834,-2602.7013594458285,-1395.6210984743925,161.4492494717127,-14.474060849858349,-90.6204499709417,114.83449343077693,0.0
390,1242.6303584372288,865.7344326304155,580.7544632290271,2238.3262301391755,143.42266719498508,-14.259574265344497,-110.581679800913,138.61220070285967,0.0
391,-1699.4951807774337,3079.0016941448403,-3562.988140961698,-1546.5402586651082,156.1003102103959,-12.25522008658367,-94.53154161302948,124.99531702617513,0.0
392,-722.592087444379,39.55103086704014,92.55092451635038,-172.09536078328998,146.76902068183347,-12.999172910291326,-100.5619108579782,127.02976906438124,0.0
393,915.6879585299698,1337.5817473252412,-2156.1371773988726,615.0515514757154,157.16994395901187,-14.551272723451985,-100.51084806154364,127.36645981402542,0.0
394,-487.39224304401506,2167.9313462722835,-90.88233219142452,-947.0553883953542,151.91451919586464,-13.845284431230091,-105.32187107735827,126.48762359492012,0.0
395,217.85909245213983,-1942.0330426206579,-1212.0921449050759,-781.8821697730759,154.19769071064917,-19.248396580664526,-101.96742601132894,131.24537354266718,0.0
396,-1503.9818250873604,-291.029671645902,-991.9630874959652,-127.65510693906556,153.90311545231742,-11.61503962509926,-107.21980170267305,126.96721044149328,0.0
397,2368.3955842979494,3205.5130198723455,1054.529744627159,3430.532077351588,151.5873406292439,-12.916807651763502,-106.05772969016486,128.85508713866614,0.0
398,-203.2560352568329,-79.55588810190322,-467.36666777826287,566.4302417929053,148.6465420528956,-20.363121857986485,-110.31363432371691,142.8294501612464,0.0
399,1269.796418424087,-2592.900559982327,-132.55304746021403,348.96222149326036,155.99466399720777,-11.143747642250112,-99.2647488570604,121.18902538554804,0.0
400,2016.5559053818936,2213.931369997269,-156.39065446622388,1917.8942045523747,151.18769891905535,-15.677329041197781,-106.25497123062456,128.38291845234824,0.0
401,-1774.9797961499344,881.1720826994452,-1654.0423165497,-2428.935754718475,152.08588800524282,-8.382571210976725,-110.96741102233251,132.5376883817441,0.0
402,-1305.1770726334814,-6.9507408402315285,-515.8369450047271,47.54062915201338,151.76097038748878,-15.798228516288978,-111.34674766480602,135.20239305498504,0.0
403,-359.300953299064,1229.5030546324074,35.30743627493287,-382.17291909438825,159.58318929808075,-16.32872827540864,-98.94900191679885,122.20818725704963,0.0
404,-1021.7367988590804,770.0044549590668,-394.8485142661994,-1078.7126843047083,152.4529086829158,-19.349177301475027,-121.18211552467147,136.68156708104488,0.0
405,-886.5289051358956,633.3036767091811,69.84991081855134,-843.5496243459658,152.13263013776915,-14.529794803892987,-100.49231771310525,130.04102583028478,0.0
406,-186.31596385936078,1447.0686785984387,-853.2407570027615,-170.1009284890669,149.13168370242667,-18.451726276201786,-102.45291642579268,128.02855118191738,0.0
407,-374.24318236765436,239.01487382421337,-285.19610791204457,154.32101645545788,151.91722180738336,-18.38745558053213,-103.62116537798936,122.23265181518413,0.0
408,-268.41585240650414,192.23886908228565,468.5179502240983,1253.9465783914095,157.56118024481862,-17.731404362117615,-101.54687038943399,128.18681341996202,0.0
409,1304.6592109568164,636.8421324207417,-1542.7622117792716,12.590286056248633,151.27496675307123,-14.900324764751971,-98.57680426268345,137.5780181633809,0.0
410,211.3707881195011,445.3658510081854,-738.3520034446271,558.7704926388549,164.98682237242264,-16.433504017018006,-87.57205236425622,115.6524456286146,0.0
411,-472.8367347065849,1391.9197103786807,-899.0833178555825,-692.6181012087345,135.95539609193526,-23.039180791104258,-122.84826488247954,153.5425766780981,0.0
412,-1280.176171655734,221.86101007165314,-3288.356813629603,-1559.5942348913175,157.20378270596566,-15.303742461126765,-97.79748349590432,121.45011318290095,0.0
413,-709.7163905915094,708.2141790347572,295.300340646256,-315.7427696127696,151.18697691831628,-11.97334335256331,-102.50180006712051,130.64328489207085,0.0
414,1550.863720132593,2665.768673863675,-89.78397752235601,1742.9514244697461,162.52550877613098,-18.40889367910644,-96.17447407947299,126.8214915520453,0.0
415,-341.1086847261709,2116.1184393831286,226.3399762940219,-676.6260543308714,137.78182830314697,-19.054867542220972,-113.65669927971265,137.24671650870286,0.0
416,902.6189460361426,4160.60396195453,-1370.4844976393683,1713.787166399957,160.25721202076255,-11.353326815019699,-96.29663372888207,112.85837390392312,0.0
417,-725.1714779376096,1375.672523217353,-760.74251739716,-1024.5546273405207,151.23076353142997,-18.83708715279555,-101.84261702815877,130.37853876931038,0.0
418,-992.4795217320651,154.5515339694313,-2021.5129414198152,-474.0218676447834,157.5462012046247,-15.21479518660492,-91.56658949348655,118.9785934421313,0.0
419,-448.98583160962903,-82.75238469890839,60.398501976533936,632.026458283939,155.4063072792822,-11.461397551684152,-99.880612639541,125.13251172245957,0.0
420,-1646.525393903871,638.7860040732688,-2056.5965777675037,-2256.219661011823,142.10691356615393,-20.231761634076324,-108.96518047748246,129.91833551448966,0.0
421,-1807.1776541186316,1690.4886350907348,-1314.9185607931336,-2874.627057891204,148.5326397722221,-14.28051957748045,-111.28595102621217,127.8260139727281,0.0
422,555.7908479714708,1671.3073245194144,-543.9372604963391,853.8726733528893,155.6116988667161,-15.92604293419513,-103.96851058060196,127.7745285757581,0.0
423,-80.00380180202431,-1694.0387420637153,-219.12199531437406,671.5401822452569,144.35747901670726,-17.488699388923113,-107.63925504969131,137.94777959512373,0.0
424,-1197.9887798395678,746.2667563715239,-1139.567925143639,-1376.4754895414019,162.4918221425415,-14.111888431989009,-94.48396570503391,120.5717259756278,0.0
425,-115.39419183429692,508.71795612375183,1542.2588970964082,628.2174608063814,151.1287595883532,-16.28154023490683,-106.46056309019319,133.3177253922504,0.0
426,-1536.0810724515184,523.2089339823312,-2196.6162213746,-1953.9238860520657,149.1939734290014,-12.217143447019174,-102.63529979925902,130.00735611354094,0.0
427,-793.6089536018688,198.8078524388183,-137.937918037245,-345.95864574534716,159.96645681875697,-19.95744546549518,-101.04172511316662,126.12369935529546,0.0
428,521.7268227228537,430.8154885095466,-359.96291715632947,841.3128277735716,149.76624287326237,-16.550151376125566,-110.19052558623575,138.51063402073305,0.0
429,361.45686415164323,-196.7185174840161,-120.87058706883762,1275.3647088276637,154.30388022058813,-8.057368116347373,-96.58890602657188,118.72791161417173,0.0
430,673.5686616492426,-577.7388185545749,948.3618712339157,1841.546317976725,154.35680708668187,-16.07353476428734,-104.06845682492494,127.44473536556264,0.0
431,-1092.6393338136495,-173.29385768795015,-834.5160115590623,-694.9533389063979,154.8249184485931,-18.359308511993945,-99.72122810375707,126.33281244277656,0.0
432,-748.2417573851653,-1522.5778393722896,-1213.3374106392605,-153.04690299161803,164.32031921698237,-17.706870412989538,-92.27663733709016,120.28809044411628,0.0
433,-921.3987634517761,901.4816472667007,-998.1259611416936,-1027.745155960825,142.95640208686234,-17.97093146758286,-116.79947787777903,148.0955653549445,0.0
434,-1457.8807661768221,-329.8669995671211,-900.4929341079728,5.094547074566447,146.43551861944863,-18.305849551374248,-112.2513130701487,130.2478048663723,0.0
435,-711.8732233579486,1537.250779018232,-1734.831011204996,111.0212567179664,155.19714643898658,-14.268923235392876,-105.66702041459628,144.2699258626358,0.0
436,431.93794094587065,1112.6124669538754,-980.2141470858245,706.5640017130636,163.28417223115238,-11.201431592547332,-100.1474599772981,124.18649155118517,0.0
437,546.7781900410678,4234.574101276017,-2098.4215477771754,995.198902264911,149.64837695533922,-15.147010809271077,-109.15571600076787,136.0309584749004,0.0
438,386.01499342675066,42.02444718138035,411.5692260057958,1517.5977623394344,154.46984207337883,-21.788903742338555,-104.3044986123634,138.84901822897106,0.0
439,-1113.2917834262987,-561.9098203179394,-2235.066597601734,-1214.9305497456035,153.61893579137833,-22.491465048359995,-95.38733093493144,125.14557047791824,0.0
440,985.2730590165737,1853.1218653986607,-907.6584265782227,1212.277701635207,160.09454424826072,-10.381508128242608,-94.0812874041901,115.85127042887765,0.0
441,-990.7893958068734,1236.6509736539522,-367.3866845262027,-1337.8614026899922,151.1203370321502,-9.92283602928245,-101.81587398487011,136.42576571919642,0.0
442,928.8294371612207,758.2751194691094,-336.06690534177824,1467.1046197365995,147.8589922184328,-12.887473147887603,-109.76215185471655,130.23413612300314,0.0
443,1057.3579596670731,3366.8243496027094,545.9049548021928,3125.3721168119214,148.58762556276855,-13.58939433753373,-98.73922775949906,130.62546082379257,0.0
444,1952.2811351649232,-972.9496896336269,-317.8776668655918,-167.76864294929368,162.49538461262006,-11.478685955126435,-100.53892358532042,123.73887846643882,0.0
445,129.26432594870533,592.2311016354764,85.28121834328549,835.2544006467424,150.47218597500012,-15.503769993013513,-103.43151402891606,136.31413597822078,0.0
446,2124.818822845946,2179.4936148743714,-1388.550326437762,1133.2995491167715,155.99152640228837,-11.773229671585522,-101.41594832659399,125.53021514011107,0.0
447,990.9035551449289,832.3360935926623,708.1341725162936,1741.0111758871833,153.20141569922478,-14.55697789551107,-104.3859146887923,131.57313720357425,0.0
448,-1017.9147136669916,1697.3981484820256,-934.3233443594544,-1643.1246942060457,152.8478350172715,-17.70781487266691,-104.81708357866064,130.31105006477927,0.0
449,9.49133116270129,1557.5221822941055,911.4723292389513,151.63275642419734,142.3121811181411,-13.354186228595873,-112.5934105642476,144.79316983846692,0.0
450,42.39454545600022,1052.1074563013267,545.7415162821001,563.9867567114012,162.21696669091665,-13.419465384461246,-99.29735780944044,126.97902850511242,0.0
451,-1751.1914741575847,-233.88017982268886,-2761.6705975606365,-1993.6254569211867,148.8173675292373,-15.859816671327344,-101.86723740140206,133.37829024745002,0.0
452,-1399.6182661709365,741.4474834145052,-1472.8633137420434,-1854.966875607705,149.6928384782523,-20.48768722257632,-112.37095273039995,143.72904929903018,0.0
453,617.7643999644079,559.6871995403507,1502.7008851186336,1799.9745590852247,150.94927622409415,-18.17492516808937,-104.12050530982353,127.88336713423263,0.0
454,2350.382559819115,1289.2804542789427,-1276.917837800377,660.5311488857606,147.3988456121558,-17.532263011703957,-114.6455614721875,148.27658188692672,0.0
455,2600.341258668507,2701.1998861197026,809.8696715082732,3434.419591460621,151.8616088684832,-17.049783987984426,-103.80773237792579,131.87933114905258,0.0
456,-1179.5342947446547,485.38970953890174,-1336.6367068598452,-1411.7245125190138,144.19660730541926,-20.563912336940888,-110.58486351898051,129.27834425148134,0.0
457,-338.1672775642213,921.1141291467477,-736.4498188922768,-175.95290114694188,148.403337679399,-13.330312614035558,-104.04655355392433,129.3957423506835,0.0
458,-646.9723690136422,230.71538045548178,-1383.8965323115522,-294.3444516567864,154.89713486085097,-20.954989030385324,-97.87148423468571,134.3617228611506,0.0
459,-613.048272655169,751.9635702053711,85.04271092733077,-293.86600753896516,148.64059312603743,-15.781590329947564,-108.94908758996819,137.63902807343254,0.0
460,545.190004550737,475.4163303603665,-1721.0649182659524,583.5101208512777,145.53373752532963,-14.165025259649191,-108.6193762080734,127.7175426497279,0.0
461,-90.68983266597667,-157.93316450983792,-114.45076385326313,511.4196813139404,153.6393275554816,-14.785548013503998,-100.0787435419154,129.76428238058213,0.0
462,-328.94844154078044,115.30385539130856,-755.6890083756173,206.48839531540133,151.82464558467356,-21.140434348656974,-113.24339931096854,134.0974223871216,0.0
463,-81.25063221622608,1660.6945989476978,176.4267304520089,-188.96542193020312,147.78352069718204,-16.822363533235638,-105.97732660985855,137.97295965565158,0.0
464,-377.26214785114826,1288.6219400445036,-695.8789620579565,-424.5110417611012,151.1449907514295,-21.761103448689248,-98.6588510918527,129.11309268385224,0.0
465,732.4721220741035,687.1878326305787,-1187.4299839494986,711.305052383166,161.5772018872072,-14.085536709215187,-93.24752372203726,123.42950654930479,0.0
466,-156.61067391295495,1383.9434195041483,-1475.5318733085458,144.80051145769997,158.26559695560658,-17.55303033354279,-109.45262175592082,138.4143812836576,0.0
467,-540.4097497443145,1427.1506828476563,-947.1494971162022,842.0370745963149,141.2309814983327,-17.447432699403358,-106.06710134257257,139.0081451401289,0.0
468,894.0991118368162,-649.3804046540216,-1919.835104088211,-262.1763385023412,155.87701775171004,-13.058563164082745,-105.79539095324147,129.98060168209025,0.0
469,-1296.154862107919,1543.6839335757786,-1553.8297581821448,-2060.9482515863583,149.91173789695736,-13.457174318901188,-98.23068073561873,136.40022943317558,0.0
470,46.32078442821258,-2068.463450939946,-2417.7675122290543,-1621.6226739608792,149.41788797075247,-16.17351459383655,-100.68539702715952,136.55117019840017,0.0
471,-907.6944002581974,586.2084531688972,-1033.7399678459374,-872.0319197317217,145.05274285430178,-16.510696317698272,-111.12921532671916,132.00579224468947,0.0
472,-875.5548541604059,2339.6730798753783,-1309.5471426925262,594.251981762657,138.5146262987866,-22.434837195134936,-119.85937531215097,142.36806627087753,0.0
473,-345.5097479524311,300.32098364481175,-701.3603011931535,193.53964703053197,152.9035138134738,-12.824584819281888,-99.80352582919429,126.37029382476274,0.0
474,-1379.730098676177,756.9565255583185,-2170.5145281102914,-1831.0454738750436,152.5675460565,-14.1737204803642,-108.38247528224072,141.3807094997894,0.0
475,-236.88077073248843,-303.75503207221175,-39.011449685265,791.0247232794915,157.08201999356814,-8.691141084295097,-99.64383001770899,121.68626158306805,0.0
476,1000.5749732715799,3731.435149705909,-455.79854324689006,1850.630557014395,143.79382080993938,-17.77025268928381,-110.39743024580666,148.0024000401117,0.0
477,9.195665505123996,169.13880449398846,-915.2278254440332,414.7645187620095,150.3214576546946,-16.8111804537915,-107.4434333316843,132.55121698189902,0.0
478,1526.223677922578,4401.7937488473035,659.9034961778461,3054.5848952734395,149.21161589186414,-22.594879629234896,-102.27873148684671,130.490273040777,0.0
479,2149.7479381622156,-52.24479527181484,-15.917152655803257,926.037483847323,158.82192291359604,-15.592618337640063,-98.72875749747938,121.1786397777022,0.0
480,1763.968389644379,1908.823099116853,-1740.7725383692712,1036.6294504100717,156.01494473150316,-13.821513938505564,-106.21739056903866,128.9035527135128,0.0
481,-67.46574999968638,691.951083071144,-518.7647886282575,274.73554117999,148.38053515346488,-12.186981745732727,-102.49868708975308,120.15153724037624,0.0
482,428.3413730892046,-512.0677529993817,-903.908848020067,190.93220368735572,149.33512585554294,-17.035381173015658,-108.43415667311646,137.3036981216405,0.0
483,210.43503359894373,-2252.012184839747,-366.13541523239235,-495.5052989594171,148.7842370234155,-18.497289646935272,-105.36881124624114,135.4603226538361,0.0
484,517.5289524983274,-1700.1352341381232,-1601.0034943760754,-910.4780608172427,156.3959936682528,-18.150107809509088,-96.93523774487956,124.22901757464045,0.0
485,-358.8103769496069,295.26471318175453,-699.3852072628071,63.811357597522665,141.48632799087147,-14.270432411430445,-110.64498185161979,131.1762312211242,0.0
486,1516.0300780030525,-233.03595775318635,337.89327919559054,852.659801861163,154.94981978471446,-13.245751306800576,-100.86844049860268,128.1959360335847,0.0
487,-1131.3929446914294,199.28479729279067,-96.00822741185392,-866.4563594619425,150.90169644144302,-18.815023740020965,-103.60584249597262,123.01388053147517,0.0
488,-468.8274489103797,462.24327142340263,215.2386701886199,102.88938076238391,148.1007602182177,-18.196625462087397,-104.5399962862247,128.33035681203276,0.0
489,-1553.7199633441924,2367.0728742405026,-2333.5188044580527,-3107.195294471145,147.1652590959605,-15.890671314052607,-115.0942674636451,138.65111559973877,0.0
490,-1317.2686661974826,1360.9306698997057,-842.9041090940731,-2056.5167267713323,140.62585374687126,-19.598927139430423,-115.35959974705182,136.16629427539618,0.0
491,1246.77839916394,-1356.506209189492,-962.1726483260261,860.0320965199377,159.59519217316932,-15.057356740497593,-94.53393644844371,126.4701170101439,0.0
492,-1312.2358768724334,1988.642888598917,-2014.3569841864698,111.58440351484114,151.22288317481147,-20.98532218540208,-98.20356385629721,130.44576052088198,0.0
493,-654.137162525104,1728.9140028642028,-1317.3816439350921,-1220.248376815293,155.92254733549203,-9.96420151018863,-95.68914822994043,127.952986689796,0.0
494,-159.78775271315735,957.8297136849944,735.1925797888011,288.3993302210335,150.93205393083224,-21.849191000555706,-99.16960328651011,119.75197755314939,0.0
495,-639.9312800083183,1474.822261111779,737.7184433946107,-770.0120525660898,146.9974303413271,-23.009016781986855,-107.70651977303149,140.00868272386833,0.0
496,-1452.9184262457215,1366.3085085785572,-964.1616797350393,-2208.0571661478325,149.35851274218746,-18.447087283467784,-101.63043823784169,128.9215734779588,0.0
497,-634.1725423175213,2091.716017929281,-1624.2594836157114,-8.9611093447566,153.00872507233487,-14.233842737445523,-103.6572561533978,134.9624668762374,0.0
498,677.5670641530586,1835.219139856881,-2284.4770938003867,231.88305389227176,148.51469474627757,-15.533661376148796,-105.89118502671711,134.44266351329864,0.0
499,514.6494605039971,-999.3585383927366,1159.5783516693675,1285.6016154994643,149.8902217161686,-9.57496611830086,-104.08331773481818,135.2844373668824,0.0
500,1318.9441994586405,772.3469093063594,-729.3015354087873,971.345285773308,148.91717434498264,-22.03136015516149,-109.1484795442889,145.63636507774348,0.0
501,-230.76227971920568,1254.4364358248736,99.04119699293781,-161.78608715272406,151.90423056361703,-18.193976333992605,-101.03495129294181,125.7614564588329,0.0
502,-1898.65323536667,669.3699651779359,-3824.682815121338,-2893.2960026008855,144.3019600697331,-18.153314207384312,-115.9625360329379,145.05218410493592,0.0
503,-780.5747782623366,-434.08048831585165,-37.598468861733046,-4.904450115478742,158.04398884057957,-19.373958625722253,-94.6980174057607,123.12727353716085,0.0
504,-969.8167286231148,-811.2746153580457,-529.4144093662048,-155.04273304383346,151.2972566543956,-12.36153493336563,-111.52627139154251,142.6348081575317,0.0
505,-361.7398152967096,1758.2457903694278,-1516.3566073075501,430.0053445715943,155.61462665789736,-20.39966805429625,-98.05795321281383,122.91440834293097,0.0
506,3654.903340849223,1213.7462768897583,1492.8703737654844,3059.39446475722,155.69291950898685,-15.391510903634458,-105.04110443349347,124.78951252219298,0.0
507,1538.987245641485,1801.6120060988928,-346.81168035384957,1345.1283935179383,147.49885569711057,-15.193557273770775,-108.67511383640858,132.3657626835974,0.0
508,-740.7160539249157,-2034.1157923851652,-369.12196461980704,-637.9380625828135,148.4540325464455,-14.20965578381597,-108.56764757276939,131.06474658223715,0.0
509,476.5020574318038,1690.946170116369,1349.7076588017164,927.7519787851653,149.34851726388104,-18.653268011751255,-104.42407459186968,136.18394660433407,0.0
510,1050.1329838003142,2909.602027035601,-425.10548342189867,2430.632293587916,146.55577458930316,-19.216423479797566,-114.72804743096222,136.20631818272815,0.0
511,-953.0501256708811,2012.5781925642107,-1131.8116892546825,514.585140440788,139.63212176435027,-28.43448584459029,-112.42550155304798,135.27701918238947,0.0
512,2139.787016336848,1162.091056536466,729.7747455836688,2273.0007252365385,152.89979338556807,-13.571583175769225,-106.16426047149447,134.69940090899223,0.0
513,-1127.4100969951041,1218.1626826459908,358.7888149102222,-1345.3568875652256,148.51092269047626,-15.55837034970309,-111.12298482858151,139.89302323046545,0.0
514,-187.25418325434032,-239.03249050629367,-1611.5666129494589,-287.62223447376647,145.71251196946002,-18.953464560980297,-108.83159282939931,143.22877987826527,0.0
515,-113.12680633379993,622.9706305121542,-382.08872610602697,351.6982028100695,150.5264478642371,-21.21698767632948,-107.89151387316585,130.2697767590217,0.0
516,-971.9518553888549,527.3446681477029,-743.7991255737116,-930.2071872816213,158.0395299858577,-15.726063859049805,-104.33344258903286,126.3277621128554,0.0
517,-806.5566970086804,304.55017869042365,-360.61773579479564,959.7041035823086,149.95180379653146,-11.586392501410716,-107.63256765140835,132.20100670793005,0.0
518,2336.378674607004,1287.0612620360462,190.96277084690743,1902.5953018514656,143.8296556916738,-19.598757135942314,-92.825921188688,128.56652131088651,0.0
519,-1066.795275229654,705.4713759873754,-924.8849442076013,-1234.7203601397155,156.11279289711507,-10.894715259694003,-98.06680835915047,116.64243799695481,0.0
520,-357.04790609113934,906.6396874909445,-1398.8698159931475,-234.75716218392455,157.94237465951286,-15.406668868384928,-101.55100414096059,139.92058570716594,0.0
521,-1080.420774721993,610.5813690622256,-985.2804027285894,-1130.9377998057844,144.72096175165538,-18.761845648650436,-109.846803586858,140.9296685152076,0.0
522,-55.083730957549434,1318.6260767818214,-667.7785267804693,1364.9076796705876,156.98475326195796,-10.630788159793434,-109.67509784217529,137.27914427083718,0.0
523,14.211781902346242,1582.2842098303693,-1332.5179988089728,-407.2308870545653,155.23706614064864,-11.299968876578504,-105.81565107755611,127.45862560047733,0.0
524,413.423480854424,58.07090815863253,1351.754488296199,1690.77869077388,160.30481203588826,-15.74313468913989,-94.96380040207781,129.6977366703663,0.0
525,-1109.9946864029337,1409.8628752834363,-1764.7590248368742,-1719.922241972635,155.75048355735655,-11.780397820095363,-93.1229755441466,128.74518325468014,0.0
526,100.7658748441199,200.92266337574827,1152.5691233078762,1504.1845313339588,153.43199107159595,-21.022479542595136,-103.23635472229367,127.55008833739306,0.0
527,-426.42869396972156,1195.6519344961598,456.51544078348115,-253.82622524116653,154.31701948253988,-17.920130596958472,-98.60091097294736,129.372025124607,0.0
528,1422.9437859583827,3000.607175335467,-285.3927591224908,2257.057396088719,146.92381777744072,-20.655422009009186,-108.42431393595083,134.01142727553423,0.0
529,-291.27386570206465,1035.557624356258,30.46555514650481,-119.49099374540279,149.66838556262562,-19.732206352885115,-104.93701060935472,136.400634928111,0.0
530,-306.27518604613846,745.6029487048921,1023.3407642266103,401.96140510911397,160.45818418095104,-13.956782437696535,-105.99925099329899,136.17176108465586,0.0
531,-1387.146913790964,1786.9811333907114,-848.7841129284265,-2178.7764478528507,144.40955221255723,-18.035305331360217,-111.21457428682297,140.54092740281004,0.0
532,-196.18395866139724,568.0749856493536,-1263.5769585996595,175.55293231092656,149.24066855198495,-17.44618006420742,-108.221509944596,129.6126111808131,0.0
533,-611.7226730695229,321.41638286376156,-1072.8503796785285,-294.48732211828906,156.77338259296826,-21.581309944091338,-93.67976530021848,114.8833871495967,0.0
534,1052.267010458265,-532.1207431875804,198.2519201147545,866.6037865918742,146.16150688521543,-11.838967245099367,-105.19991741318199,133.93869782049958,0.0
535,-913.6019292955984,779.413508563761,-600.3062640070608,-924.641927991049,153.12065094032457,-14.108211791596712,-102.13232398529182,128.80302677182962,0.0
536,1535.7219824087874,1543.9476417641702,50.67734978384415,1885.5348453612178,159.49186268120155,-14.936817635046305,-96.95647625622507,124.81536648170812,0.0
537,-569.7862003331352,106.68328723482449,-3146.392724976876,-1387.5068229734154,147.4877357749592,-19.050907268073388,-104.38296638062616,132.11343520990764,0.0
538,1270.6090170364353,2512.002463431097,927.7630302254349,3032.7392997869133,144.15872250546883,-19.9404036799279,-108.90970139720697,135.77100624888865,0.0
539,-1564.134831209476,69.8510040325257,-3302.0295608739543,-1995.720664138328,146.3042408051477,-16.627730185315695,-106.81446617058485,132.45170151154014,0.0
540,-747.3461927578759,3115.3587798579033,-1128.129518321093,1093.0776045015798,148.7436867199708,-17.993042068228686,-99.82564340322924,124.44324769200232,0.0
541,-1307.2471334636173,579.0494893167355,-2242.6192290125823,-1700.4877721443916,142.85840688639416,-17.47684431616846,-110.6567503456335,141.86339942829542,0.0
542,164.43876327583467,1409.9328177226625,-1065.306301587723,613.5503112648865,153.8087691533946,-13.23603803563183,-104.13962933621565,138.66567903927523,0.0
543,2539.5121535871854,246.5073195257368,-1543.851114327917,95.10761746946562,151.01491122868902,-20.106707132208992,-104.54262815927251,134.3502663077898,0.0
544,573.4665566659145,1836.2165147987287,-1935.3967075729295,102.39714313517408,151.53940183647782,-22.843789299272437,-94.21838804656737,120.34718148282118,0.0
545,-157.5708484105618,-1365.8108028399083,-2125.703094557196,-556.3380205687783,147.4829750134416,-22.843909598179764,-105.65438636905292,129.67626688800917,0.0
546,-506.3180007657189,19.566691935442726,-1079.104895272827,-113.55240309773748,148.12346169824644,-17.577204090613765,-108.41381190939242,138.51157891909827,0.0
547,1800.1596648819382,-127.55472177439606,-621.7086338547011,800.2642664165128,150.49342589358974,-13.969395316222958,-98.48040687598845,121.68090335313443,0.0
548,-600.1571051170216,1116.6878147573714,-1143.3666044088352,-731.5453511806268,150.5812048304102,-12.121116791531426,-108.12169276103275,125.37915278838238,0.0
549,-30.16728195949714,378.4835156009714,-222.95122207902205,707.1845901027832,151.6289094817699,-16.140713673146692,-104.00258656649189,134.01854103190414,0.0
550,-1118.277678894704,1202.7127688646078,-2480.123555429642,-495.0161594766897,154.93277899236287,-18.570219470573416,-104.4135289573152,124.98053898850488,0.0
551,381.5328411252643,-295.06247126894175,-380.58966742101234,1086.1243348823957,146.5859584053065,-15.426044693843119,-103.63335490678821,141.90135870770115,0.0
552,815.1822890975926,-412.7923123234151,43.02425605850379,1441.3259282047431,145.03742728333128,-14.288914942894802,-107.99341081729497,128.86948917523938,0.0
553,-77.99554463067852,2836.8701024716024,-2956.701255103707,562.9342127145906,153.75737684915507,-16.521700910490082,-90.44174010080937,125.22332483328462,0.0
554,-696.8105357001166,-632.7107693380981,-1704.1975161039966,-58.116532947661035,151.22756017090904,-11.46471902960203,-103.26631225829875,123.0920157156271,0.0
555,-1236.8310432937653,186.33923291381217,-2791.343825434937,-1536.1996348882021,140.12517567474814,-18.156865163123786,-126.16070688394635,145.79775668678653,0.0
556,-1078.4348955292326,487.20441371898437,-154.64703972483215,-993.0530339399473,153.9391556747647,-14.111138178388488,-100.46286205277498,130.71348731861826,0.0
557,-1252.0298266454358,-1346.7573891241843,-1168.6142774822288,-442.73405451555027,148.55143021804355,-18.057923453058894,-101.76666818862053,135.83852362652746,0.0
558,1987.2399258893133,819.1699137506341,-1827.4443817405327,112.36436489770615,151.9367615882214,-15.936029939023674,-106.66882886316147,138.31857268115562,0.0
559,1084.5920641268367,-1314.383986129851,582.6417788089808,1058.7874029211087,150.75785772197992,-13.6870485654571,-106.31572937777524,125.9536233991486,0.0
560,-1315.2935395537127,1077.9445920148328,-763.4156337126972,-1785.1780807055682,148.25917872107897,-21.38610475926098,-107.82637471330148,130.51613337397157,0.0
561,-623.3317570007143,1285.9253082153652,-1115.2917382895725,-872.8400492047712,150.46138978513227,-18.146024468007393,-105.12698962854591,138.78520820427457,0.0
562,-4.3001240283969455,-294.3241127210097,-1563.1442375043853,-869.4667347214947,156.85122126049703,-14.187870499643985,-97.88622332793784,125.5990703093825,0.0
563,-1253.953256424214,1044.2711609879664,-398.9108743449644,-1517.7715583504566,148.63695338311547,-16.836395596680624,-104.8013215142957,130.40580989575668,0.0
564,708.9532477350632,925.0841720087095,-2413.3780274772685,-146.29705133263843,158.15829233230008,-10.93104793968805,-100.11011248554891,131.82941045594794,0.0
565,1549.2109379462484,2302.3808516738904,-1725.8966428367603,1246.5762793972053,155.8353225729923,-10.997349280860625,-107.8315897985592,137.59434173870918,0.0
566,-101.66087511904776,979.3343607615466,712.1028099404041,328.35256487080784,147.30451333992912,-12.852522421415227,-117.50047381748848,135.95297853105353,0.0
567,-1094.8273237897433,348.43198555221113,-2113.6464017344015,-1139.5354594771472,154.99643080877019,-17.212581086411102,-104.00830200954375,133.00820825435073,0.0
568,41.42873732956013,-616.1329896027369,742.2711149527131,1335.4307153999864,149.95596452503665,-19.722315182451638,-110.5722938199708,138.42469770203334,0.0
569,1548.8963432040625,-135.38267888361244,1201.465089574777,3415.2595347380384,151.86165690558394,-13.938283836619012,-101.07795905075187,127.54212781974609,0.0
570,-39.392830177862024,2605.4105828396073,-2712.7788790301643,-546.5914362970295,157.78607872363833,-14.101137729008263,-101.9581615379995,128.13277189867026,0.0
571,-812.9201739998799,1522.6554676736218,-1263.0796590806617,-1339.9352746535153,155.1775630961455,-15.781261657532104,-99.71719716444032,130.61090782217312,0.0
572,1424.3556815428858,-1212.795963015327,236.1702672023392,326.0066645707917,155.13598066335624,-15.785424699441009,-107.46506469432248,130.42121965930178,0.0
573,891.9326120290334,2195.174379224216,-182.73073433726466,1841.6975406288054,149.9806310716587,-10.244998665125685,-111.23647813028941,137.21110816093028,0.0
574,-1246.6849839392607,-2076.8762464347965,-3723.333666826546,-2856.212765642781,154.34581060844002,-20.74139355870696,-100.08711312464007,132.07448637097124,0.0
575,-1120.133851979477,632.4568917399786,-1894.0664273233715,-1329.256251189009,150.63802819173088,-17.929283619665295,-109.0397852768349,139.17201759909364,0.0
576,-438.25193855666623,1764.9357163067452,-1854.9666441775853,360.7123241109844,149.8377073037567,-16.527037807867416,-103.28123471972985,127.29431184831907,0.0
577,-417.5943073827049,-2967.5365712220555,-562.9569607184147,-1088.530012348934,146.46571820318024,-18.511937053541736,-105.71885983336769,130.49263300933035,0.0
578,-456.9848190357979,-1660.2641553000174,-3540.3026830080894,-2561.265940026643,149.86801831718458,-18.930750217270795,-106.75631809451343,139.4964128523589,0.0
579,-828.3645796975629,4845.2574503313435,-750.8457001907296,2197.379191331827,155.53592138150387,-15.524388051278482,-108.50910983869605,130.40698876854324,0.0
580,1485.7118934420082,2827.726270488479,1186.0086553617368,2982.588038227117,153.86338813400783,-17.33135114508815,-100.88411806671847,130.5997234452889,0.0
581,-885.5964824512436,1038.4685220756114,-1907.612368909744,-1362.1611888614127,150.1967765427488,-15.21029140230787,-104.46094601616574,127.19596296705606,0.0
582,-518.1282475687868,167.85058296506543,-1275.1550150400085,-105.43920877483822,173.3100374639672,-12.020654398171846,-85.74069118455044,113.5910481626382,0.0
583,-821.0341026278506,745.1437852664459,-2264.423528749325,-1053.923143719031,142.78535267130295,-11.96813606358921,-111.7127373187173,148.42769460718026,0.0
584,-2565.9073926325655,305.20391370308795,-2892.3458727619254,-3500.4583980979646,155.6057798364223,-14.076778675694719,-96.48263840050934,121.96794655106012,0.0
585,-1102.6883834397593,956.8264589782732,-1600.4579799954186,-1502.817070895037,150.8701152329489,-16.542953853573486,-108.65501339033754,139.64082419045326,0.0
586,-703.7961980524612,1115.6023094565608,616.2656838871501,-740.2739208718764,147.46303520478892,-15.200196851416647,-99.8716920103609,133.47145666942447,0.0
587,-1648.4729788146822,1302.7504669170783,-1167.6684338168782,-2406.5368075673096,155.63036240690644,-16.20840087473295,-95.04197452417428,130.020278823577,0.0
588,621.3767284701089,-1171.2540190123736,-31.80332358450371,741.5641197066954,141.66568622192182,-16.67866056238661,-110.51309601640895,128.05486264922698,0.0
589,-1489.2865684047233,-494.0934370294236,-2764.5764990293283,-1464.7191863690712,156.91523491829844,-22.820181635426813,-105.6047984292754,124.60913609568668,0.0
590,-667.569081614541,121.2952146812971,-1785.29711231907,-399.76225796589137,142.17138911437385,-17.339590838387988,-110.1237818479838,132.4245422360698,0.0
591,-1320.0840315759683,695.8478057095948,-1780.1630867699237,-1725.3842653715799,152.08490542049384,-20.607588412926592,-93.52193374453522,127.52254018466655,0.0
592,1799.6824312052665,2324.184803414393,729.8758315771466,3095.0513427186734,137.22226967666214,-20.77038804666647,-118.0798034762103,146.13338664676408,0.0
593,-460.28341848124506,2105.1799261690735,412.9900383535212,-950.3615011581893,150.70457196423138,-11.903389918794273,-101.44609502589145,129.8310694916754,0.0
594,-751.5136217761095,457.8109259471656,234.3085703035467,-492.77310044366544,147.20922675143106,-14.690319388044474,-102.82364009186455,129.0737354540236,0.0
595,755.0830534571909,3016.679289645204,1920.2785384671206,699.2268803184622,150.21078025478826,-18.864797659488897,-105.34442695508879,131.22104773373724,0.0
596,16.020141654513054,-285.6573431923437,-564.3263221493778,707.1545823752834,155.6518604273544,-13.520289368106262,-105.8229895363278,139.8174769564341,0.0
597,-1322.270517680649,673.5826401040241,-2755.791538023254,-1709.2577652781183,154.2026929610426,-16.658764509584575,-97.71835823879974,128.07814480213105,0.0
598,-850.8134914679742,643.1233222193489,-1056.0889676231957,-796.2831582247532,152.7611583064244,-18.69130396547671,-98.10578056424643,132.58234563575976,0.0
599,2565.7485474461723,-677.426523739976,592.5622795463735,1262.694231247826,155.66560212523814,-16.73498784421107,-102.6823862790352,135.49034025727613,0.0
600,1390.301337660801,423.336433818785,637.9075231703409,2569.2614715662207,165.87604840356465,-14.000723641744681,-89.04096252503517,113.71204981726113,0.0
601,-578.3419648675967,406.0430649077156,-452.45938877611565,-309.7622920522887,151.1463451480158,-22.358137894436194,-102.02515899068368,132.9571982527375,0.0
602,-1131.6499810365322,642.8844450723972,55.909233677210345,-1080.5592443224896,159.5886000404086,-11.947782593011908,-94.62073176618941,126.51079441887893,0.0
603,801.0745036038211,516.0310269157474,-1082.0411934097833,204.01186424886956,151.51672273524255,-22.698792357882635,-103.98786901663202,132.48575706997042,0.0
604,-225.46883809461588,533.952246131907,295.5540308814197,406.89897738071465,156.2647186372573,-18.445834445309952,-101.92696461606609,130.41083160796092,0.0
605,-1184.5189701125937,208.38333670463382,-1774.1977655264875,-1269.0282106295967,143.36640521416706,-15.866163966662054,-101.47039595844693,141.6425360790547,0.0
606,1296.2234273501538,1999.7750829354638,-315.1297222900459,1732.8973041205627,151.0010485151622,-14.007745338986311,-105.27577573834662,128.1149940286361,0.0
607,933.3779824369542,2269.9461048422477,1014.3192761957806,2550.965331689716,156.36969529828608,-19.145899945777103,-101.17115796622909,120.65995399817528,0.0
608,-634.746680555643,1744.8655387892825,-1235.2039749249107,636.7937115953198,150.9655815144324,-20.630082705589917,-108.65727783597859,129.65518395414426,0.0
609,-522.0256350081637,493.36209952158555,-1707.5750627373022,-445.04914927328355,155.87746131807282,-21.74249852807473,-97.93109749886715,115.84216394955294,0.0
610,1457.3395465959022,-758.571032042643,1129.0051145096045,1940.011017309738,144.41388155094555,-14.887089258471942,-106.71666693435844,127.88364121512029,0.0
611,1214.2971085375284,4785.328846992568,-917.3965699869353,2185.7914800879676,149.6107915496434,-10.80834094118041,-104.20535308135912,130.48592560028595,0.0
612,639.2221321510659,3071.882471020166,-1087.839346530556,1332.158831900277,151.91785195161086,-20.68331050120195,-96.07423860751399,123.85411109970666,0.0
613,335.2885162282673,-1487.8309876675785,-1234.3422172477844,-371.1953554704437,146.06031558976917,-14.853914053348122,-110.3453144578245,133.21793939774184,0.0
614,419.3628691757401,791.8206415252462,-475.2023785467704,992.2939710780079,165.29783512155652,-13.780956900417575,-90.06045848999723,115.55257096065367,0.0
615,-1512.4560374216796,446.22147508325105,-1934.341340882344,-1941.0048739411232,150.98220474920555,-13.380339992869615,-101.91101980980584,120.56171462061072,0.0
616,3067.8880952543227,2036.9626482071887,790.9761434802214,3106.0835743852595,155.68695709600775,-18.478448246292295,-93.9031786793474,128.62387720647214,0.0
617,-614.0125880671476,744.2480049965617,-429.7568237061107,-546.9711170105508,159.5580348343655,-15.120418486375007,-102.85334266873247,127.67384064747192,0.0
618,814.8329955357149,1975.7668390503427,-619.2356400518566,1714.3622856695195,156.5826537875361,-14.832997991252872,-86.72035225113478,119.57046892621337,0.0
619,1312.1039767177078,-1715.184738010195,-90.56641259236457,817.993924556404,151.13232642287713,-18.480561557791983,-105.21866310414612,125.74157717698067,0.0
620,-751.1568756728958,-376.4144748974784,-2275.962230641307,-1042.3968067717242,146.66361139187566,-18.92742248418176,-102.24022627689489,125.76724809612816,0.0
621,-671.1054194660438,944.0668510616252,-1084.3432458571212,-769.3878831005492,143.49253552495742,-19.25903804855681,-108.40848926279722,134.01835775201874,0.0
622,742.5904100647327,-2246.4752151589546,-1752.2718639279553,-886.5461225831082,150.17954339227074,-12.652129800972615,-107.41194666969174,130.01974666300893,0.0
623,-667.6046357948056,568.710986800511,122.07031359840349,-337.8904067112354,146.26339313882514,-17.877375129735764,-105.2013181344444,137.96910832024807,0.0
624,-1318.0416525926846,1443.144733494402,-2425.8901913833106,-2266.687910187621,154.9996194395101,-12.9914367338409,-102.1108554395376,138.30133880605695,0.0
625,-920.8077915970937,903.8226317485096,-943.9892887140599,-1210.336729223432,156.23261761831068,-10.251400290585732,-101.28736687845611,125.41879164793488,0.0
626,890.1164570440978,1392.4358533693598,485.72118204254014,1682.9763660516394,145.6725478639881,-19.73411371093514,-106.90547825248603,131.77125194750926,0.0
627,410.19861499882893,-1213.3547739684918,-2339.5442157831735,-765.3505699449125,154.59738392403662,-17.129105386449123,-102.10332706722897,140.9796424590662,0.0
628,-61.37458957577769,1748.3224999142935,-464.11868635942403,-73.00688004226981,139.95170028428683,-24.43602323382567,-111.15300891615212,146.4917429865416,0.0
629,1389.143576812546,1939.1058012583806,-189.56958485016568,1707.6671064429238,154.5238763833676,-14.216348151011125,-94.50524545603837,125.71263612169935,0.0
630,-994.1681859495354,799.152220181319,-1093.6074958182019,-1268.9837604161526,152.22765505701568,-20.00307145760849,-106.35326569640554,131.61379695232853,0.0
631,-804.7046983765312,1335.0057455451142,-2398.3672918563816,-1422.9240827723465,152.24155997785002,-10.196935156486086,-100.76852998963656,129.8516486642334,0.0
632,1787.0048468441323,1173.3598959357362,-348.68038009428943,1653.0226136288961,158.3101152295491,-18.661836481436993,-100.0690964505116,123.57242314574461,0.0
633,1874.547957214365,-85.29407011448295,137.76799283830994,1679.5953337989422,142.06975119415122,-17.350001647929634,-111.04783261687815,134.900056821667,0.0
634,2692.67612456416,87.43567160591785,409.1107072787194,1228.4479417749144,162.82051913950414,-18.191137802345253,-87.26542239968859,115.14030189454768,0.0
635,1125.348892321638,1269.1435942955331,-2046.6889711285369,518.103782524348,155.53488900951686,-20.27121845019318,-97.56571923896145,131.63981543331312,0.0
636,-637.792372728587,580.1415206285587,81.51307472862062,-508.18030814785317,142.35017682144579,-12.457134799882642,-108.62134041399307,139.27463780926217,0.0
637,1126.7787595813106,1887.5144483967024,-442.5364944707734,1197.075753539809,156.4567585263419,-11.09785250060501,-107.98301794168161,127.46769607901012,0.0
638,2365.4161995327477,2733.0543161149403,57.35468941694257,1960.3835866992047,147.30790450181436,-8.54314068829115,-112.75270105150234,136.1951194752141,0.0
639,-829.5227124673931,1250.2853390254252,-681.2824947101656,-1142.6495778640283,154.108009398966,-16.162164541525428,-103.96672956788017,121.22205148530888,0.0
640,-1342.1799082581574,1701.0900003774902,-653.0749818463772,-2169.760013951982,148.9520203901718,-16.43588873595836,-107.72052699771757,129.37828475581617,0.0
641,-1983.6897852226764,500.29425793329466,-2427.2697925263287,-2702.420964511093,142.03198555003152,-19.325755079631605,-110.84732954078108,138.06613714902878,0.0
642,-1189.7966766039706,-545.3937775428157,-1295.3168036973668,-314.31583571931503,147.6042002092453,-13.741572350963253,-101.85053297515668,128.32190661251852,0.0
643,-285.0642770880828,-436.623814873097,-602.5198206117695,147.26752738292558,148.65126836484268,-17.984388046862584,-109.21142705443208,134.03093924940302,0.0
644,-121.57775873587494,-3071.3767786072244,-27.75157459695127,-824.2237049628058,158.30426732528645,-23.3128887538296,-94.83075322247106,121.92080437505754,0.0
645,3053.3669027155174,-1012.2467012426787,2941.2132441150384,3293.6082329789715,143.70667035919658,-18.792282414968284,-108.25269125643312,147.37989548637606,0.0
646,-1435.551638099106,-103.86250122654893,-2735.241952972968,-1425.2710755359901,159.52488676789847,-16.894122224018595,-100.16620960540642,127.18620404251315,0.0
647,-1031.361647216612,410.01126671349755,-327.1619875660869,-1068.8304070509012,156.47536219288077,-16.304467025892635,-94.48358535659166,115.20823182489346,0.0
648,-704.2383705735474,294.3611518687976,-13.99310887697598,-228.72724125685244,159.09151487994572,-6.567664963222784,-91.6569625553899,124.59760302477612,0.0
649,-865.7184015892739,1926.633559260018,-879.8886152672463,-1399.396630997612,157.4146247496368,-12.585209535209513,-96.83583268742859,118.1122540026218,0.0
650,-544.7838488318229,847.3601864014631,-1918.3982015541696,-680.524806675269,153.84365112688923,-14.132233885257163,-97.30463164704811,136.91603561810925,0.0
651,-821.5282686085133,-608.495616945358,-2863.219561382772,-1544.9069622789184,159.17564568730978,-13.808599221273491,-90.42649384723954,119.4185895796662,0.0
652,1061.8208319772236,3126.566707515825,652.6723185196752,2665.1281980949993,153.64615189977707,-13.563695925245415,-98.06961500164819,121.87631622668444,0.0
653,-1223.5668506600782,807.7508525215189,-288.40598173518515,-1382.1631718087724,162.85956665022323,-12.451541581900592,-97.58562536268641,125.74237811691302,0.0
654,547.2286124586049,367.00289013711824,-93.01798752557457,1152.3839693570928,163.04264584899772,-11.334599462269043,-95.71595871536934,133.12960152974335,0.0
655,2452.7682578516856,1351.990583486348,-435.0145617126394,1603.2656946215209,156.81129126059534,-19.738541851943573,-96.44798147899581,118.89675335177682,0.0
656,986.2525669809941,1211.2113636838055,-112.69089582155928,1786.018325037526,155.38878818213772,-15.177306705524497,-94.10621221865196,132.7936649229297,0.0
657,-1303.4182374933605,461.40125631405385,-1425.0940425858753,-1655.7592383572423,155.4375878522593,-15.150215168959896,-98.49420463258296,130.26838270432822,0.0
658,2618.6335712755804,844.3880517561361,378.85997797976427,1750.2180328976067,145.75972917952845,-21.42526760782933,-120.50023668134068,141.04906421760757,0.0
659,81.12392813051753,990.4056230555395,532.3283082423881,686.8030078250421,157.43970045759875,-17.049299429314154,-95.5745158557014,132.08989559014327,0.0
660,2116.8458969809817,2434.0095278253843,53.593564824032825,2576.586139540007,156.90818143832,-18.48980801954576,-99.09971548985219,127.2174533869575,0.0
661,102.13995995685897,-4760.611453676304,-468.2688255593042,-1519.5102654941709,141.12513633579664,-19.137771484638858,-112.61570611941183,140.1683412427625,0.0
662,-1087.5293854236318,710.7750079386185,-1088.6256156553225,-1353.0740809105505,145.30750523492225,-16.025370527044103,-99.63464697404862,132.81311019570484,0.0
663,-1416.1969513248678,1543.7996392450052,-3624.630176442159,-1115.5630764997004,155.9101259133313,-10.877121493266506,-108.32798063525557,136.98106782200114,0.0
664,-1101.1575895900492,614.3303708184771,-840.3115011804689,-1192.8726817992151,163.7354833313077,-10.353416983719034,-95.97813040445236,116.86120442499984,0.0
665,2725.4339634237526,454.9600885079293,-489.1960000167328,1882.295057248762,145.89412020626168,-16.067167739998613,-111.55701153347485,129.65419039006989,0.0
666,-1216.3470011167535,903.9845202171874,-2476.8977224594596,-1919.7556593629695,152.33612723730857,-23.056696843809366,-113.84717466937096,140.89398217121249,0.0
667,628.4481701242679,3624.2086514931175,239.784723219388,2269.59890342731,163.38540153471428,-10.745036360559816,-94.21852164065915,116.77025666773804,0.0
668,-61.76482117680591,3388.047687255618,-559.5447595443593,2422.408590353938,158.51183898778513,-9.83437994675661,-101.97220448296333,127.68764027843123,0.0
669,1716.162005531211,2710.5744412822846,472.9059563328392,2711.2503452586684,157.62534324271346,-16.60284228728801,-104.44178799611144,126.81723133628145,0.0
670,-450.7409628560923,1198.156149823837,-715.0149730751788,-641.9005701894906,156.0148584650351,-8.202398735312013,-108.08056765759434,131.55640049712335,0.0
671,-293.87136390453014,561.7349412262361,-354.170208939115,928.2430497502255,146.01019600910445,-25.07607364226319,-109.73937959857022,131.24498704205266,0.0
672,2101.371744537326,2021.8847990642548,818.5079563088863,2637.738913659507,150.20629688960472,-14.249035008794936,-101.29426493363874,124.97179741409383,0.0
673,2161.561816953734,3099.183814292969,502.2268412408409,2717.434630477169,143.60610072025915,-20.786980078855272,-110.77595577108922,134.1249842817564,0.0
674,-585.7668408990712,-1601.7045172690298,-1516.6183895427193,-622.4625859475967,148.1953209071774,-16.372116547663005,-100.66870717736462,129.31922575052548,0.0
675,-248.8233856322974,150.41099155533558,658.1957991287885,539.590718380261,147.4406054611683,-17.61403821533067,-107.92574986988731,132.97455247724196,0.0
676,-987.6282221099062,1722.0603081452648,-1484.6316947520927,-1691.7407973363574,149.12851966392526,-16.567839994234404,-101.0184479489418,125.77369726371704,0.0
677,1161.8787334213728,-265.9343213266184,-1222.1764946797362,369.2802810851783,155.59147147556686,-20.42764023348791,-101.73437190949487,132.02115731364017,0.0
678,582.2516240200007,1426.9726756445402,-213.17863995682262,1240.7527452316226,153.84503724866693,-22.28107354015472,-103.59519263763978,122.28782818147634,0.0
679,-627.5970484552175,856.8342637746679,-2753.8706877565414,-999.9649743641056,148.17526710684942,-21.205205814086618,-105.39926088749775,133.7128769477815,0.0
680,-882.2709745808193,1363.9945774412815,114.00443994207333,-1166.5272093774738,148.3593723775133,-14.503252137554975,-107.55955617649245,132.0468215406595,0.0
681,-727.9089977926984,221.95178402311035,-1882.2646324619207,-578.0254587525418,160.65533014249917,-16.856132236939406,-102.10964964054423,127.16559997776224,0.0
682,-106.81819878665038,1949.8124964444214,-2356.6120108702157,129.86480158424413,155.44137112664546,-19.60068937957132,-95.88715350268455,124.63764979348879,0.0
683,-9.281777003393376,-317.10994812623176,-2732.099268950545,-1141.696755400267,164.4473205704205,-11.415455243360508,-92.44107142572797,117.51122698394394,0.0
684,794.4263909438973,3251.1756197035975,-911.4398782725589,1562.0153097347008,152.41724753364196,-15.5606204504547,-104.1903090731364,131.1926141259052,0.0
685,0.396985682686668,797.2384205109968,326.2400318481864,485.952713288154,149.33561654970023,-16.370650916875775,-107.19335754599723,129.67642847296582,0.0
686,-1295.5400224352582,2382.496764631546,-3653.7898688495334,-1115.6945156651093,148.2311881365736,-18.161070408421995,-114.57333869781088,142.49374170197515,0.0
687,196.46777856603407,-958.850629461902,-919.1108867254627,147.03142379989347,149.12549669317346,-12.082326122263476,-106.45880098208416,133.55167923956893,0.0
688,-848.0983653071393,577.3050615451016,-1717.2481573186487,-994.2443128020648,151.67565193366124,-21.169826231505496,-110.68174591344284,135.21720741775096,0.0
689,752.2868766903988,-188.89191849111072,-1627.160909581542,-225.63326507234532,154.13216027840346,-22.84624595671003,-101.08969751030466,125.30927681295192,0.0
690,-1462.7216050185264,1036.9206598268677,-2426.2874164666946,-2239.2195591847467,149.66012277939637,-15.277626756884898,-105.80425799663202,135.04808798761974,0.0
691,-33.79797349742945,721.0176304479776,-979.2887622592859,967.5435701845942,149.12786237634347,-21.732031859332405,-105.45631099652455,124.5760709854792,0.0
692,136.99743062400586,-1584.889700809602,32.081066044380805,-164.79566855109866,147.2231614521087,-21.2387430137169,-111.31195774843152,137.10330882899623,0.0
693,-1035.4440544090558,2062.075202198246,202.77308528970107,-1680.308843700983,151.60866976414587,-21.35763442208721,-114.20452486911242,135.17919051758696,0.0
694,-2048.327500665827,785.9147935167581,-1774.1898521254045,-2873.240608244791,145.0421197190135,-13.157701817257607,-103.67969794415215,130.32542875764392,0.0
695,-988.0699227086124,930.1329078004487,-299.4740439559579,-1119.9912781988246,160.19865291855527,-14.924404622733642,-98.78747962990698,131.02751771130133,0.0
696,606.0246310390933,3013.9226640162583,-1686.47688202075,1086.4801260455308,152.9981088227264,-13.944524886560313,-98.88997164234247,126.04957724145923,0.0
697,122.1722339511077,1855.85130350164,-738.9902317089972,730.3592976981901,149.81251196039614,-16.92454218222371,-104.24219300922681,137.2040564249524,0.0
698,2721.356569218661,814.6354688290696,747.3420909034911,2069.3474098117554,150.72897908531073,-15.924179876175407,-106.26957978281716,126.848975243756,0.0
699,1687.9734895902295,1646.1662357884993,1182.7910835715338,2725.165052422439,156.2135849558671,-21.085646125559187,-95.90499106019786,127.2018608877677,0.0
700,-1217.1374972367735,887.899226624064,-2039.24949853401,-1674.5520293585744,144.07107651698627,-18.307022652081976,-108.4940579596326,136.66417922016137,0.0
701,2661.576991195287,3403.166311397789,106.2752021876658,2886.739854663527,149.55572409565116,-19.118178209137966,-105.06858518640533,123.8280965915998,0.0
702,-878.9460754345952,594.1913230771438,-749.9667516430634,-870.3962112859815,152.23034382206473,-12.638094773009694,-109.4892094252266,132.81132341342212,0.0
703,4175.2429119193575,2781.7461140779815,2276.535243012158,3942.4557940311897,158.20569373519297,-12.036986287152526,-103.15959844410803,136.52332508911678,0.0
704,-1765.1843159039356,768.3152499121429,-2522.9587293530667,-2502.119286762204,157.32723709058072,-8.977396073850517,-91.60774119539941,117.95144283561984,0.0
705,413.49278178345526,-411.6018504982128,-1933.039151095452,-504.7483082264824,152.96273141594503,-16.97721159881502,-104.89080060489084,125.86080226159068,0.0
706,305.2618869697359,3415.058218694694,-1475.7737715189148,1179.8602284502374,152.5228705064638,-16.32283601108722,-101.9346027291863,129.91531450885662,0.0
707,-1212.3664283358912,188.54249172166905,-4047.8228895129682,-1931.1640876042434,141.94237345989538,-23.249547635467163,-112.77906281221387,144.82821942452966,0.0
708,2454.9310937350656,2048.077536220749,651.739659631505,3070.8040630837713,150.81072206633027,-15.650894016792488,-111.23394095188304,141.00947323775446,0.0
709,-470.1886036385541,-885.4939587200839,388.6975636205604,783.4129881940115,146.63107228551533,-20.73739100168991,-109.24614929044102,133.52384396851605,0.0
710,-640.4860213510557,72.16922130946642,366.0143987266923,99.64793225143318,147.48083320702702,-16.011161587469974,-100.59894066273891,133.52899825809638,0.0
711,-490.6111732232646,1293.9372427804674,-484.5556874864769,-545.8723132721785,149.56360132431763,-15.945935337050578,-106.89994006391848,133.76151451155047,0.0
712,-1525.9880402531335,1600.8683707943928,-1315.4129115899316,548.0530731667114,144.21512455568944,-19.838781832213225,-105.20010343619154,135.83485400292358,0.0
713,-1373.33475809821,876.6802360063913,-880.9306565477133,-1733.2506149708881,149.8789687298366,-22.744911289401834,-102.87972601046145,131.74297655508295,0.0
714,-346.48758788055824,451.0181182285472,-1243.049872252837,59.000688409312886,141.45722939072238,-14.838050141834545,-114.63041316862522,147.36340386709466,0.0
715,-264.2450369067706,1695.0155925650279,-1818.3052443896709,-56.12636593203606,144.0765355275388,-14.668036457722554,-116.64797058700114,146.97436228677407,0.0
716,4299.296450017815,1305.7962476166538,347.7020391096515,1789.125722764625,166.1355188355108,-8.357261224253266,-94.91887966554903,124.07953574508595,0.0
717,913.4147875001031,613.3420675250828,0.21733899348330699,1842.2395636549388,156.8769726674094,-17.370272941920714,-105.06071907255587,133.28892712327496,0.0
718,-1866.2211365842254,164.94588932755354,-1804.8720063070145,-644.8607964658001,153.68025007712438,-22.57356631969241,-99.53034223652713,125.52086028378174,0.0
719,886.1121719123702,1457.5948000673097,-83.6409882745283,1609.948291814616,160.52419752550927,-17.465974484828767,-88.48140964939627,121.37036696712013,0.0
720,-1520.59514128084,147.40871678312922,-2125.297865957909,-1728.0287201573622,161.915511141929,-11.814001046748606,-91.81115970618318,119.38030100268942,0.0
721,-1511.916404916922,1437.4295730569706,-2233.109457578223,-2560.423306709739,158.65282366488267,-10.327980621311315,-100.13555899875645,122.64991475707986,0.0
722,-475.84245361283104,63.010885394736945,-1108.36236379586,101.0586278109555,149.79946784429066,-22.691633587888326,-97.3297796543832,128.17394665803826,0.0
723,-589.3809259208072,2026.9610481133234,-3119.1849126033994,-285.06003821149864,154.35735981187193,-9.338584162995922,-102.57786374328055,126.7146069974727,0.0
724,-619.0244024575308,443.85960950073337,-1484.2145480164234,-459.25205735319327,154.1447814017694,-18.288354970791055,-104.27823967567646,125.63772586693142,0.0
725,2847.3376316144695,2296.046051893257,1406.3791720295667,3347.18207387974,139.90705010347745,-14.317731382695042,-119.61787346768978,139.31163394430544,0.0
726,-876.395882715149,549.3800692244711,-2361.8234520679352,-1175.366024473641,149.1360079930611,-9.870498768148227,-103.09287852080213,133.6927476981293,0.0
727,-1133.178662626722,-240.79974640906104,-1329.8540073015126,-776.3918522702644,148.09018189954503,-18.767064410650928,-103.33411476624944,131.89661514998235,0.0
728,1536.9604589138344,366.9456042645695,-74.04619379279349,1122.683615332505,147.91200072755012,-16.36531150101591,-107.19232242591518,139.81881759944952,0.0
729,-1326.6086552514284,1207.9107014365845,-452.15032636919096,-1812.036724596218,157.66694851222675,-13.256456361432358,-95.88925938261887,113.58322402093034,0.0
730,115.08650992618074,1955.7961401924863,-902.5574408367888,1089.6351783429766,159.54897260766643,-11.901368601400641,-101.93697432560526,122.93716535464687,0.0
731,-1028.0849801667268,477.6549831925111,-1328.4763737473497,-1061.786823154978,144.73718233352707,-16.49648795848256,-114.69297179184868,134.407369504788,0.0
732,836.3140941534771,-279.4365842982334,-1667.1324793723707,-58.84388470321159,145.70641575275357,-18.434895722820762,-104.84777680867748,129.200646050393,0.0
733,297.07204811772164,3427.1853060496383,-1914.1745241028013,1179.1045576806614,139.15563376479173,-19.492411345049703,-116.86857189173034,139.51482921764722,0.0
734,-1636.1433055868658,92.45462058810477,-2258.3520837066726,-1992.1183023175379,147.68711698514525,-22.75444077058905,-110.80211369804833,140.5193528888415,0.0
735,-421.1218875706925,-473.5713703341736,-1546.0355581460824,35.15821022418587,150.96388408229197,-14.709512458431949,-105.06113190618146,127.05084779032576,0.0
736,-368.2611163800244,-194.8259658238989,-23.25118035043343,451.15060327357094,159.54356526263777,-11.88905737252442,-100.16668299505353,130.11293683199315,0.0
737,2126.328287503233,64.20477778772518,680.5383896354797,1914.9839523799312,147.2848789355608,-18.902422707612182,-110.12936514385048,138.7241276320661,0.0
738,-1209.1456217766122,679.8170260005795,-944.125417096315,-1380.0691880866584,143.23358141112845,-17.321858596449566,-114.35625901369093,139.61747276302825,0.0
739,2451.1510906098033,187.79567249614914,1190.2731665030196,2286.1069224504517,158.61001424749193,-12.314104298736464,-96.35543915704932,119.71740907440707,0.0
740,-185.11361475376847,2160.0527586204257,2023.9683997222985,-121.7670766484923,159.27763915999765,-12.978816664471355,-99.01464641327178,132.22214037621248,0.0
741,-1161.6373236056272,1187.2411923732718,-822.2545107795789,-1622.1571567184906,147.49604702375535,-16.215595468909346,-106.89505441754892,142.05083833999808,0.0
742,-427.20868819618016,1428.2549357836217,-269.81110035944954,-442.6760653293927,146.73928828406514,-22.82191736234079,-110.09734596317885,134.09287466420633,0.0
743,-2036.507111252326,-426.6257910855353,-1138.808209666926,-2098.2032481381343,147.83367644631068,-9.242918638464342,-108.13184861763227,132.56399896344524,0.0
744,921.175081433256,1491.7993102887742,-561.1582314268761,726.2130994312357,156.53021934373552,-17.18526507313477,-100.5331429578614,120.04368686292625,0.0
745,-1780.4794684204144,178.88543275704674,-1537.1651864098542,-2217.4344910501727,149.06964057008176,-20.409393592893352,-98.2405925903457,127.64072028567779,0.0
746,-787.3902377764156,344.8006090367637,-1935.5746827192613,-635.8617349657136,141.81067675612923,-21.978929753772587,-109.26079106458846,138.05868998545193,0.0
747,-791.9619746517993,998.2089995949779,-868.0138262063307,-944.9071027054741,150.1610672403499,-12.684178989749114,-98.90791146447523,134.34150250396726,0.0
748,-2199.009351494218,805.8276631418477,-2224.442799592458,-3227.1390766827053,149.02749593428013,-20.467192484993173,-100.03075057527536,129.61934286843663,0.0
749,2390.1013630993248,1337.5007724596603,-71.63843842535542,1694.2428187240296,143.92250499982688,-16.545383900686055,-107.03801215077569,134.24184745929045,0.0
750,-1190.393520812262,221.87506955143212,-688.4707493829603,-1201.3918528710535,154.56492933121223,-12.230586741442771,-110.61481261795444,138.48084709284493,0.0
751,1868.3650023785297,-2521.1389253101106,-627.9084611690785,336.0795090631017,157.14767492129255,-22.4196164035288,-101.80722988990271,130.82100477683196,0.0
752,443.84215685337085,1195.7089051241487,661.6645342956894,1404.910059188037,145.56016963623222,-17.61463674428411,-105.1534850528582,130.1957996308448,0.0
753,1703.0046859907839,1028.8648679497678,-275.9783593052289,1541.1373216448692,155.90699353819446,-14.651030764346586,-106.05259062565815,130.25113809345595,0.0
754,490.7984079465223,304.4796950813315,-1350.6982160750574,650.5170166636124,149.574045516759,-10.255678417896469,-92.39599866256306,124.4791542733385,0.0
755,-1510.49047310782,-246.05637575712416,-2250.64047127878,-1624.881579159575,154.3496279589903,-13.330220510886228,-102.5436315627619,132.62672969847827,0.0
756,722.9830285979291,-592.3330908302765,515.0939833772194,875.8773844426443,156.46078560965458,-15.420648753160538,-97.65243663984194,120.60632657108971,0.0
757,1106.380376012301,-661.3398971054752,-2302.998723891412,-1121.4007892509842,151.57220387564755,-17.94698423416987,-106.0408348031997,126.32160376228592,0.0
758,-1118.8593550233973,941.8045186829967,-1737.0819557143532,-1644.3113839062935,158.06901068493792,-11.046030010616718,-98.85676263733394,121.52686135773142,0.0
759,606.1127227201166,790.6226251491694,-1793.302365166275,-61.79956724422028,148.43821607642437,-13.029952393911849,-105.58608275678635,134.17674609201822,0.0
760,1384.2312841725843,865.5697622046239,1736.1909638059767,2779.6481725399503,156.25231505435912,-15.992186514279883,-98.49780069047242,131.99125525305078,0.0
761,396.8483540906475,410.2118111159487,-580.8593335170647,322.745782449872,150.76865128500273,-12.57004305896679,-97.22410081544169,123.250858579067,0.0
762,-1739.771387691181,538.6890097478697,-1105.6936712538204,-2112.770538287559,147.55223118428017,-20.102615695957116,-116.01519661412321,139.5550612391542,0.0
763,1946.5418564575764,1564.6757455650604,891.6107521778378,2717.1044599255456,150.41542470804828,-17.905279500236553,-94.36447850370709,126.73901859326189,0.0
764,654.2792538228132,713.5272726937644,35.07266491585202,1612.112471470317,138.38478123099745,-13.89495626973325,-119.94994144210517,145.15048182434134,0.0
765,523.7286049079545,-846.7389119861109,-1946.5674124293216,-446.0003661230865,143.1057167127425,-21.185931572789684,-110.27726055212352,136.63483123030682,0.0
766,-1546.4599440247569,1074.204697172521,-2321.741795034256,-2333.079694835928,152.82887389185453,-11.92072681934074,-110.14894173023411,129.93180360101792,0.0
767,-320.58130258442327,1310.2940721494556,-2196.75985215932,-598.7272374321403,155.08553259753714,-13.941737210656214,-101.53386967089709,129.99010197321445,0.0
768,1158.129973893743,305.3393877462021,-705.4513239742697,490.96663587486347,158.4647312261341,-13.191489782006306,-95.21199958476592,122.1167413739577,0.0
769,-787.1592405729521,1428.0153658306044,-2184.539003402328,-249.02262828208615,155.27346936404334,-9.95579262055273,-98.30144653732546,125.75457861350068,0.0
770,1069.0755060408185,1039.6989669450709,-1172.003000943414,512.3725293547496,146.01383082091192,-14.713890637906722,-103.35599084805675,133.46043386460482,0.0
771,-908.4968952036663,626.9506148776181,-1736.6976647427346,-1059.9173805149399,159.79053681501813,-13.18173207969014,-96.9604847762493,123.01666715821007,0.0
772,2021.7418966320256,1334.186021636789,-612.6269783601222,1393.119666341848,154.17961442928618,-17.573719435597983,-101.3607829643964,136.2507636328502,0.0
773,-21.847069353273962,843.818207969433,-488.43074886133473,277.3754291588042,154.6225553265985,-20.022114484623817,-106.19607476913302,127.00633921646605,0.0
774,29.556281435157562,642.6047088493397,-260.53466678117877,606.7787476387753,147.9910526776872,-21.985381660534923,-108.20986602984058,138.71943057405113,0.0
775,263.7448798161161,1210.5616765422594,1528.3342235710804,907.4156250066275,144.3742725150526,-17.324334376853677,-114.34319221989577,136.2989857935114,0.0
776,-520.4574309633509,1151.0690348997477,-901.00611651892,-563.4290880023802,144.8324846029354,-13.014903795030541,-104.9482378125584,131.08964726851912,0.0
777,1100.7530217906753,731.6494209280062,-1138.5519308876303,681.9314047940967,147.61266678792126,-22.64074274731425,-109.40967495547909,138.68754345275474,0.0
778,-1536.1008416040659,143.3898197648698,-2436.1629851238017,-1863.1567608841813,150.27874735409702,-16.983745614683954,-106.23354238308386,137.97751178480348,0.0
779,-583.211241285784,-194.48856742237834,-1919.0776755270922,-556.8933450297867,156.37968598678833,-17.81045295370598,-101.47205872447927,126.40835237544005,0.0
780,-104.85594456047072,138.24530761229863,940.900088234854,780.9450420283583,164.15863241423534,-12.82714880908366,-91.53860535623134,120.76327266101862,0.0
781,-25.38977257422166,-529.5944327075522,-451.38408923927545,1108.7158242444527,151.03617829541244,-15.454178351118877,-104.90466938316445,124.46978212256937,0.0
782,1569.7684485619234,461.9880481100113,-1345.5640754027156,431.0574815834371,148.34333138670402,-17.132953249393708,-110.6134407027447,131.0261279447648,0.0
783,401.4450736361631,1496.2206768073684,1191.8793312070154,884.0062887205073,149.87968688123402,-11.808386230519872,-118.94330752755722,140.43786243484473,0.0
784,2844.9473074328853,527.4043223557582,-441.41991015918865,1402.708991220815,146.81107463892707,-18.018211660265397,-108.52016352311126,126.21975841692124,0.0
785,38.77327624472811,268.0621503243185,-569.6088713215532,698.7239014428552,152.99360503602594,-11.402715704821073,-105.87620820322384,133.8198076937471,0.0
786,1405.3478591028029,-142.15178838565166,-752.2562741145332,359.5059842606986,159.14983528421394,-13.94961450788642,-87.98990994648551,120.3871469950196,0.0
787,-1256.361738655688,1382.2781072193534,-2887.3979162432183,-1160.5934004756073,161.64029849115147,-18.222712265954243,-91.92197690664561,119.62528099559557,0.0
788,-500.3699789117253,1825.4155695614497,-1136.3043823355838,-1128.4773391068954,141.71153834841473,-18.117715492526898,-106.86809211729779,129.696643296321,0.0
789,-443.8110649270526,423.61289162778996,193.49418220933674,94.5739112042701,148.62787864038918,-20.712445427734664,-100.21217338443167,118.99727671438393,0.0
790,928.7502821362064,-72.42366180165192,-246.8650829054054,905.1914512892831,145.47830643749336,-22.70077844696123,-114.72019334811262,137.40252987188688,0.0
791,2329.454845107866,953.3058984011213,485.0047324819807,2758.623113736613,162.90278891024212,-19.056360095487392,-91.18913589497342,127.86080169345574,0.0
792,-573.152846209479,-202.41815329635804,-1408.6327693299593,-60.02560592179938,147.80651901642742,-19.309697643482544,-100.72659521964167,127.84462490716214,0.0
793,-1149.7842996305467,324.80128993976695,-221.30642528834713,-899.4533573555765,157.6416857586107,-14.06946957948084,-94.96456508303241,133.08721114275198,0.0
794,-436.27109328245905,1418.5217570959717,444.9531116171265,-466.6165420351779,144.69384974706858,-11.881914491967102,-110.47177011637908,134.5340540517258,0.0
795,654.0221022025358,1243.2434956112625,1307.9793593832458,3010.3883180213625,141.48163636819396,-12.927031103235196,-122.75579368016662,140.7049425995336,0.0
796,337.7886085868891,-323.680482960587,-1702.7640813821147,-636.3921764375359,147.34445011575133,-15.748939916338745,-110.70278639686919,140.5320042915246,0.0
797,2460.866675423573,-537.2997652272477,507.48416996177804,1455.9268913250178,144.64356011140933,-19.063510376368654,-107.32935402113809,129.25771946711208,0.0
798,816.1270838938672,2003.5871158910024,-206.14149998197,2260.392066569081,151.19670678197744,-16.253494434158196,-100.49177977481204,129.03211181514732,0.0
799,69.66332081359174,602.6994174994078,-2073.2781930232863,264.8249297154978,152.8378192282533,-15.226618227645815,-102.50653524880657,131.11341910144947,0.0
800,1844.195955247049,1659.2454786478338,620.8748890614775,1919.3246616393312,157.7591625644377,-19.444960846166488,-96.45331860771942,117.95984759083508,0.0
801,-1492.687166604083,1538.837485459308,-769.7395421033692,-2239.032200122491,158.9241239922887,-13.101324023574785,-93.55237187990353,124.91931274869171,0.0
802,-1600.9246721392626,1118.3969876393207,-522.8586969727696,-2274.6617134307576,150.61325483116894,-12.635173385885063,-108.14983640331822,125.93261521355561,0.0
803,-705.6751623088002,694.4354455136264,-1556.6973510427372,-843.254253386652,149.25822167752835,-21.684769760189216,-110.0724019003851,132.09692137309148,0.0
804,99.23030254249475,1418.5702074565238,-1115.5896273792016,889.8461449574658,149.88970703248071,-16.50260153960517,-99.60960489858942,127.42297968505673,0.0
805,-1035.9674760194948,1291.861930987239,-2071.0488853565375,-1723.8240391865281,143.759164298398,-20.26885515510996,-117.8336545997972,138.32896765957884,0.0
806,-452.4161824464483,626.0587184313995,-771.7464932574844,-388.86782742312005,159.5465186759838,-14.60398747139467,-111.25909171131838,146.04151459894803,0.0
807,433.98729141641144,1969.852630485682,-167.799571257721,2154.0100195090204,143.04276490758352,-16.173765464325136,-110.8276376964292,137.80040326989032,0.0
808,1620.6534689682592,469.97947670612854,-2026.3418133748055,-169.93503788572363,152.28098526588926,-20.040309617349045,-100.73695528219955,130.6328724298093,0.0
809,-135.93084548567398,-146.15597374001896,18.929430407355063,846.3599540213869,147.4756272732031,-11.87108756325451,-108.61516699328729,138.8099998728939,0.0
810,-227.89306580424352,576.6547181447659,634.346428215455,401.55968783674905,153.70902659928782,-13.724068924029684,-98.08835498920149,122.83670569240758,0.0
811,1421.3839042517127,-573.9623694865832,-140.61347574724192,1052.0082557815433,156.47222853220092,-13.26750132860203,-101.9201642590762,126.95079467888276,0.0
812,-273.1467548663592,-556.5198227418425,-1630.159266743908,14.352966367667985,153.53519762454883,-17.174839900294362,-100.34317308721387,133.69387772691928,0.0
813,1338.4539862149709,-1234.708237484036,-1714.4047908001937,-379.34121978230297,157.59915980807114,-16.064320541831655,-94.14820741859948,125.34345979267265,0.0
814,-797.4083204271907,-670.5729740730973,-918.4487532143487,1011.649554119686,147.26684211378878,-16.597037819268284,-112.27349017839981,136.07132017798224,0.0
815,-583.9364303154856,1337.893326824025,-853.8339835874659,-676.8741708665682,149.5847715917029,-15.238724073597787,-104.29876655029739,124.4779328015403,0.0
816,-1260.2345582116984,-857.5985374488033,-803.5101448570579,-644.4781387498708,158.00681795527663,-23.099095834426446,-101.48438682883607,127.59444016505682,0.0
817,1540.4107680061618,4450.067182594184,-1188.4225676817691,2230.775544975771,153.25435012524204,-10.636531248662436,-106.09616510074409,132.69143151380106,0.0
818,-1227.8379669586,962.3092611628097,-710.2111971586761,-1581.9667586615606,147.49893949561263,-19.79358842856476,-104.01088245662291,132.07724896029762,0.0
819,-436.28094362459126,942.0302776210557,-847.5795669718061,-324.8532314444223,148.26141665828519,-13.800960291173439,-109.05285343745561,130.78534895306422,0.0
820,-1462.1655246825833,467.7149292321686,-1226.642412062978,-1790.0418449033348,144.41814853547527,-13.22007148383922,-111.66430393116984,143.17679854224033,0.0
821,503.20185575529393,905.3191491139796,576.3154753868414,1240.3167166619235,151.68961541798436,-11.792538917215698,-117.15208550867307,136.29366497546332,0.0
822,-2122.0435651438265,831.622732385276,-3399.278374290274,-3248.4224425134803,145.31926212561694,-15.32264174270915,-98.64756567564615,135.18061543841267,0.0
823,-578.1394183116201,-251.5829424510108,893.1471727394179,276.1034521176037,158.5530969754729,-10.587545404281991,-91.93542332214872,122.38847476580516,0.0
824,-663.1096543407614,2627.4106681948797,-744.5810893687278,-1679.9672808923397,151.43361803793692,-15.097061636872711,-100.01982812668142,127.69980738982395,0.0
825,1328.3881122109951,1088.752753242889,-994.2060842821801,1112.8909046009019,145.4032132352043,-13.528443966805774,-112.49773514064385,130.70149213620368,0.0
826,-1640.8245114588185,1772.0269301487879,-2697.855468556551,-564.074350529793,149.93054108916692,-18.11255054853582,-104.96773739780117,119.2952369250846,0.0
827,1951.0883720496533,3305.0729664108776,-325.55980521501755,2517.2177452606734,148.54387016372283,-10.105229525747673,-112.56133074313213,137.516243891407,0.0
828,1204.390491296078,2397.5161640920437,-973.7012657021511,1349.3121133413613,151.2863733079389,-11.2792063995027,-103.22188819672309,126.51652168444906,0.0
829,-629.8278427674381,796.6294023603165,-1351.4238868822774,144.95564665288342,151.62291463580357,-17.20049536332111,-106.29916435427762,143.0143111567978,0.0
830,2423.6527853405432,722.7733936675203,1837.9378631697293,3257.235369385945,138.43667503014203,-24.530731258482056,-111.16021761444975,138.76121662740795,0.0
831,316.2409788603028,-317.4616640719721,592.3537993377756,1464.9675513239558,150.88308691971568,-24.787686085364342,-108.17215105141004,123.92063283507443,0.0
832,-841.3134104790059,552.6271330953606,-2932.3797492065246,-1006.6190347455731,157.51374035876108,-9.173732727070067,-96.89496838067163,128.3020042982872,0.0
833,-499.74315822846654,-194.18248036494685,-3160.2150721428684,-1554.717329746262,163.6606580057959,-10.28988018399305,-93.09852706992314,119.48126195916984,0.0
834,-949.9677349467902,1147.2460217135463,-154.96186195808082,-1160.0208678166455,152.4094645113139,-17.4776546545874,-111.05153557924419,144.3168615082434,0.0
835,1473.4278323945593,-2786.5190760608602,92.1171031950107,30.405063187945224,155.66210514144095,-20.55130270236869,-101.34038194957682,133.24645636734815,0.0
836,578.0417529808536,5271.110705016194,-16.178856265048434,2856.336074087145,156.9639495080797,-15.265851400753807,-101.5128842729509,125.3209418399457,0.0
837,273.12108122370415,1273.30460092065,722.1573630478103,862.0922571083026,154.56032030356215,-15.390634126148493,-101.58260703506285,128.33367054566125,0.0
838,-1295.1725559586998,1394.3389727815036,-756.6813116485874,-1839.9840493482968,151.77662949925949,-12.143650886802169,-103.05991481142094,128.97992802813351,0.0
839,1697.790460713419,-1243.9547037805203,-482.8354423284079,386.7779096178413,152.56289604570472,-14.853202795428148,-104.46108172558861,127.27421702568286,0.0
840,-451.1011792006687,998.7922143529033,-52.54350429334258,-397.9137441255491,149.70244924878858,-9.734428531791748,-94.38613160795937,125.19621630780064,0.0
841,111.88532730563476,-759.7166674210014,-497.3318150583751,-14.518933992876025,143.50227938117808,-14.461677641514868,-118.41581900340299,133.62453673905003,0.0
842,809.2937793101722,2167.7095308030366,1367.496953097744,2170.1919069266614,152.66728849407303,-9.008270867205034,-97.30761650173768,130.78244316448286,0.0
843,2379.835312507754,2451.8717407976624,-608.9539429429009,2233.7123928757496,142.1274634170177,-25.60667353811282,-110.75717096657623,143.59959481657333,0.0
844,-833.8342155330475,504.96040610742364,46.65110970547697,-591.6300323176555,150.78023081082858,-17.40693511383472,-104.96866018616366,128.80464712027734,0.0
845,-876.637093572627,2479.1541633266847,-2281.0640671554956,268.9888825374773,155.41371152757796,-15.836306357682771,-102.59264945737328,128.076944359139,0.0
846,-1179.9439196263852,1122.684536305863,-1556.060728608558,-1660.1597069956874,144.99970061345527,-18.766073086929534,-106.34099553533675,134.4511206015338,0.0
847,363.08016288438637,373.7443320881491,-757.2172196244561,1112.1653407164908,148.213542969616,-10.25595849322615,-103.75837784287577,138.08694484261548,0.0
848,-637.1631993545765,1257.4955551680375,-1735.649394702852,554.780493377293,151.6444022720876,-17.345095985429776,-99.16651328683153,120.36714858083805,0.0
849,-600.2572630139301,925.2823241483461,960.7101411597312,-212.02052572456967,153.36028036586708,-19.18189022344533,-108.97008821458157,140.08291237313617,0.0
850,918.6694225356297,1849.9419953166732,687.2372711637568,2680.254415225192,155.46680816197534,-19.468782127096354,-98.66479109165726,129.1502106518852,0.0
851,-1276.7733822669277,679.3586543556669,-1779.67267802458,-1567.9399433813344,152.37685699132837,-13.440051691721713,-107.52827160662694,128.42611547874353,0.0
852,-167.62436180369252,2719.1150296285614,-2268.193911935618,807.1024432496937,161.85950248715014,-15.36179357963064,-101.73644219956299,127.01956000028255,0.0
853,25.665820602212253,1028.4219279456468,1216.4198456152044,642.6677125363774,151.13324206185334,-18.237193872428886,-111.4212167148928,131.43567053228756,0.0
854,-207.3091199481749,1109.0423141342544,-962.0451618034613,-211.13586891035936,151.1924956552041,-14.654910634816094,-97.09267978941233,123.3713160228773,0.0
855,-635.7810153473407,966.0825037294958,-825.6442276828246,-720.9981398160139,147.6364313200018,-18.728217402447154,-112.31430034863146,135.15705430044625,0.0
856,-1777.4755778124818,615.3860823057591,-2505.0617338226925,-2429.8689418586387,161.35585102611745,-10.854248994166575,-96.34165421654804,119.29787964298018,0.0
857,-1470.7728331439935,531.283606526162,-1726.6329097444595,-1727.40416764452,153.1946276062971,-16.04636549984001,-96.12581670232895,126.97020525599376,0.0
858,-472.2184206276752,2985.9522829705675,715.0809364101966,-1257.2000326715067,149.4869411933414,-13.19915294733752,-109.08141603698579,133.4435778465356,0.0
859,-1388.5229147869331,1258.0509827109945,-696.9177881469002,-1934.8021647098544,154.63499454685396,-12.080815019437141,-99.37541551895515,125.23518390509759,0.0
860,-334.16246983235476,1510.5857170011334,-409.4539411345928,-410.60281082329305,155.1585955881045,-9.626329309077553,-109.9012652060331,139.3452249303547,0.0
861,-1147.1600636884525,807.0022520101517,-1850.8128969716736,-1680.0915552522224,139.5363191678514,-24.9870908231039,-114.56771126389327,134.25254035892254,0.0
862,1539.7525516668238,-100.18621612391733,846.826395632743,2131.735855816805,151.26951732497963,-19.634861940685294,-106.67822374132463,143.08855506007944,0.0
863,-687.3658965537232,1423.5761551589953,636.5172657543903,-808.8489164657077,154.37312751991215,-14.170727557269116,-102.44584002344781,126.94202008529389,0.0
864,-1847.4943502543201,-693.3306006067855,-2481.917232377847,-1347.32436487172,149.57354953773032,-16.310141842839823,-113.96356740329253,133.84468899355906,0.0
865,-660.4289171699883,1064.1406001368323,272.17410091574516,-579.1800885568134,155.52903837266567,-18.320645595087708,-96.7352916391913,120.20389167738652,0.0
866,1505.947149155029,2023.9259316815453,-201.56627481834363,1556.937139948367,155.26859300916786,-14.1229622552992,-100.08127848729704,128.12421112252602,0.0
867,-165.93528548737058,2301.6636532568823,-2309.920669006212,202.1297636326082,150.4880086426765,-13.748962232095336,-95.8256443132872,126.78692524066885,0.0
868,740.7868143288057,-1377.6882458192638,-1654.5043629006623,-506.5393078347615,147.77672781823767,-16.667378182528722,-112.72419258786078,139.03006853032787,0.0
869,432.48712461124694,933.3012903472458,-1468.4991719608663,230.77607588654521,147.9555853209696,-22.716135354290792,-106.27308024564906,141.2177602835029,0.0
870,-1011.1006652897023,1845.0058165543533,-890.490100056628,-1739.1120659088044,144.927388156123,-17.53790409492951,-106.75651884516436,133.19471016285934,0.0
871,-338.4414515097984,2204.3051098298606,-2500.3761529555736,-209.7858843655897,155.3210332419094,-15.470697471254821,-90.3321706753579,126.49074107077026,0.0
872,1005.0937495090122,2048.2562221921635,-1889.527648253216,577.30552175647,151.83141486840827,-11.770418579886837,-107.44780255704656,133.2409155676634,0.0
873,-24.547473439578283,2635.9105043104955,1239.2562001646083,-304.80380075495725,158.087574176449,-17.67920287534849,-92.82407245665273,122.55540345934592,0.0
874,2334.6940013714775,-653.2736514757114,-705.3282191825233,817.6509873913659,150.3674557202007,-19.774507987099014,-101.73166678929603,122.6282253567402,0.0
875,-811.6206224666564,1423.6126084038208,-1499.4750748391955,-1260.1060313641508,153.61561954663765,-17.84949180329855,-98.048982930879,115.48204514934977,0.0
876,3268.7245373532614,185.23337269890072,1881.703244228826,3290.5040544901217,150.4629270834741,-16.499778595804244,-106.06557189816704,121.77662734949931,0.0
877,-918.3190371483801,511.33626012103736,296.51657527936015,-638.0398051842714,155.40515083285732,-18.675775701289336,-101.41542440701477,122.3125027058215,0.0
878,-98.31995080938685,1960.9264421483442,13.807421345379211,1294.7771314559855,149.27906391244946,-21.447771655206004,-107.38723410117935,126.7293236182678,0.0
879,1440.602398614485,3560.6737757246797,-1544.2938600551,1464.5361824234883,146.58330605584172,-17.471774963622472,-113.7087698441114,136.41599372676797,0.0
880,1509.1534274670457,1403.012808894322,-539.6220292200238,973.1533020583348,160.81179384323153,-10.048397771668725,-98.21231711230722,126.23323254892169,0.0
881,1383.1726816017342,-1635.6998572039734,821.8970705931092,789.5715820993311,150.07332768593994,-20.09601414319644,-110.30852700013693,136.96239039487207,0.0
882,-1293.0431533581452,737.6565174578496,-2734.610155721489,-851.6789578364642,155.2386216698856,-11.514362630859264,-95.61248202621157,110.26352418158862,0.0
883,66.11916373402295,358.70264376757757,-1346.5073498676516,104.69153707130933,141.6860775380235,-18.457778458327848,-107.94701048861566,132.8305029170198,0.0
884,35.595779597722455,324.7875367305265,-1066.7411579938425,568.5838099844805,145.8346964106212,-19.600283884485748,-110.06300894302701,130.93161113195293,0.0
885,-114.02323250497007,1323.626796920254,-398.7492173082896,-32.092544533505894,153.84090191471543,-19.86769025442167,-98.96869491686996,127.56236423641374,0.0
886,716.7593844729518,1699.4578563661053,-2465.5175360995227,-338.1312737543654,147.92996644650975,-16.189022243343846,-108.83486289543787,131.59164021276814,0.0
887,-1421.1179384580435,-224.22948055311136,-1242.7324378011924,-1337.9842759940677,142.95607911502944,-19.27369827956644,-112.51176205316231,134.1850569667407,0.0
888,-1803.9924299556021,730.6038313126575,-1372.888525335849,-2354.3099604735776,152.1559883293299,-13.224998389781442,-101.63562645441492,125.00639882423002,0.0
889,36.8777651555533,1341.0239506283656,-1180.2509148264212,52.03068902855974,147.75194402359375,-19.14058014055506,-112.5191268790927,138.83015378952402,0.0
890,-1216.9005085928395,292.2062394165354,-2839.365005472771,-1460.0354174347203,155.98229839426872,-17.151327673443674,-95.23442857643487,127.45223978361295,0.0
891,-85.2156399461219,-1245.8621916657773,-1609.405051407188,-631.9781369181638,149.90820450137872,-17.8364754154469,-108.07807200742639,141.8508642466612,0.0
892,304.956978025485,3803.608728642287,-683.894397629093,1690.9445513964467,153.5924885859964,-10.764734299051408,-100.30093251972983,125.9894438105172,0.0
893,-1262.9675902767829,2193.7457840736424,-1366.6595608761334,-2276.936597432759,143.69450459479694,-13.321492539603396,-105.67510663903712,137.7400836930048,0.0
894,591.6057068078532,834.1300769600781,725.0244818169078,929.1296056232054,148.82777226576104,-15.697814033143688,-99.26643915287156,127.73952238199587,0.0
895,1083.235237226887,551.7652652226857,-158.83060606622496,765.9749777736914,151.86597391537794,-15.930638800443484,-98.0197142643714,127.68803142284469,0.0
896,447.6933658417674,-3055.918809505331,-1011.5136329782649,-918.2229732141899,151.29115128624096,-17.9263239789546,-98.96733769508049,127.54790878390422,0.0
897,-1125.9423772260677,2559.6066099903055,-2750.56911391687,32.449300644901825,151.87381444434854,-13.97746110159036,-107.14419744852046,126.05006841404345,0.0
898,-130.99178579728178,711.2172856925957,-2189.6448210683825,-407.0697176551763,147.3062110070647,-15.766728019740787,-107.39073703603202,131.78566388060503,0.0
899,349.5378304646007,-330.5494154782046,-2216.1827174635605,-292.126428588416,164.17669461166244,-18.59077346836355,-96.78043191378592,116.9733190381743,0.0
900,-1104.3745411822842,243.18712189069927,-2208.9756990775168,-1203.126862689558,144.64182064771322,-21.94319201362265,-105.69173493341737,130.59119944618155,0.0
901,-183.74811621199427,-101.97409926197064,791.530281011676,746.9446768524576,148.56813544580697,-20.859816824032883,-109.26795556838287,133.30811096612643,0.0
902,1173.2857866728473,-296.1852793005791,-1904.819713019311,-270.1834298005417,137.25604492707444,-11.583749564523789,-112.06161762530571,143.6862123061606,0.0
903,-339.9650276381627,265.18219504028895,-551.1445343120397,131.73768636411796,147.0426852113514,-17.281749468463293,-109.05837802353649,137.87995288016506,0.0
904,-674.0323179306258,1014.0987741063565,-1598.0322012064541,-846.5554588256002,144.9357863800531,-19.970967507151585,-104.37356593329203,132.06417700032225,0.0
905,1058.9202999553545,1267.3068045214318,-1331.2060834574381,-208.03684055165914,146.6988219529312,-15.532636854795076,-102.69241159595056,130.74389310995994,0.0
906,-2317.1784536994023,1008.9362176904475,-1360.8897196366513,-355.2358229104014,150.46682288338238,-19.04392686554251,-107.10418360483253,137.000327719954,0.0
907,-1753.7095652505704,1280.1221725259618,-1818.966304216255,-2655.1820835661115,148.6491779384515,-19.77739861200282,-103.42047860986955,136.37933626376574,0.0
908,695.0282951123788,1368.831059838052,-428.14956594212657,1234.9176224963655,146.49049840207047,-20.090357049854397,-106.37008234374053,140.04362349977882,0.0
909,-1202.6231299361764,34.480897897379414,-2724.5739573144015,-1485.1266241712733,154.50895274883337,-19.62350543426764,-103.31137052575468,139.74738692173656,0.0
910,-589.4618967524813,90.04391435848689,-119.5482768788026,-57.87306279964633,141.80984665229013,-13.999736982036909,-109.10019605349842,131.99319508399083,0.0
911,-1439.668257212487,-45.888495241363984,-1811.9573759493192,-1512.8170318487123,147.5976801781223,-18.971793467956218,-107.13507586575157,134.49934857326457,0.0
912,-991.9920923757894,506.2932104049629,-1008.9191564711464,-807.0376713390557,163.27041264828287,-16.47998354708811,-92.67458428741098,117.1224659789095,0.0
913,-801.3156332305174,1499.8170528011774,-433.3954365619691,-1003.2082255103606,149.79927349082348,-18.563887074371312,-103.1293760361275,134.65378322122092,0.0
914,-1392.5383455637525,173.3609062949606,-835.1133203632336,-1538.174465793416,160.82010404848046,-14.09362656225742,-90.1183070673048,122.05572528862297,0.0
915,-1696.2238029128782,986.9771327965196,-653.5582223400243,-2273.809574346241,150.98121675862623,-14.786950844793418,-104.31721506226556,136.34647632321446,0.0
916,-529.7975439567547,1633.4699069370824,-622.4875219181664,-876.162648069344,149.46220381644955,-22.693790977062157,-98.75641220135009,122.60948331979337,0.0
917,1255.8876848062087,2172.4111465510846,-955.0893195273262,1352.2762461689542,140.6370183754982,-20.381724569502126,-112.04646248164802,147.72378931983548,0.0
918,-430.92720574746903,447.0190772896337,-165.69451251629167,13.410823611793187,151.13810420090607,-22.424902544007132,-102.55174140029268,124.4140455345012,0.0
919,566.3209815320087,653.8907255497234,1381.5774358955582,1544.5679083628486,143.56362394545798,-14.200799496072593,-109.43483792468743,141.33907393013612,0.0
920,1660.3496567757634,-1570.0183178119378,231.90528105802022,827.6854939612397,163.13282221711188,-12.974212557996466,-98.7441619157351,125.4985872881192,0.0
921,-746.797286579033,2851.985785416054,-1783.0278148553184,746.7266305093124,150.4940936742814,-13.975486956412379,-100.0426760631023,129.57669353137553,0.0
922,1457.6919333805738,2919.646767924281,-2070.0914707643833,785.4225329929225,153.01848112081115,-14.08441887194015,-95.48059026027589,122.74681279779882,0.0
923,-787.0119293403521,679.4118160837355,46.41045825073924,-638.3566938683645,157.2508612367423,-16.357521869335418,-100.03344835234506,128.41586039573306,0.0
924,-1286.1212844698748,352.26503259058245,-1575.1100477547652,-1461.756775857965,144.6199641670432,-18.525556882059714,-110.28163701788237,132.6294897232544,0.0
925,-157.74498980961062,327.08781786450254,-317.9491816597559,335.5046946174,140.4721720923687,-15.918271944202079,-115.47821435331488,150.72916877518128,0.0
926,-341.657693952144,-645.3105433424669,-997.2844902617475,569.8004024445314,155.90568045878138,-17.17132966092779,-100.2372495663845,123.87609664019651,0.0
927,-603.2810114475769,482.872575409063,-1159.3838949246913,-321.0039825786038,159.5329270614991,-12.718877448972078,-98.1077804092431,122.78754678329052,0.0
928,-745.3812917324893,495.23111724802123,-1092.796955412258,-678.5067479512218,144.48432163389663,-16.79327786029898,-112.95284876664817,143.46548284370132,0.0
929,-1201.0949170917982,709.2148359092678,-1200.6909384120515,-1519.4536847200845,159.8152484249608,-20.20871312018584,-95.40762706808378,125.24196763401245,0.0
930,-1016.5967318459515,1241.4757768514157,-998.4037288032781,-1460.3052765509876,150.94933237893503,-16.014106106041073,-104.0803310033168,132.42018675946383,0.0
931,543.1766269065347,431.12456046925,1160.7759827448965,1723.297082479547,156.73520200278068,-21.08198754477572,-105.02908944823429,128.9881289083934,0.0
932,1128.6599830843086,2582.940267181581,-1603.0263731148457,728.1216661447099,160.2235795891663,-13.291236620198124,-91.12483343578839,118.84330962764973,0.0
933,-735.9579996646663,201.67618462235967,-1295.3297792970234,-526.7506286739188,154.30950903184092,-16.367960827836487,-101.03482746620901,131.37465952826847,0.0
934,-1060.2727719662018,1397.7996773468897,-61.82742851858308,-1421.458156911408,151.86403131617095,-13.7716740491832,-107.21408477368192,138.605030051858,0.0
935,-71.65161392085453,2259.422322059305,-1237.4716939163823,938.6659781273963,146.3801909331289,-19.7626292670735,-105.56163480817229,135.37920122530033,0.0
936,1570.6089059688468,1550.1899102610255,-352.6025889384486,1123.7859766230326,151.09720685064727,-14.538047508104581,-106.76971101512709,126.03867629102812,0.0
937,-1322.5803950397424,-948.7040422879493,-1750.0876276733873,-1122.0383978205184,155.22334390377344,-20.598983007346913,-102.93009828622722,120.51797618133955,0.0
938,-1475.3192037818085,814.6745986412913,-459.63000834888743,-1823.2879417189092,154.20678803125912,-15.909159043039352,-100.98125587206269,125.27874788065508,0.0
939,-2292.6765740610367,-1849.9531311469452,-2185.582963920938,-1854.5511638200092,148.8793000977125,-17.515647579036088,-107.61422615302865,132.50881985731746,0.0
940,-400.76199197588096,2443.630948614764,459.75418411282044,-836.6905484362957,153.80920634349502,-13.449755448677944,-104.57516083913796,132.56697535892107,0.0
941,-1525.150625650907,-682.4124795481139,-1748.793092457475,-1374.8631203768482,156.6852136545611,-13.227326422714157,-101.0241084129591,131.8687590376191,0.0
942,231.33712970938447,159.2828768017876,772.2544574165358,1368.118222339373,157.29330092497668,-15.911665438418387,-100.90530836321496,130.9612265942244,0.0
943,116.46417986666825,327.1003158516671,-717.7503513823568,806.0073193915001,155.93080799215855,-10.319294503257435,-105.94537857261152,128.21152311411657,0.0
944,-1169.494236992943,1883.5518169925374,-3426.9415975754914,-302.10975230338664,152.92115165368912,-20.300691871126986,-99.95842281845853,129.2207453147403,0.0
945,-105.00429588562255,455.2028640469097,-2075.204608340933,-462.20505652128355,147.8947788834787,-20.547066320789448,-109.18167983612327,134.64363376241297,0.0
946,2508.2712005978174,-245.74249288908183,1589.723061803421,2809.836264622353,153.707900363357,-17.707142597590845,-104.62278990422838,132.74682134284038,0.0
947,-108.14309517366038,1729.2250436218337,-236.4361853182805,-173.1819591475844,153.37043987814255,-13.942170392117923,-101.8735294032351,119.89260566951158,0.0
948,3347.9271591362176,1991.1823653436034,1575.2863060160955,3071.777629257846,150.0921499308737,-17.55678727489919,-103.39506664371297,122.94861524799005,0.0
949,628.4852925431087,890.0667201819591,1014.0159517461755,1563.339528837456,143.51161784021508,-20.3865537145885,-112.89035371097592,142.40432538082035,0.0
950,-949.2142634216553,998.3790986094136,-947.7795028444833,-1136.2457781429678,156.24970022649202,-18.329190475134368,-102.43500693173874,120.46142531254702,0.0
951,1087.1386585955381,1816.7922279275285,-1787.6626226886513,491.54487396222316,156.47805774938914,-14.220005038271731,-101.89040333245103,125.07822012852309,0.0
952,-1424.2162358145354,239.71081849318267,-2238.4222602624764,-1574.7747328823123,159.07200714523196,-13.083959638246284,-99.68811095370464,134.83336960652989,0.0
953,-408.5639982902832,248.07421805385934,52.6646048780954,244.35097699730963,149.34039974799597,-20.490176838837996,-103.13903386649912,134.42340020437985,0.0
954,878.9472355781082,1168.4413515090087,-1642.434270503199,476.81353262805266,148.69050781648275,-18.93581465589371,-103.01066265488542,123.72605382935522,0.0
955,2527.5399542952505,1292.1596703947632,-232.72485030784438,1294.5264429876195,153.4740567563356,-13.872338500628167,-103.38258022789162,130.34402746452608,0.0
956,-1160.8632787900694,-362.02357546283207,-2251.6953419954766,-1002.0055583147337,161.1913470081259,-14.458766797723566,-95.50011836426741,118.66934855793575,0.0
957,-1441.898106446514,-205.4748058281263,-1391.5726125920742,-1398.6965535209874,154.4635030066651,-14.56262365368945,-97.04166153733328,124.75391155822713,0.0
958,-646.6494007597805,305.80897929218196,-1374.5844759944846,-475.3652803857719,161.1525355502446,-12.030279097546613,-92.9388856594493,114.75055697062244,0.0
959,315.68612824620453,998.1714361421606,-2093.8979178431646,467.6321947670131,148.56977162854267,-20.21632569766364,-109.43494558663154,130.43361628125095,0.0
960,-272.4106046204834,-87.24450736574143,-3082.7243496260817,-884.2443041552659,161.8070017965634,-15.750510176378803,-86.53264121864507,110.81995039683031,0.0
961,-709.9690069821993,1122.4386082031615,-709.9814856080199,-908.5846842748119,152.58849515058014,-16.56794166045022,-105.10253469711792,140.3188132442044,0.0
962,-137.57152763918893,1807.0511284925776,1193.3918279288955,11.231074569417576,147.2919594385526,-13.504448203218196,-105.2495432209443,126.21660729462745,0.0
963,1234.215497026053,842.037662888155,-747.2418281293594,1212.63763833573,159.70795184581328,-19.110327284896393,-101.35322975203633,126.72359180055413,0.0
964,-430.1926617240132,-1008.8186798166716,-2515.486498712663,-1468.243196070013,150.54466922183641,-16.76736077957036,-106.87189951452926,134.68145367598393,0.0
965,-1469.0379732350275,338.63552016264924,-1368.9953578011412,-1659.182709932615,148.1039652844155,-14.96838705115975,-104.49792287868675,132.8355755921726,0.0
966,-1179.0446960298207,3.5200620675719607,-2177.8441224048024,-1314.4213010227083,155.53791537350523,-17.886004289569986,-103.81998335733695,129.87197771831728,0.0
967,-1185.0284329150957,1922.538065505745,-2320.043826972245,-327.4220391743756,153.31438331398456,-13.157190531355383,-101.76676408880978,127.82251034470819,0.0
968,-331.45695611232486,1520.4594259095825,199.24255527393424,-423.0820864873844,163.25995347997045,-8.318247961337116,-91.23341872438876,119.69271647949411,0.0
969,-1307.4816549007855,1593.7879523365136,-2197.3961014603847,-2192.3391486353157,151.36708294092904,-21.6908157453094,-107.9083335827029,132.7244787614,0.0
970,-58.07432374323768,-446.90472783491634,532.6716287828056,748.6217855447827,151.76625915657084,-13.64630013320059,-100.72582954710369,128.28919285170116,0.0
971,2155.2040939916433,3898.677964511653,-36.01681139614331,3403.605622279617,158.31223226423504,-14.964342789025233,-98.13073556072591,123.45963432724686,0.0
972,3027.6038710151233,1281.5514598048273,369.66714665214386,2070.872209673664,154.01614676824227,-16.96270245394578,-101.04555625554227,125.76784636845923,0.0
973,-953.9444049384001,836.5835049599057,-1581.1437642903172,-477.7472336833695,161.95346971633992,-10.43993570700496,-105.7725640192625,126.80692481199262,0.0
974,-535.8764397130917,3250.9561814447,-1206.2075844937697,802.5110205064626,154.19140412949423,-11.91715271879375,-103.96396428099507,128.54912483755746,0.0
975,-1834.6040315619732,2863.86551277867,-3583.9079536096965,-768.1997563650785,150.76735334931567,-17.86263300535973,-107.87174341428032,142.55524584591478,0.0
976,2162.4124444786466,3236.5424345299334,79.47346661277417,2652.711856499281,141.83050796566778,-19.31429184252411,-111.9554398769957,133.00167661623084,0.0
977,-588.2484249670836,-61.96371417610261,-236.189962362443,85.39455290301964,157.71515415344308,-11.724437665454442,-96.93881635672345,125.9018323055117,0.0
978,-916.8625626475239,255.0801960475563,-1070.0768674260244,-740.4356537584271,142.69018710251814,-19.597099177842132,-113.8409716547708,138.83153461789013,0.0
979,-1025.8195767762795,1358.052515655247,-368.141423137965,-1429.6465665102633,151.300003622007,-15.313897516143635,-109.58187609925953,137.55043573717646,0.0
980,-275.84395064950496,845.7950876851685,137.10621797132362,74.28727400169309,137.6302331630365,-20.886551219179758,-124.95444136136702,144.72405798104072,0.0
981,632.5033216244689,920.0692312739495,-1132.2771932144167,98.8480119953714,147.59410861855054,-19.649058586102612,-107.0791546358574,135.56337905045945,0.0
982,-916.4042969904799,840.8440193544512,-1432.576480223711,-1030.4184428323965,146.46434481022288,-18.28244136708921,-104.9291961995255,126.79196745252717,0.0
983,-979.4062568227038,1172.2938911444207,-602.7517731079191,-1182.3621733743653,162.6296693290277,-6.471818849447999,-93.58827894782432,122.09905124272007,0.0
984,-116.64706806417898,-1299.6135030142686,-515.1371617572822,352.2466233175663,156.30905174402645,-9.600232092162525,-96.07333447510251,121.12441270648779,0.0
985,100.9022162897185,1578.6971178105073,-2053.9584655284175,365.11524846198637,153.28415663872943,-15.729568595538991,-99.70300512076142,128.31191164758167,0.0
986,244.24435315846173,-250.02358087668352,-1431.3277099437792,-359.0992470357374,147.88061233994708,-12.828094380187288,-109.5638038771405,128.6072153865868,0.0
987,465.72922490401754,-452.10472586980217,-1436.1605217816755,-175.14546454904627,159.82132264718737,-15.899898476060802,-100.68364754639839,124.7306747465662,0.0
988,1406.2942585209912,1213.3559827166723,495.77081981315735,1294.5312470456797,151.83014415170337,-15.459089756513388,-96.23287905422784,123.18057485962372,0.0
989,-1116.9922719011668,1037.6385673792881,-283.79191802504187,-1399.9313450332636,155.8357178468287,-8.10554742212463,-100.09983440399463,124.1244147540266,0.0
990,-2305.833253124945,-2539.366795397488,-2014.483955076321,-2609.50521883501,147.35275977608612,-16.43770182339498,-109.34295472228835,141.68308261698226,0.0
991,-1148.2864039132292,51.12446402696165,-922.1079723064165,55.55560354904239,149.84799545047272,-20.630564037876443,-100.16898430751674,126.89011557082563,0.0
992,-230.35368244947944,592.1457352301998,104.21693382831246,194.57810371599263,146.64038601957492,-18.03965816010733,-115.09972810727578,136.12248784109187,0.0
993,143.13208622191453,207.428598682831,-90.41773013643453,1062.1837015354783,157.47572811605832,-16.701875784545443,-97.31767085314702,130.6359837021221,0.0
994,-1041.9238447385935,-82.71054820688357,-646.4187510069228,-752.2528146195159,138.8030942092704,-19.12204464658409,-118.28924488654211,144.56966913167844,0.0
995,-1350.863718730678,1319.3466121155573,-1163.124491922011,-1826.8097076208041,153.63540834748363,-13.88126734025768,-107.14103574552533,139.99394583839805,0.0
996,127.79847957446813,128.03123858152307,671.4910391079595,1104.5247080866384,148.50259463310994,-18.19050320471071,-110.58577772013211,140.77684669150477,0.0
997,462.8825192371087,4707.9375387133205,-1190.6955733254738,1519.1961238755744,158.11159385549556,-11.325296873026641,-97.9218436903511,131.25494879067156,0.0
998,-75.19689777170879,1340.3105072230908,-2546.0356307338807,-205.19489119336015,148.89570565645533,-19.99411836429665,-99.47787208001084,127.07833633331641,0.0
999,-299.2709767859297,470.01002602424114,-591.9645788027282,20.38180747281354,158.46335097476518,-14.618250861906704,-97.67233002542346,120.46396368309999,0.0
1000,1077.579925092431,1409.1205677402118,-1157.109855338179,521.0754671737413,159.97232981302898,-8.837052612556077,-91.69951785466365,121.56848785667758,0.0
1001,547.8438575004345,1855.4547356454286,-1333.2516031223904,677.8784225235063,152.45029707324503,-14.915246144104552,-94.07590388532407,120.81618039203825,0.0
1002,-1376.6354873341681,382.09086216422554,-2100.005985300131,-1753.7924415149837,154.9337088350703,-18.296248737779504,-96.8732476953505,124.20498147901583,0.0
1003,421.6442535922249,-297.4891967490372,-321.29896026492986,761.3407137401267,154.47861617568643,-15.83228507369859,-92.68307478609701,130.68903417250738,0.0
1004,-1927.1413696082943,-396.527610107312,-1470.7151668841211,-1918.12424016197,158.75294934263766,-17.445471073176723,-91.66285912865462,122.63292846368125,0.0
1005,2207.4064047700886,490.28093002029146,1137.2802569840378,2403.5997469108083,157.9929525250822,-17.407880874335174,-94.5941828199233,122.1653666128158,0.0
1006,-841.5506873300602,371.66134190576605,-1763.0046416130501,-806.1790833023717,157.27489537831966,-19.05662598672957,-99.55118822159119,134.01540333339338,0.0
1007,2765.278354246598,-1064.4153251232408,700.4412532482045,1839.0313827935163,140.4455046061083,-14.958917691393317,-114.76268555199013,141.66641010132636,0.0
1008,607.8371641556223,-1524.488024331427,-1160.7167671613427,119.92660626756424,148.24624700133188,-20.7932446918226,-98.23662642354692,125.79129510347855,0.0
1009,1304.2295931338563,2713.1893617041032,-1347.7564933177607,1488.6783833002748,151.22219920592238,-19.36660640578199,-101.69429085961725,128.79611822541713,0.0
1010,-139.89738360818785,755.5421918897672,1225.0141004338154,555.6137194996786,157.3931096496952,-12.752614411328274,-102.54141607149374,136.82936339832045,0.0
1011,223.64231338417332,880.5509227430942,-1355.3380409170072,123.56672692902633,155.400552785952,-17.609767869310197,-106.11756637197338,135.1784790653428,0.0
1012,-193.2151151086973,675.9308109192408,143.65641818586192,1043.227191832074,154.9041196999384,-9.816402700122275,-105.1047545590607,134.99580908185266,0.0
1013,35.30195494586683,1773.0431322393244,49.08467796846089,-78.20087329857907,153.4851755804528,-16.42887345571062,-106.4356335481354,133.0587169072045,0.0
1014,-2042.6243657587177,314.4453317672611,-1858.197736653899,-2577.9717572388395,159.41772541180114,-17.032641357636972,-99.06783478001542,123.381636480035,0.0
1015,58.491708028152104,188.68907405569232,89.11430778752224,834.8432954735989,158.2969486392537,-12.248138021177036,-97.08728410380428,126.70633420027205,0.0
1016,-534.771866293882,-269.87584049522474,890.6423353280696,426.55887124915745,151.17271245486106,-11.607450692124473,-95.34545122425382,122.11112738509088,0.0
1017,1963.3297425552958,2115.5383245025355,1970.9155045493246,3492.7295662403176,146.25199151933546,-14.260568492221799,-111.28572062112079,141.0897318961139,0.0
1018,2147.5677553526502,781.428352602658,1375.677561602906,2365.2254570351524,150.07227663879522,-22.973797113249407,-111.02599767946705,134.18782392953833,0.0
1019,-764.3193923032007,-318.33697827452585,-1683.1669274707838,-425.964813003686,155.44651346846246,-9.895563588466565,-101.10749043848354,131.03090948617344,0.0
1020,-1164.2254766351534,1462.8773085470148,-1734.4490604847738,108.42983358345268,150.826048642398,-16.799280234080875,-100.95555942815324,135.89943763046983,0.0
1021,-2213.0110697066493,1359.272922721652,-3379.8439250120805,-997.3007264435321,149.48971538706294,-17.924828043895943,-112.83777560156734,141.42046154529746,0.0
1022,-1524.5511131208227,-1064.4881128014954,-1767.1005211804954,-733.2743841652872,133.59100281388748,-22.05673474988456,-115.80999121529452,145.42238866847973,0.0
1023,1501.0765960728304,-2422.322565210667,704.9420198564108,838.2464247473448,142.25843011871413,-19.298018049379547,-122.81708958993484,155.1440025494233,0.0
1024,-564.9222848810829,106.3119164387669,-1313.2006993641942,-197.46836115703715,149.42080189130616,-17.007207133205227,-105.75537868697045,139.20624118681582,0.0
1025,-164.2117028700527,938.0878065755493,-987.9983125064583,-72.76842912361644,151.32759871880108,-17.27222669279414,-108.33475458832498,141.19031794143729,0.0
1026,1857.2468403143198,-921.2754716580333,-450.4500206839539,421.8350036243451,140.1234634277416,-21.082048272371516,-110.3629978983346,149.1902161346443,0.0
1027,-1040.9966164049524,-1099.681331623353,-1215.7349978615712,-776.7434176793766,150.6808738473743,-14.697644063163146,-106.13023136436661,132.58778416846368,0.0
1028,-624.7458971664668,1523.4115158737632,-396.14385804476785,-864.1963697718115,151.26306681782452,-16.577498812614323,-109.39793502552779,133.10826745840262,0.0
1029,-245.66247345127604,1800.7881948569582,304.3275923412932,-405.5580945730025,149.18231833581123,-14.135114613115128,-103.00921532756718,126.55088147680753,0.0
1030,-346.2655692452769,49.51163156658425,-2774.6178274768913,-992.6999340885219,151.95024428858338,-12.576378309709925,-105.62061422515792,121.40237101301895,0.0
1031,88.17580359848787,245.89241282205452,-1158.3687922365943,268.6879691706317,174.81795515034784,-9.266580076427502,-84.35352108491779,110.11611324002973,0.0
1032,-227.32103069786916,415.7449996867333,-1013.6844062653317,345.13392139315135,154.6383296185068,-15.297336531788796,-111.05842284191955,130.65006557592307,0.0
1033,1038.5062914299526,1138.978592881435,-2017.5199846876037,461.0698822466636,155.76712320276803,-18.482018182139093,-99.4154382034614,131.8487432721605,0.0
1034,858.1439223210767,781.1998051890748,602.9847580521947,2033.3160202607328,161.9067504380758,-11.059791069846831,-90.26424034003541,121.97623862507535,0.0
1035,-222.18221995538772,400.2151744369205,407.1627347039245,450.4924728701736,157.94196444364596,-17.103790369715895,-98.9299363613831,123.3386885586834,0.0
1036,-746.9452323962723,-489.51553150985353,54.98170305943645,41.12944427128432,146.12757673648878,-19.839456729839362,-114.03908931013125,143.63710212527982,0.0
1037,-1363.6480537987309,-308.7871883942217,-2063.601821490716,-1485.140368162663,156.13303100172166,-8.059580962073108,-95.65003659709804,130.17024923660708,0.0
1038,-951.5960780297265,1453.7543457423835,-2063.7720010151384,-1618.531269933467,162.63141136933484,-12.076659876142784,-98.66828610261231,120.35835954056978,0.0
1039,-81.07307827162363,2864.39273646624,-2620.8073271472604,306.4024575900581,158.26521891838857,-14.737188475713186,-95.40780175129416,121.13208914350832,0.0
1040,-1008.4813037727502,-572.3466702869838,-136.05475665382033,-342.76346774038944,150.63410008082772,-17.541764102370678,-102.78754306142281,131.89945782414745,0.0
1041,867.8616089242374,3570.350781118089,-653.0122503357293,1701.7500608671328,150.89905566158552,-20.939304202537738,-108.55228365022445,131.87032582579235,0.0
1042,-307.36244360649806,683.2575456192922,-1202.268696738538,700.4989879176536,147.71353746010942,-10.143215936667392,-106.54775880293201,133.45935849210315,0.0
1043,-503.976494465089,930.9998677211805,-673.1268206086237,-489.05586537968037,148.752992623485,-14.859927695414262,-108.09338708294004,131.14556313957758,0.0
1044,-185.60527013666663,413.2944406025936,-407.035425600637,318.1038349379371,147.84181855298627,-11.229437248013687,-113.39081958626551,138.40728559250158,0.0
1045,-834.4267642290819,914.4298440627032,1.1392779740138748,-774.7017911531783,169.30679427701122,-14.151881739563615,-90.10625389136746,117.26481571519531,0.0
1046,-1176.3005331731554,-619.6249795553357,-1732.114754557382,-848.1559726943344,159.847331650552,-12.784803337352622,-98.78235270665299,125.3614917165017,0.0
1047,1791.8624028896647,4201.3320439627705,-831.1467519531661,2288.857869152538,144.15765591285754,-17.73645432550448,-110.06883449410965,139.46510701131362,0.0
1048,1170.079679056083,2377.559429857512,-2458.4740754972036,443.61720144990073,154.52678025443652,-5.634963269710964,-104.43062011162958,133.1004808735514,0.0
1049,-601.5405988215423,-194.3810350823212,-1140.3845167046672,-56.66508407741635,151.7753282431184,-18.33249144087086,-104.28863819190579,134.61846152082316,0.0
1050,1775.5304088532268,327.123194348341,1002.578931654154,2216.8349663522013,154.1842974945069,-12.666832631619634,-99.68104321467709,124.0862179375305,0.0
1051,1506.7627482172084,308.003529218843,-1005.9897199543882,154.8363335064746,146.90862933659898,-14.901966620815921,-105.14240820971786,136.30024034245665,0.0
1052,-734.9186437510917,428.8511134103776,-593.287093095495,-429.3914282774655,152.4399125075333,-15.248327946846944,-104.40279379922929,128.17863349073463,0.0
1053,-1499.1264665859917,1157.7187259583757,-1685.7399092080573,-2155.5985050537765,154.53765645480863,-11.577709222701511,-105.12052571396403,130.7596334209137,0.0
1054,841.8021027204081,-36.51041011765012,-1452.451938326503,151.67640565799715,152.7568652076977,-16.59271588805012,-107.80637512195237,136.6118649533932,0.0
1055,-570.1199210169008,2194.4597329245785,-2659.100031362108,-738.7110207802659,150.88671320433568,-14.255939274548366,-106.74738680472977,131.77332535468773,0.0
1056,-395.3848963192514,1156.476515040442,-189.1202322583615,-259.52578536515585,153.65175114017174,-13.73215230329058,-106.37401593286316,128.76686764963196,0.0
1057,-61.2405785540308,729.0675967266226,721.688903204483,653.6493268264269,156.12305306232824,-12.772130710955611,-101.59714631264835,126.88402466745251,0.0
1058,-256.7973818675911,2305.074915382684,-1727.0204431348902,480.0167563954139,153.20521223359165,-14.954333599366906,-105.08683240527749,135.02851174584097,0.0
1059,1740.3902009470778,-1652.5549264977294,-232.87321194666583,632.4006780101228,160.50439768371518,-16.575122464349416,-89.72820551812343,122.81148937954462,0.0
1060,2053.8744910784008,1209.8643792645705,-15.322901878181794,1467.3426772826454,151.12670767605232,-14.043702097987428,-108.77849671592769,130.50341461698235,0.0
1061,-611.5669407996689,1995.0030689421117,-773.7638017932244,-1171.1337087325055,147.8022943628622,-17.33332999538236,-102.72551197840038,135.32866679630078,0.0
1062,-469.11766997846837,1442.2543173756558,-197.98982015636233,-608.5383392788941,149.61159200855596,-12.97867942765544,-99.48231385852519,123.30839642528218,0.0
1063,-887.7509703749728,1100.0218227093674,-357.2419594044259,-1111.744383971066,149.4617852359534,-13.108947708646522,-117.60459406811998,142.77091684286282,0.0
1064,-1071.4559005678966,109.07863656672299,-1247.4821728601478,-994.6774215944473,152.9590389652414,-15.638349407772942,-103.02765692168228,136.36116590925553,0.0
1065,-988.6138264377324,955.9138378697494,-579.0809883558028,-1267.6090767800576,158.06126837897864,-11.695353315339169,-90.3903555660643,114.89502460498758,0.0
1066,-49.76425456375835,352.48269380219784,-1034.411686747248,32.26577007994615,163.0830848851359,-13.080514633424302,-90.64173447844055,122.95802026240955,0.0
1067,173.78795277066658,-1955.4200883194867,-1200.6147195417602,-532.4555519596189,138.3195683672377,-16.018899389174813,-118.16879861855949,136.00333122492628,0.0
1068,-1014.2189055154483,977.0493038865097,-1233.6406466267308,-1346.3919532150098,145.9223057473494,-20.90469559922449,-107.02563745220075,138.73657091115632,0.0
1069,-1373.255598645235,-128.49708518562804,-419.6771916823577,-1146.3591671122156,150.8152092295951,-15.5391997927582,-102.49758493276794,127.05249638562947,0.0
1070,178.86546035761376,783.61522047269,-1600.3357955827166,-390.182522904226,155.2884012355599,-24.2186117495697,-98.17081436953607,126.13075605657842,0.0
1071,-1339.9086170667808,1049.3025853012507,-2244.17204723486,-1988.2355963907733,146.4009464708727,-16.14580208037247,-103.55248814368677,129.05762865770976,0.0
1072,2124.394458225686,-1486.896918173448,3056.8203902040104,2565.949928835982,150.5087840247145,-13.787240517517532,-100.15719036448617,135.7392336897322,0.0
1073,-1474.3441566407687,-169.0730431502602,-1968.8663984421048,-1496.051776296105,158.76113670641683,-16.47923347228478,-94.7837177604118,123.87976174280182,0.0
1074,-1176.9109914028697,-431.61080018016645,-2758.2564695064993,-169.56318544846042,143.95399782166422,-17.626992857652347,-114.50250832608116,130.09529720216844,0.0
1075,-763.075917699504,849.8055720181814,-1831.8076280672435,-987.876487694697,159.54880160994307,-17.942409048476875,-98.61855329001354,135.0367006557528,0.0
1076,-153.28513095802182,1060.3950466992592,-449.0131903919189,-79.80799717288252,147.7197294510758,-15.568603771806591,-111.80635347286528,143.15470319233222,0.0
1077,-189.07319135579914,733.0904836998336,-2316.5958238862722,-533.3817396291681,148.6705488441146,-15.080429999461188,-109.74848892586814,128.55609344250254,0.0
1078,-1483.1747183408947,-110.1445450983558,-1164.2938756495876,-48.47547900783172,155.70088490138966,-16.399822909655615,-94.25790967449856,129.37343288990812,0.0
1079,-1211.611333540183,-172.78258820111574,-1042.6558282259844,-893.4107288963744,139.60266261196531,-13.23215500491083,-120.06614297633061,137.5915626358439,0.0
1080,36.910088640920705,152.6539056893434,457.74799730777863,878.0672735059438,150.84024007454838,-18.34576251371796,-104.24560509931824,126.43254416380677,0.0
1081,2495.9951003976716,1714.8265520883083,1213.680093843737,3256.187593174726,141.11099487696936,-18.70573490884754,-106.70074508674361,130.5569427749349,0.0
1082,-446.8300837984486,-366.1473493557023,-1686.842305619081,-20.4544794291334,149.41324424921658,-16.71276414762623,-103.89187132926804,128.9907337100071,0.0
1083,-1702.5929576466924,654.9414419959207,-1346.5779663963892,-2233.122759326633,142.22422277683629,-23.226283948777343,-112.35908405184226,138.66497474075462,0.0
1084,3492.8189733251884,581.2369729478065,-269.94077453093206,2344.145637542745,144.69284369215669,-19.319464503463326,-112.06987321048965,139.9213767274594,0.0
1085,320.10950807036187,1326.966375006421,1095.7652213666306,766.5607583885668,164.36680966306648,-17.80353164314531,-100.28975453839641,129.1840600140045,0.0
1086,2038.025367678057,3094.5576807599905,-902.6858674133272,1928.633603532473,160.01050318207322,-22.945771216467023,-93.27445307323123,124.01762590711968,0.0
1087,1096.3991472462635,615.8132670295646,-1639.0721541369405,11.8192621907524,147.527047388837,-15.06027421485895,-105.32189591766905,135.5626723412459,0.0
1088,-1243.0976262134577,48.086070660625325,-2569.8126827390397,-1353.9430059388114,144.53640109572683,-14.889140961416137,-111.87945472888518,136.501122584943,0.0
1089,1846.676994811821,1231.760530625126,1213.077040317338,2304.9121240541213,162.41970052923344,-15.574330901345869,-87.16729798131698,119.5823369211659,0.0
1090,804.1392771700499,2106.922018561181,908.4362999792979,1167.64953612432,147.3967754879787,-15.12630858283767,-97.20283092113857,140.43382854367417,0.0
1091,-595.1281916677966,1806.6839965744084,-119.25284954785813,-1006.0498685600724,150.80211136222667,-15.491732456603655,-100.35566606766491,129.0946473734698,0.0
1092,960.3123416398482,2139.0116678096288,-1833.866925861948,130.8291282592387,151.6783983500853,-16.033641393979003,-104.15519406243374,127.16815211260153,0.0
1093,1235.3047739008082,4862.799438611281,588.374356736148,3375.800748198683,157.51075966241777,-15.645448096034643,-96.63724688992485,122.88515278610379,0.0
1094,-1014.1665565264555,600.7810501540766,-655.1385399988641,-987.9391537489024,156.12580775533684,-19.79821728321441,-106.05117755222632,135.14122680829874,0.0
1095,-919.0949008138035,3268.4634387527813,-962.4565946042236,1253.472349211515,155.1646959167993,-16.08384550538036,-96.66389105308346,127.3055941437611,0.0
1096,-971.5734239837816,52.60015797716502,-2852.738191267806,-959.0736609464531,149.53547945847382,-15.191787955053059,-106.7553249224686,136.27195166243527,0.0
1097,-1442.4792306529998,471.99337428340226,-766.5026037876378,306.45085485881634,155.7496555175547,-12.503019476727966,-106.74177548282542,121.83792577427302,0.0
1098,730.1791923810699,-458.29266377484095,475.58493572647393,1976.957183659702,155.62966665591765,-12.336193889786085,-104.26863612603252,126.59333745438529,0.0
1099,350.3461365832465,-999.1016636987601,-802.6361424232331,-109.3119970196918,156.58274413686524,-5.682435813756488,-103.59678102298184,133.30227049648965,0.0
1100,-256.075499273991,466.3810005302702,-1652.9017229309247,-63.95248198892097,155.68266993616115,-19.10948000302485,-110.6642037407472,139.05142494909268,0.0
1101,-490.21895686674844,-1900.881220571864,-2179.350013870079,-1634.2895247715842,150.1577597271718,-15.309022346759274,-109.06665395782971,128.77142417982452,0.0
1102,-308.55931304637215,1150.1497836329263,-1387.3144644041113,-362.7538271506309,156.17918775827764,-13.307283255894863,-104.6103042766146,127.33449810146561,0.0
1103,-33.138445900365795,1281.08347871479,494.3824950014949,260.4250346294387,148.5848218975374,-15.187948966361382,-109.95436360996499,130.0899694895844,0.0
1104,2719.9450214581266,2499.42538123629,527.0146359519567,2642.070744874232,141.31196963414186,-17.42273271602184,-111.00786481140759,135.9144866159878,0.0
1105,-263.1103932889977,1080.2908592264296,-231.69405131222754,5.74997734100352,160.18209060689185,-11.867238784653452,-101.63368433439076,121.18206457121887,0.0
1106,-2249.512565126628,554.1054999021932,-2541.8931114648044,-3139.5589413168123,160.4764158554239,-16.312606578685696,-100.58081940459174,123.71854267306153,0.0
1107,111.30692134551676,-530.2787670894412,-317.9293267549183,1267.1362858618145,155.1064218304738,-16.05812301206961,-101.40495264205173,128.48859152338892,0.0
1108,-2054.5651002104128,1829.5711251833907,-1725.8250275978073,-3253.7384835279277,162.2176471286613,-14.826178466898366,-90.0947319748165,125.66243334634584,0.0
1109,-190.44073480347038,1382.561939798891,101.6004012717063,-48.89135788525019,145.9364985969153,-14.553344209698253,-107.77301027775535,140.80542184789715,0.0
1110,1041.1059979798363,1999.9166455699833,-1742.0653354186265,41.03776537312004,156.4199654757204,-8.395807258611448,-105.282214952402,127.41730401439835,0.0
1111,-346.3412045011118,385.1807416026647,840.4225041671613,282.2680782533204,152.94096632366407,-23.771446246991633,-114.09189953881292,136.27712101471576,0.0
1112,2357.275190532764,-1654.3114303136113,491.2832962779937,1156.7318857692217,152.65720910484873,-18.92272625777893,-101.04216138299816,121.83880813654623,0.0
1113,1490.4530787110893,2108.81379314253,-1999.2598024349597,261.8843939037835,160.73559730523706,-12.394639476236687,-95.38603269568503,116.81268123761058,0.0
1114,879.3162520012373,156.34189449510902,-654.5155028251027,474.49406472288945,150.93033033491378,-17.321868552851782,-103.51023802109928,130.69784115831533,0.0
1115,12.192088254834877,-1338.4107924792359,-334.1042849982549,361.8559811289543,155.77006389000783,-19.954505748553675,-102.9880323334994,134.17483414523684,0.0
1116,-42.306413604383216,1790.589929530554,1238.0215567572604,224.16406087809978,153.4489670640098,-15.116662106816346,-94.41589633815668,130.4987149800852,0.0
1117,428.3274494373349,609.4345579278771,-322.7297145875174,1151.911922351414,148.86230092167207,-18.055088058442777,-99.61928779234452,136.41415498640762,0.0
1118,491.4193330276854,-837.5560601332827,-2177.4418002276584,-508.26898924587596,158.85161499807995,-16.55473096985018,-100.58043275896786,126.7463764687033,0.0
1119,2402.7530114545566,658.785111002544,2355.6336559062397,2860.0491321019663,144.31366707274572,-23.892736514241804,-113.50872880814842,141.4289611982479,0.0
1120,1413.644043777061,1762.8940744762142,1008.7154169240449,2148.729014926206,163.92794958797433,-17.285180714690537,-94.29374974641662,124.17053528172681,0.0
1121,-276.716006692517,2679.4208041611273,-467.3054762178447,-944.1131762520438,152.8724257656238,-16.52617372975548,-108.92783285228178,130.98672963694386,0.0
1122,1271.6977150867124,167.5812398182542,-1532.9771350857566,-182.8345342044731,152.88864318388872,-20.125905267753318,-110.34773254324412,135.3912369539247,0.0
1123,43.58326086139144,1425.4284096742551,-92.71989131269646,191.88403610037867,162.84911882495274,-14.250755791457271,-91.92808019115522,115.84075982770597,0.0
1124,-1435.5576612147331,843.2916201425004,-746.0238969811173,-1851.5677134042585,151.5959639189751,-13.409167392525692,-105.98665871096,133.62728299725578,0.0
1125,167.40163546426166,679.2366663593857,-173.8951964381352,750.6675743828974,148.41630973053708,-12.33309045192119,-100.70256118300588,124.04605460966917,0.0
1126,1646.3423161164033,-1206.5419957585132,-753.4104283074353,-180.87185943946596,153.32264860112556,-12.458017966033843,-103.13442982255602,133.01236646951932,0.0
1127,-170.27858219137823,1814.7270267044241,-2489.196680277714,-29.609917469056057,152.59587592348893,-6.6297014689770535,-103.22200546725036,127.26167210077818,0.0
1128,804.4830489033617,1737.3106278291527,-282.02392038942423,1268.1486541024183,154.2213977879654,-18.13667215494116,-106.38176047455434,123.31667138522532,0.0
1129,-201.92333942896434,285.11333193156923,-525.4348681256915,746.0262589991876,155.86322691539283,-15.009124041336069,-91.16550248288775,119.7225318157632,0.0
1130,-138.61682123932607,3873.220789540796,-2867.6720256496114,438.65801025858434,154.47774648892334,-20.94659460302616,-98.25324593075688,131.65748395670718,0.0
1131,-605.3821292042907,1441.4586841648488,-1026.899989106071,476.5493680133967,143.04688416117398,-20.892541392078435,-104.60216727248788,126.57325686433595,0.0
1132,1126.4585398734605,3268.5638886904508,-1171.9995919443013,1685.7591268780923,147.307445536996,-13.808809801091336,-113.35836478219852,134.19132021124344,0.0
1133,-327.74204838464584,474.4764982983957,-441.40792161299646,120.26765493628133,154.8650678032276,-15.161125381677188,-99.14777499177217,126.69460935319603,0.0
1134,-1897.1989058130862,-99.21613169794405,-1209.9877190629477,-1978.5617764352057,145.43846773034707,-16.351946897859502,-100.27404243423665,137.2051951181427,0.0
1135,-1319.1517601756045,-1613.7125607690202,-2886.7235072106096,-2005.940818300283,160.77389680646812,-16.135378136102304,-96.7235687333856,128.67682932394746,0.0
1136,-1877.4718680077008,98.1442893460393,-1660.539458564592,-2135.9227486388136,155.1870990799716,-16.253310329908523,-99.21760829328166,132.02234192221124,0.0
1137,-600.178940373472,962.7665804195946,-614.5420326168736,-509.90181492746774,148.7208553443443,-16.84930296421198,-99.03173858121446,132.78989858124675,0.0
1138,1493.1902994312015,3601.38990803145,-1157.240736043433,2145.856025594616,157.51116059609464,-17.318804380850224,-94.59293307312791,124.91293872758935,0.0
1139,-243.4585458639096,1726.5300738733142,153.42227427105087,-397.8686500891323,143.43213971483976,-18.504839375994536,-105.49685075629061,130.88408743882422,0.0
1140,-977.8792376134207,-165.92479785462353,-1491.483653019519,-674.5687228922518,150.95549487445882,-18.20176308910259,-99.49229119947168,120.89701572985125,0.0
1141,-621.377302856111,1461.3428079933035,178.55851197753438,-771.2358188812271,152.88843331604613,-13.115055165637505,-107.76630823238432,133.80994543250517,0.0
1142,2919.4679747268274,3593.549487492124,1321.2692060731526,3498.247037349328,161.09501362577302,-14.760566917130456,-94.99288541529366,125.96407759023873,0.0
1143,-486.85257245645454,1463.649990616902,-2169.273421947475,-1029.3885734858497,150.1976074214974,-17.480281311662136,-108.73684104216524,125.80925769971957,0.0
1144,-920.630228955277,622.5873857494166,-1016.8306757884482,-905.4242610400541,154.73240770088364,-16.182893460498647,-93.68038422665194,125.8705806179601,0.0
1145,100.04540621023119,396.0788915611622,-900.157001908701,822.1873004602344,154.32619300102138,-14.465856808274639,-105.45950405307335,138.76721407781355,0.0
1146,570.760575298875,399.1926816764898,922.6317233038703,1698.2749657417592,146.08978967041446,-19.518499895023783,-109.53976108103632,130.8161231369514,0.0
1147,615.7524916736172,3765.3592693292235,-2107.6114463697177,1713.633267499197,162.87315653058926,-4.557068817977656,-92.98777636185592,122.08789918381953,0.0
1148,-1194.9707255297174,379.79046697297264,-2626.985136564835,-1511.2928079545372,152.9254678946066,-13.369940557611137,-104.23985375855034,129.63999736216505,0.0
1149,-275.087104024287,144.623129529423,28.057649837723286,398.8225040398392,149.7377918892709,-19.73044812070541,-109.09898296684315,139.2017023210887,0.0
1150,-1425.5408049649916,1154.8493921733007,-396.46302966313436,-1947.7247630177364,151.08841639120837,-11.240927578652578,-108.88866404242347,133.86099201977413,0.0
1151,641.5253946158019,949.8369986654984,-2232.241062442325,245.79616588404346,158.57692154479068,-12.514182912971958,-104.57295376129923,135.47104580118864,0.0
1152,-1416.78712591936,251.67663768848342,-579.8014456382679,-1436.8192268794112,157.58638907807023,-14.776474752975398,-96.75617938876302,125.5473850907226,0.0
1153,-910.8694222267133,659.5066627996748,-2197.2422110162347,-1225.871616648917,136.88767584646922,-14.990070177785087,-112.28428098773335,138.88241082881459,0.0
1154,1001.2820605661979,-950.2987700703261,-899.1936063177881,377.98432960579424,143.58847022153464,-19.598195668872325,-105.58796087573377,132.6845634751009,0.0
1155,682.235724010376,848.881359153986,956.4442147547876,1555.5996070102597,157.2644454513236,-11.665515203933282,-93.86002512736891,126.85235908939615,0.0
1156,557.8124929177319,-1856.1973218971393,-1971.0441464343664,-1506.263867152736,145.10682983574506,-15.069251901613917,-104.82134310876286,135.1112135402657,0.0
1157,157.28930420402034,1335.4148535403815,648.334791238289,589.3176916980437,154.34106135556925,-14.480051434029086,-94.72534656426801,132.826834312238,0.0
1158,-942.756957706061,1796.5059223941694,191.4804818671679,-1399.6465247372494,157.71792798961397,-15.853191607740593,-103.94959851889962,140.32134274133992,0.0
1159,-715.952271231189,1271.7355791305424,-45.96161238708588,-977.8160333729858,147.4819905341962,-13.288266175490783,-105.96144335752346,131.15459287903747,0.0
1160,-45.142898734686845,-298.71824587932974,-164.06230042576212,1010.2349344827835,151.07154304128002,-15.348231785488592,-99.79354309078477,137.77647703975776,0.0
1161,-779.2811115470553,-401.07374833660737,-1147.7864690783128,-308.59385054706064,152.64145464031557,-19.447524682798832,-103.94388157511273,135.87535471014093,0.0
1162,-494.36247572151785,1263.9012098931273,-1501.4603358378272,-810.3220246847437,157.63779273630826,-14.532370145952157,-95.94204418046137,133.72793465380317,0.0
1163,-41.007117124321,4741.04641616908,423.4837188083407,3645.729698710349,158.68006117089493,-13.380679243978532,-97.92177191080935,127.54502570268363,0.0
1164,-1225.8491162160326,2082.859819797378,-179.8349714345369,-1992.527949382084,158.60812480307297,-22.954458411938955,-95.79172164800579,136.1683680632847,0.0
1165,1211.6523350836853,1311.750712415336,-411.9828874470031,1781.8868505864098,143.15913877141256,-21.04310185958392,-108.19750341098027,131.4434372725749,0.0
1166,2438.207737895327,2288.2192235216726,-275.85135256816795,1792.2567365447105,138.4536186703962,-19.769357433482092,-116.32286903762346,141.08589452560884,0.0
1167,1927.3983495023756,2644.226879095474,2072.731900643103,3429.4561357945277,149.38998049643774,-12.546702772289004,-100.53685122610918,137.90757528902637,0.0
1168,618.443407491527,957.4997147599272,-1030.8627696111769,1033.7159464159633,157.05108671840276,-16.023228424053293,-98.95345136530274,128.07349335753878,0.0
1169,-917.6474087010735,273.9055162149899,-484.3999234055056,-700.3324195166637,145.54454331312792,-14.293578471662208,-99.33284525802782,125.75875576263314,0.0
1170,2061.5288824400413,-290.0553790175981,164.25264042636874,1125.249604423289,162.6331683888628,-16.234210928529908,-98.12148413728987,126.88013422520386,0.0
1171,-863.4375663334622,1048.7969876912825,-763.5417105685007,-966.3294626235046,148.1439444777205,-13.28693567345636,-106.86135219639019,131.7240860768671,0.0
1172,-139.26529703777067,794.9420952078144,-401.6658691742732,162.82099783624784,144.06081227614766,-13.772211677037117,-104.27421876925956,124.18066712489599,0.0
1173,-257.09823885083483,-635.8653680161642,132.9982841723026,581.8814950430121,153.76269972380976,-17.314754859862898,-106.24439219122206,130.94732675181822,0.0
1174,-1341.864626792148,-1012.4546356881123,-1762.959077039756,-882.7391076537994,150.231775779322,-15.422388524606353,-102.2288672881178,134.6979648675395,0.0
1175,-1750.471299826977,1456.721435954001,-2021.7513408664502,-2761.267304247171,144.44398862826318,-16.729856362855646,-114.3293317500119,136.48037604661224,0.0
1176,-1428.771122390939,1601.694701750089,-1935.9186491104142,-2318.9328485695787,147.63199258113792,-16.41048354310973,-105.57318041747612,127.36228896493954,0.0
1177,709.6743544386019,1762.823327776984,1244.4079692702246,1239.856227320429,155.6711314822855,-14.088344674026349,-100.55487578120828,121.8645983723475,0.0
1178,-1067.1941524025115,-78.2919249385011,-2134.425449498017,-1072.1711278450985,156.50611484154518,-16.097384772032264,-106.79805562215525,124.60302548726482,0.0
1179,-669.4195959339937,1084.382657409188,-396.301812330587,-680.461450044657,158.54013409652714,-14.477213116621531,-94.76264695559746,127.52739366519111,0.0
1180,2090.0187855496297,717.1874295655929,-904.3765375675156,396.5092547718128,150.27055134307307,-15.538777340000546,-106.36987873896432,131.71366848300772,0.0
1181,1173.732937098223,17.6435469404584,-124.5101014985644,1292.941829505968,161.26491728602204,-11.762298319454732,-97.65705224355364,118.98495440674334,0.0
1182,796.7930664264228,-1946.5945035109528,1460.2740112927565,1478.0906293628461,152.0274957845999,-14.7390135611364,-107.14526782278547,135.82965305149014,0.0
1183,-175.22804460548807,1457.3130697429242,-1338.910980456194,-239.5166619795957,150.281838671303,-20.78325188160836,-98.9281362496378,134.20222752994485,0.0
1184,389.5183697812947,2326.6627051996456,766.522524611484,369.6782668620393,154.72348687149406,-7.941708520511687,-96.86087480749639,126.2260478482668,0.0
1185,-1376.7303376831037,1636.3722029734856,-1347.4298011014268,-2123.8683921374336,147.96763851999,-24.510798626681016,-112.20356388170863,136.39243375956764,0.0
1186,569.7206197729871,1064.7542710885334,-1534.7104252111308,595.3973383377685,153.8428972736557,-10.435528321318142,-106.36515060435322,137.19722998165219,0.0
1187,-822.3445474856927,1263.7286158366949,-852.1430106285051,-1214.7380537514946,149.1166539216999,-21.18042135293932,-98.23556491895137,131.29999522155285,0.0
1188,-596.6749735387517,692.9907366484587,409.25549591387033,-419.90456522880385,154.320518918883,-17.544545417664583,-94.36717354134684,124.41172111790593,0.0
1189,1795.3658103269986,-859.4944281818881,-822.3968828321524,858.4364727108274,142.3951537437082,-15.756983461853483,-117.75923192885003,144.72401635399888,0.0
1190,3939.439575755726,5288.460556867303,2142.1260217294744,4823.258595744165,156.55681112974824,-17.111597063559834,-97.07667635648954,126.1890300454169,0.0
1191,-613.1814659308496,395.66024802230623,-2101.023905654225,-132.68500249934908,154.14623009760552,-11.236080252678674,-98.01438869897729,126.71372697577735,0.0
1192,369.5116437293337,510.29961795857645,-733.7423160826174,556.8078893965277,144.259072113174,-23.639542922520366,-109.20363082742959,131.24244290294973,0.0
1193,905.5308244664841,2318.941234521533,-118.41992613927947,1462.4414647605613,162.27492371702616,-9.74093481090718,-90.72848652591676,120.80009524316239,0.0
1194,-2007.3169022408429,618.9935823362929,-1839.8150047313652,-624.549443209195,154.90810430260922,-18.073617947614178,-105.0752226430703,119.82610933489282,0.0
1195,-1633.67671126936,1409.1443155567254,-2051.6721496117834,-2649.2625707396023,153.32184599471364,-15.689891277226785,-101.05584023561056,134.16041244558332,0.0
1196,-315.4289236610279,680.0685371795414,-1297.7820120108777,-149.7341632116566,157.51516399119603,-17.434714571971885,-107.15830426769769,125.15674019361704,0.0
1197,-1337.2796738942739,801.3641259412065,-761.4897030286111,-1667.642682371993,155.784053267563,-19.860714989525324,-94.15355680844579,132.04299584890794,0.0
1198,-104.35992435178603,-968.4175797239035,6.11110376049826,1339.9728362533344,155.9453339102418,-14.573124248687499,-105.58474278201265,129.63066274908567,0.0
1199,1382.5694385542238,2111.3786949749333,-1024.0502674916158,1758.830204534451,154.8729826246968,-14.96117791166044,-104.13971914956467,133.11844454847932,0.0
1200,1823.8691191083556,156.3795728551446,-755.1383856548243,1036.0783157626042,143.60804298922156,-21.686093886072932,-98.4721434804235,122.29148169610728,0.0
1201,-1170.3318732986763,654.7376769145052,-489.98611194985216,-1278.425408220129,157.38600133513938,-12.919954316636229,-102.7745509912886,126.74798360451993,0.0
1202,940.9420961447878,-1674.1033943961638,-2143.352790559704,-1378.8059276096983,150.94819165359743,-12.753562836001025,-103.92616220058305,129.98340730609135,0.0
1203,1137.6573560491586,-239.80335017033568,-982.0825874055533,211.8386255975158,154.9746722335942,-15.337977899902215,-102.21289814796812,131.36825905381633,0.0
1204,1099.539224262373,3223.28079000189,-363.67753048248284,2290.5158464876085,143.61758033059988,-22.522826170556687,-115.98922871266711,131.26826409526944,0.0
1205,-205.7584605352226,1189.9522719390718,151.03036318468105,-102.24020827948839,145.8095032459754,-18.856817442302205,-109.58546445872037,133.91496063164453,0.0
1206,-562.0737082923882,-682.7186186238253,-3533.4478452197886,-2065.4193889197427,140.18207098334014,-15.45282740588591,-111.18841204596171,133.13816611539326,0.0
1207,406.05485801362335,-1047.6043803032942,-1637.2315456603117,-699.9224537621074,151.77931489397434,-18.165816396396444,-104.46915904123803,132.42278669356728,0.0
1208,2400.614215672457,3236.710554713433,1790.8462853523508,4176.887490833145,152.92704228340415,-12.660423728460826,-105.25081425711952,124.44672598518527,0.0
1209,432.10646601743986,662.3175765707308,-975.4760593849346,37.848678414371726,143.61566847505838,-17.351476443593064,-113.35748294089686,133.43004605720407,0.0
1210,-450.17393970436865,640.3706655334805,-1375.31017105317,-422.8163068013174,158.3400857243929,-16.698362336747397,-99.43928125548085,120.50334002919803,0.0
1211,790.4660355269783,-1425.877697180356,-1443.0571459452997,-340.8407720720363,145.87470742408794,-17.34427451473573,-112.09050774635254,135.92580653468306,0.0
1212,985.412851585104,-945.9350133358599,2043.7597300114583,2115.567967486791,145.646733293224,-15.090195471127497,-114.75578360592502,136.4271927853342,0.0
1213,-438.40901679636573,512.2242707008559,764.8015309970134,124.45848222732218,151.70951786347536,-14.618074645458275,-101.58987946399102,134.4273301656593,0.0
1214,-1064.819395764216,108.57933074916245,-1307.4559346531855,-925.2358015475238,155.72897755088036,-9.52598672991834,-104.51394169613874,130.2768033919524,0.0
1215,-996.2177044893331,1131.5434227234732,-1369.5016754588603,-1377.6301487006785,149.17991190028152,-15.184248720086314,-109.0011092724431,140.62607646402125,0.0
1216,-587.0755750181177,713.7867798282284,-2277.647113895631,-644.7324527147883,146.58128079368757,-15.228584206397661,-112.16557105996702,140.7987566891958,0.0
1217,-746.8866016319542,659.9177721015323,-1078.3026049642976,-729.2878552923099,160.83594195281103,-15.400306454332293,-91.47015965319966,122.1053733819499,0.0
1218,2634.615615022165,354.6748518206346,1919.0853370707825,3079.756107936988,149.05033228685605,-13.876886776373606,-104.14839730069696,124.69394983700161,0.0
1219,-791.8133907069702,2997.4590118624537,-1906.8070110718238,886.340167310461,157.70161741578616,-14.114493610798949,-104.00139350949473,126.2719385954488,0.0
1220,154.34129275481342,1460.9049766869866,1280.8243927309247,575.7893281075811,160.28933920336942,-15.286651441938725,-99.44745216939741,123.34303911814908,0.0
1221,2702.0208536848913,3463.1290480083153,717.6117381036287,3386.586426275583,157.12925459343012,-10.743926961161772,-106.22414225407542,128.70721172432303,0.0
1222,2522.3694382510503,478.31328784715345,881.6600162237378,2839.1454560289108,149.71025804611742,-23.367182740741363,-102.35788639753554,136.19483663328066,0.0
1223,1061.8944977368492,3222.58810039153,-736.7415746068174,1889.9255910205952,152.9986579544532,-17.604271101132223,-100.03819625565055,128.75961152500514,0.0
1224,-1130.3158250380227,460.55470117349677,-978.1092805691301,-1303.3516994481595,160.11709475011094,-11.95149427606039,-100.30498069037185,130.18322293790047,0.0
1225,-401.3971344295849,419.65594293936925,554.0872606664018,92.92155975843703,148.81391298375817,-17.202646891242303,-100.00174581073557,138.41860796775515,0.0
1226,445.3011564222698,-1043.7136007520548,237.08628293661528,896.6391380899288,144.85380890233057,-19.63477384483805,-103.29676820258304,125.20433392796299,0.0
1227,1599.846382938262,691.3313734955674,-1110.929057312062,839.1135267861403,148.77241212722583,-16.490878628722506,-108.17087040123619,143.77816554131653,0.0
1228,-996.6695143391854,-52.924058512013225,-871.0321065311097,60.20607186459871,147.53643476887868,-11.991783637860465,-98.36945896060224,130.81711968051724,0.0
1229,2983.9447524298153,1305.379589209776,-640.4833056806382,1563.875396284146,153.13135956840898,-20.047623586341274,-101.22559230495212,126.0651806716778,0.0
1230,1476.1308037206973,-211.73462805695456,-2223.874372533738,-845.2193809807868,163.57966779434187,-9.976686296227964,-95.62932703948954,118.97470389403777,0.0
1231,766.0231937891473,1128.741550609337,-364.2024534975455,696.248630238122,145.34662434076614,-22.801670010199302,-111.02799026136047,145.24451828923222,0.0
1232,1137.1255335918115,806.2510461513607,696.3729880488702,1216.6100960727174,149.33666614443175,-17.571248654450546,-100.62725102636017,131.5181386027828,0.0
1233,-1686.3737427999326,-540.127500941148,-1671.431256090204,-1160.5010831490647,141.421250348274,-16.64153828997075,-115.8946214095565,138.43384345692635,0.0
1234,2086.332105809739,3349.537309069239,-506.2354999728426,1755.6091822629412,147.34570729646876,-13.97948358865213,-101.63042479464426,130.90264507434927,0.0
1235,-1134.071149988178,1288.4560344216936,-716.4771639832823,-1590.244606910704,147.9055933901546,-13.726058156181068,-106.28364031128385,132.86306252055135,0.0
1236,-1113.2589326922625,999.1008849860165,-1275.8541369025386,-1472.4466742806562,143.1394288283234,-16.468555225570107,-102.49135741866571,140.20399812492397,0.0
1237,-1123.5515593929765,1479.1219215107967,-2018.202220769365,-1926.1770268466685,146.98072571013398,-10.374874158507698,-111.12353958306092,131.5525668972288,0.0
1238,-1681.5990458232138,-433.7598579847896,-2459.1078526067026,-1831.695476424646,159.6641207360943,-18.515935076395657,-105.08783159183415,125.55420991865769,0.0
1239,104.99292373434848,-1507.0296100463322,-1088.3063423169351,-492.3672079832465,141.78382732042928,-19.55556025821957,-104.17985518078464,137.58505033805525,0.0
1240,-1115.8924736523309,2055.5336005124677,-1456.904103933365,-2030.621613597382,154.8042336002275,-8.422042851231478,-105.5559320866432,134.88799978412325,0.0
1241,-189.50214356554892,73.36084822405527,1054.9009265182112,747.0269122490962,154.84537584283868,-16.723060390068177,-100.27018950686806,132.22799520187678,0.0
1242,-1056.8590525857737,1385.5373362060525,-1970.3070760253786,-1722.2263877406613,148.24479297477617,-17.43347217601798,-101.83924444499918,136.96110998135273,0.0
1243,-338.5148816319365,1114.4842246807134,-619.7006764544681,-185.53246052438067,150.27726080939578,-20.993354347831776,-100.60820964914676,129.91752344689837,0.0
1244,-800.996218997137,-50.75688735009398,-1510.3675679191697,-493.34962285850696,157.11868961721646,-15.196661516465168,-95.87169300319357,114.59596561972312,0.0
1245,-466.0608876556342,2132.4014822004897,-551.4398159581407,-1008.9703942186028,156.87322297413877,-17.550406411038935,-96.64509105017476,128.1810130858995,0.0
1246,-657.1746591314064,-569.3435544677171,-1247.2578753006308,-620.9119961671414,150.93416278537808,-19.457025226097347,-112.18154329761529,132.0085712677383,0.0
1247,142.9842088075966,-309.4934648160681,224.1608229354244,1318.3095108294876,144.8840525314,-14.750044961974828,-112.96853097879584,131.5515832541857,0.0
1248,-752.8678073833789,808.6896178175795,-1101.8176643731992,-930.035357727928,153.46586910645073,-14.551265912735174,-105.1834698502721,124.0091552649583,0.0
1249,-978.3150330379299,1086.9014215197744,-1190.0605236602948,-12.708862992879977,157.44834389379085,-16.363125914216194,-100.31557473254361,123.4811238378262,0.0
1250,-1114.6243892079722,674.5194163552928,-1844.4853039632014,-217.19295197993318,157.1666109826468,-18.426232069280246,-98.85650481326516,125.42994045353865,0.0
1251,-800.238432582575,-27.24681697369673,-1396.4334758221457,-546.5553928072482,154.35240419479751,-14.867884692269397,-100.8754209101109,125.50730872978282,0.0
1252,137.3253469677618,3078.4813721030064,-2779.7039287652324,292.09611824721196,157.65402604078596,-9.10020412902454,-102.80971588794478,119.35560773008059,0.0
1253,-938.9347049429183,1737.914936443415,-1615.6972437597706,-1649.04312375166,156.04861247742363,-11.85179542100898,-100.02343257138747,127.72688357955155,0.0
1254,-1742.984159324475,378.9622073905624,-2440.607400583369,-686.2232684076714,152.8485077812841,-19.195133847837727,-100.39336770787142,121.50684249651253,0.0
1255,-1243.4906078269119,450.2098595135483,-1869.7611754847728,-1523.2270606110096,149.64194247749046,-14.487648921510816,-100.69109669304244,133.69409815723114,0.0
1256,-840.2369486005203,713.8133282580609,-672.0167710853241,-822.398550082602,151.14524297652918,-17.643255090006726,-101.07914026414609,134.3824292764831,0.0
1257,-1008.2137110570179,297.1016903813516,976.1921743878705,-564.7783383816754,155.95719328278017,-14.093961026109008,-106.56563194468634,133.46457102021785,0.0
1258,-590.2673833882374,400.21256129525017,-1192.0990018847674,-426.8015267015258,151.68498559819784,-16.11473401410263,-106.52943717085965,132.1723481149682,0.0
1259,-280.98668670609595,581.142362805123,-277.7869285984876,595.9598217663805,155.03506527039042,-17.716360252793628,-105.59670433157356,131.64302791389258,0.0
1260,-964.4928253012789,989.24966155951,574.4587976064261,-1038.4090748460696,148.6535693340326,-18.617004213431592,-115.5862270888463,137.7569405836606,0.0
1261,-954.5340431612229,510.033308677193,-1216.6306167912892,-946.6981777184617,157.76600459281389,-13.121371046279773,-92.03545575278778,123.44462669064735,0.0
1262,-270.4487106091094,-1717.0786081946485,-613.1429171526187,-581.0581829416326,148.0060033315493,-19.216346478648926,-110.69350278001133,124.97298092910457,0.0
1263,105.81218607378223,1292.0777755666659,79.70210477968838,499.8176463325408,144.573111751122,-16.03785431901465,-108.89714896332102,133.4926888580677,0.0
1264,1483.970818536302,2201.4254751969293,-593.1858029077968,1748.4632288849796,153.9573083162101,-15.725519314547622,-100.26740021149182,132.28456746632287,0.0
1265,-1104.6992812619565,1179.2665047865432,-2314.4208970500126,-1804.580262050847,156.30831157151277,-16.940570596215583,-104.55461880827164,119.5925410271481,0.0
1266,-27.565411971538513,857.3412818576248,-116.52145595773833,310.5315786807476,149.75365061718318,-15.85317341239011,-108.52526217279346,127.83857895526322,0.0
1267,-893.0776922430931,1178.0206807801762,-786.642193748292,-1180.9268694525435,145.88776461154546,-17.92912380992292,-108.0175097012694,130.6857781260879,0.0
1268,695.9557285956963,72.52349743304345,395.34477325567127,1248.8389789005532,147.71259104904678,-17.696352594714078,-107.53433365692936,133.97591413316312,0.0
1269,-330.14198345741147,407.9343553427617,-667.4069083998014,165.63548361773314,144.62450317069894,-10.586170875681278,-104.57635654381762,133.95259607863863,0.0
1270,-959.2133548129007,762.0554949588034,-2124.1105446178444,-1338.0377692158377,153.3563922661126,-12.492643722826578,-108.31942368443111,141.78818647436032,0.0
1271,-372.026857545083,255.65173792180502,178.44286876950858,296.5471240968746,154.3534824172924,-14.556711112257842,-100.66328808826466,118.36275114234269,0.0
1272,-1207.3440204487642,-286.63052434769565,-2523.29054612726,-1049.1185534528756,153.47911954505452,-9.274612333236448,-102.1233854127831,130.30339288573586,0.0
1273,2681.1961776047688,2957.749758620446,-335.4758068286036,2445.7637495638883,153.55666810781577,-13.960679425652087,-102.31517282441065,126.04207156434882,0.0
1274,-653.5859193864793,229.8294842844778,316.26659639040673,-117.30601718157048,149.40592079622567,-11.30357082210497,-105.09928219581991,131.76947951105237,0.0
1275,3680.589610705532,-766.8175876454192,1545.833658844855,1705.9805552623684,148.9348967770209,-15.82689478965366,-97.17239630141358,126.65948507096637,0.0
1276,1445.8622053896986,-666.7421921789647,-1770.2120318568054,-436.3134343094716,155.34481414219806,-15.089840115752361,-96.45156974778239,124.96933035130412,0.0
1277,-48.85477766379227,1374.368563315082,-858.2239489085391,105.66238204849361,152.20546897910037,-12.903977989870185,-97.599798861063,122.59258316668972,0.0
1278,-1460.3656315128221,99.51706742867601,-2998.5166118388943,-1873.5872891140932,159.1539455083148,-13.588108944729768,-104.12634232845518,125.12114233660643,0.0
1279,-1508.8891432997102,-318.3690517804576,-999.868261377598,-1349.6679468265106,165.72380915877739,-15.85240296419537,-99.22168757307735,124.68541115418803,0.0
1280,-1049.372025052436,1325.7552404314247,-886.5301498782392,-1559.8852346737328,151.0301075270706,-17.337436579436783,-101.86603218084204,129.71158882294654,0.0
1281,721.0405012144813,828.46396231887,1260.2450943754845,1718.8369538962563,150.4162111087298,-17.03504007965927,-100.47747907732935,131.57005076292415,0.0
1282,-960.5725801482686,733.6327700456769,-375.5327314595655,-888.5671798407066,149.40769782110007,-19.64716745748275,-104.74647357773509,131.22597258030842,0.0
1283,-708.4338293639263,1409.3120223044707,733.2775551956071,-756.1193882149248,149.37776725290047,-17.56243032881878,-102.6761660680859,131.1939741794817,0.0
1284,101.12791149920535,952.7887640664558,-997.7081846787218,390.33625784524907,159.0428481507082,-13.311299333334679,-96.71737830768303,126.26861626579107,0.0
1285,2421.8178818000865,4877.401937864893,737.9322612346664,3676.3919703542456,157.64894227008338,-16.95330533355428,-98.23167567231073,133.90859928817508,0.0
1286,-403.79024342891097,-2395.9852792129236,-1155.3652216141897,-1639.2449593292981,140.01698811910518,-22.000101376855056,-117.96774679733925,144.34854347464722,0.0
1287,2416.007211892171,2438.8154073025203,1864.8138664898556,3966.822642900204,161.3632557930147,-11.172501047302989,-90.44510250598572,117.5749662394752,0.0
1288,-921.63299103956,893.6210567286794,-349.2939387071391,-965.7713687850213,150.0826874442714,-17.13374948814141,-110.35023461492327,135.16432545021664,0.0
1289,-1596.3630255140258,-1596.937288372817,-2458.7069101581974,-1707.333139865825,149.38245509561324,-19.41961432710599,-107.81556238864779,140.24430725838914,0.0
1290,179.0034309720268,-1779.002756574361,-1547.801291491137,-846.6489962499667,152.32312030456652,-16.909828080913904,-100.13106692491299,129.7038370135109,0.0
1291,249.46642219897598,-396.2477347551668,-13.270611852294834,985.0552723107987,152.03289459205686,-17.61035830781562,-103.86609240573446,127.91805892991874,0.0
1292,1029.440194284595,-134.5914684927951,-25.378459878158544,812.8642182839508,157.47492861856392,-22.6117773412305,-95.91176587150787,121.0729117893041,0.0
1293,-1254.7455636989573,168.99869673781077,-1356.6162466096125,-1182.440428137304,156.41458843181982,-12.252392054549311,-97.74835823997029,130.27440692220156,0.0
1294,-199.51283416371888,-561.1383322915483,-1857.2386291664766,-928.9319490292129,142.84748274998077,-18.85898582712817,-112.74747999467442,134.0132368035667,0.0
1295,343.86411555531276,1818.7239537852604,1085.0191352690074,703.3885030583266,155.0228724448151,-8.24132280109503,-102.75521383721153,129.12959505054081,0.0
1296,65.61299895732304,954.5372603948387,-479.9198304215463,438.6065756534225,153.52458881917144,-15.824604030035962,-94.71815142166142,126.11242092053953,0.0
1297,474.82885926959835,523.6265060909604,496.2274632806864,1371.4425170811328,158.83895791508417,-11.48265579663958,-94.94322030877093,128.3477040735301,0.0
1298,2057.665769568585,-2656.772257421022,1335.1098601407741,1094.9207418197634,160.8187901436623,-12.187163298722332,-93.93211728891768,125.69221457332722,0.0
1299,-906.6337706835646,1046.640361744608,-1088.9723830134494,-1086.3561458664562,164.89420318315626,-16.183860454847256,-95.3011783563853,126.86835297062778,0.0
1300,-1207.6493664138175,1133.8309643132484,-2298.398545085163,-1869.4760634706715,144.92057763126496,-14.716134128354742,-114.74112265113914,136.35912841478438,0.0
1301,-1692.8909123616145,-113.59145414721958,-866.6056224775408,-1650.452099952959,153.507904377988,-15.675501761112674,-100.87423538606602,127.486143557703,0.0
1302,301.2434218892792,-1197.2988450952678,1323.5247220095569,861.8773332911499,151.97778982216454,-20.763861493565713,-111.61315257383069,138.62548869629595,0.0
1303,1562.103747091305,991.0922706521999,13.605482010065362,1871.1738662588673,151.9610734612015,-15.75918953487045,-101.52476224408278,131.73392551388622,0.0
1304,-769.1105964279047,853.7919974669932,-1220.2804018070683,-879.6981665093725,148.11762578327918,-16.445410771318034,-103.79782738786045,128.39034786006908,0.0
1305,-1249.3944057332164,1107.8925546077478,-979.293407086077,-1745.9197469558678,150.7192987851444,-17.122460418253446,-100.97966344567773,130.7169508478428,0.0
1306,2077.1917196097797,943.1552638616682,-915.5166600104549,739.4796289163463,151.80811698213978,-16.353356975968524,-94.57230569140086,126.53928247618506,0.0
1307,-1368.9105462897696,675.089831726443,-1894.9700704760917,-1776.2073427931734,147.94175618758038,-20.728975976462067,-96.78877025430356,125.96965754885281,0.0
1308,-557.3938636423397,453.63294531845634,-101.61311380532089,-197.9495570737222,142.53952775165925,-13.011246390579773,-113.22669281175325,141.87829285346723,0.0
1309,261.1614924510748,4040.541132182712,-2301.030782353171,1302.2887610398507,153.81277961397507,-19.322665393354082,-98.93100538867077,119.63167814627428,0.0
1310,1195.1669450117668,1794.7165900766001,-754.013110996562,862.4175641977271,146.88298428153718,-18.92228260240461,-107.98346705884414,128.93794413715472,0.0
1311,-1349.2339371187707,76.8333435561334,-1188.5753831712548,-1422.0161461151706,159.54089437458688,-4.895616161467748,-98.77093735610046,121.36535783359258,0.0
1312,-501.9970876374713,3171.029726736256,-1260.9205140341542,896.6950443700216,161.07612121550218,-13.155988100859547,-97.53975095942334,119.09629174800105,0.0
1313,3350.1723954315976,142.94872834589074,1486.66297837479,2412.6900409352675,150.8981171305407,-16.818168262478185,-104.93541511034026,131.6034659270637,0.0
1314,1766.5032023685023,1087.0144934043176,-744.3674401900121,1161.4719617520473,148.37527079340057,-16.87536713488812,-109.77139357026087,129.982112655636,0.0
1315,-2019.7312457069295,689.8560278033837,-1579.032831806244,-2757.8044782457464,141.3502488493771,-12.088011785233912,-113.32539486524539,131.5376639276504,0.0
1316,-1075.115308358423,-58.59042358541199,-3546.396299221198,-1662.2796597130975,151.07123631918057,-21.236223159871372,-104.29930515678112,134.00322626920251,0.0
1317,-1343.0527846483624,968.9039793658424,57.57728487592085,-1568.7525753044163,164.65129281184252,-9.028043959586018,-93.85051285205141,121.6650331687856,0.0
1318,-235.87248426065256,347.5411890120705,-624.9625322618132,336.286650982066,160.53687501455465,-14.71011074654841,-93.18205079913992,116.68955172714051,0.0
1319,-936.9120164865687,925.9046818409001,-1536.9203905091006,-1013.4909834183013,155.7094608047402,-12.076827768882003,-102.6917167204505,124.26353876659198,0.0
1320,1842.8148378629041,1739.2641417357042,-171.1318568295676,1492.963240439397,149.95812535559352,-14.597554811447631,-96.24267186870142,126.96513491734535,0.0
1321,-561.605324069909,197.1232597270473,-786.8785780618055,-163.19004531574672,158.15019307472681,-25.375931237940932,-100.77883050671123,123.91012430323464,0.0
1322,2859.989700527052,1423.711346181146,1416.5999229276913,3283.155404736702,144.8673514819699,-11.737056932190825,-107.40857388318842,133.3825862983286,0.0
1323,787.6211260109659,-1318.168043775382,168.1986857341969,733.863046884548,146.66971589715806,-21.198337683286432,-111.65858673904631,134.8199713546031,0.0
1324,1421.0375777752877,-131.71765660388377,1830.5837159261573,3469.0229613922875,157.638068885055,-15.848518059130683,-102.86903292389427,122.13526557274515,0.0
1325,1302.7603922226413,2180.6292930899426,-1196.283064287046,721.1417682913749,151.48531660040956,-18.156206041294926,-114.0227914523725,127.49559897168272,0.0
1326,59.11619181560519,575.0970034890431,160.27514580882914,758.7107120589068,147.207689924929,-16.03670217982024,-105.85320117508641,135.14810767870682,0.0
1327,-711.1927290314452,706.0274938206402,-1415.1696440803316,-745.5171702287372,153.4687998918389,-19.004460075339406,-106.50023233755662,138.02866033582296,0.0
1328,53.88850910881562,392.0004259988663,414.0943413256876,860.8165340358875,150.87266147121085,-14.911481519776876,-99.98232919039623,125.96721421960987,0.0
1329,1419.354377208425,-858.248778347154,42.15876915479606,1153.1243596771342,153.08724995996135,-14.71100703877415,-98.52052953433598,127.16333832162587,0.0
1330,856.0672801925735,-1220.1915238747026,-168.86546785296633,-44.449544390901885,151.37957003279612,-20.67177298609158,-106.7849378423577,134.6571276607703,0.0
1331,2655.2434852233405,3154.236850250127,719.1051610530875,3491.5001147409534,157.05038906481323,-11.857343911614269,-106.40935926208041,125.20029892278963,0.0
1332,-1626.1664083166527,484.9787269669476,-2129.0021887818307,-2234.1215510514658,154.00909551062236,-15.948570573876358,-105.03115068787167,131.8220590831818,0.0
1333,2205.230550234208,1456.444269029515,1646.11930059501,3264.0597511328506,149.1204236454767,-16.094137043120693,-109.06122586245786,121.72955632620344,0.0
1334,2246.1054364283386,5276.462774667996,-616.1552523385401,3253.7533628261167,165.20029644201492,-12.922565104982944,-87.27863968059242,118.4069802293138,0.0
1335,-1844.339362789428,322.69244905614477,-365.68741688339037,-2116.476369234022,152.88185119148125,-11.281581334525361,-103.5681942249183,125.42111805633911,0.0
1336,-1077.2369680240568,-480.33633120585193,-869.4841809358666,-576.1427307698385,151.092280480855,-18.68864044704839,-101.83423690099026,131.87876079813373,0.0
1337,-186.50802562736595,830.4793007792402,845.999080361163,360.7532037803629,150.84001576859492,-12.44265737606178,-114.1458386033986,136.45314597307691,0.0
1338,1179.9695909658044,1205.9244981951474,-1205.9926588113708,1186.4631947212345,154.01451704998436,-14.91397064284221,-103.92874641132809,132.00281504304584,0.0
1339,-340.69354431284603,212.536279157755,-2827.442159759557,-1008.1090198048654,159.57605286307083,-17.15377349960351,-93.77821621434008,126.82631530762532,0.0
1340,-827.1276923541323,-74.87605313761922,-1405.8903288743543,-578.5537414584632,147.6041886344293,-20.088966452956242,-104.73563668297575,132.31210866068548,0.0
1341,-3.3186103786287946,691.1511526170519,-376.1909779986033,941.7221837619059,156.01916991741678,-18.870524227562303,-104.49388699865138,129.49182337486573,0.0
1342,-130.70888201562093,390.369411345046,-1360.1705267141238,235.5183736872396,140.94511033024455,-24.356087616581263,-107.61662052448757,141.5537660377016,0.0
1343,-741.1368034535528,1374.1557779025047,-2012.5729996074986,118.35998082585485,157.5339382775392,-17.10118595374304,-103.42370090130123,135.065453698737,0.0
1344,1140.9942977742046,-1102.1658656979705,-1474.2789070982665,-511.9859701930376,148.23410513965322,-11.000839569583123,-96.90788094144872,127.17063765770072,0.0
1345,2399.8986278907,908.6811624822901,1022.5241831304634,1463.244509680604,145.41617830460453,-12.54988843049059,-110.39532386591253,141.7294597473589,0.0
1346,-1099.6671394994594,415.21206259960394,-1034.161810531672,-1066.7198048385037,146.89020610754343,-7.980382092987478,-109.1851822166642,133.49284542124317,0.0
1347,179.46287577972427,2922.616709404201,-807.1314767090367,1349.3216713863997,159.9531402533966,-13.700585702483126,-86.91773197042951,118.79269280303102,0.0
1348,-967.8631935805573,1563.3348721860884,-173.2864403485215,-1310.126099469528,158.6701085135079,-15.362417153753745,-92.17508606576322,113.39498147721812,0.0
1349,457.5449453134407,1336.5078977687767,-239.00817499765552,1387.0071629184804,154.4720855851179,-13.314770946074567,-107.70283805459783,131.557305202559,0.0
1350,2004.465725017446,1695.5585227802235,741.2571979679522,2556.846544616685,146.16044555371224,-21.798945963669524,-109.97397255682812,135.1491229173495,0.0
1351,-1012.1990208531624,-794.701048942761,664.451809925792,-814.1690025188658,158.08621004223582,-14.982717009664075,-91.70220853903868,116.26026207852543,0.0
1352,-854.5171329806017,957.6908100020055,-549.47430971627,-848.0513133593722,152.07581941615985,-16.92720473150459,-103.17626824988146,141.9188356206674,0.0
1353,2457.944073127558,1431.24856937112,503.7149906678854,1608.7300142613817,155.176189940557,-11.469092562119805,-101.0243764979513,129.36913041222624,0.0
1354,-460.76803601913457,-1855.5467254900016,-1762.5299300314207,-874.2564248621676,150.40211096213184,-25.77848863746101,-107.50158386338275,132.88428826613722,0.0
1355,-380.5530909488475,2482.3371653891368,-657.4468150958159,-1057.0876374960658,165.83752256287937,-7.7886343521048875,-88.03662791980948,108.03970582915686,0.0
1356,-913.754086010146,541.199703781082,-2732.383990504276,-1187.2261548308973,153.7307654212266,-10.789716866304667,-96.74600749178072,126.74218519164745,0.0
1357,-837.6647380669856,256.6727345615987,-1767.6260096993694,-762.6761341488622,147.55198979561496,-21.446504938153605,-111.33852125021225,135.53857006588063,0.0
1358,-210.45464824047804,1544.6399329045646,-543.0861619045689,723.4137582608773,146.5584476219017,-17.78662330964854,-112.33619818055415,143.48416981407323,0.0
1359,-715.7711319729564,2726.2415538763858,-664.3385199630845,849.7494004203256,161.9856320362865,-18.66217628782402,-93.89385997728809,111.43156697760426,0.0
1360,2872.9178788773456,45.11955141743164,1091.074250803429,2634.332278304756,155.95204071831145,-15.336746015980829,-98.98436561947103,133.10537210465552,0.0
1361,-1158.418477512415,1234.515896132491,-822.7584455348925,-1460.2679751414003,145.49783528429165,-21.17639737166326,-105.44741365842279,138.51701660756515,0.0
1362,821.7985759005078,-2348.376550966308,-2028.298674448991,-1643.9894168075944,162.1326940440975,-10.16887368260146,-86.76498848255505,117.22444998255365,0.0
1363,-113.15063133325644,38.32710226876605,210.6910045159645,799.9894728054851,156.49379245122634,-7.749092910701409,-99.59615433480482,131.55434059580048,0.0
1364,-557.1181477151092,1881.9781734524822,-566.86829287368,-1107.4119821634881,156.56795200721237,-14.2498303040191,-99.555179316312,128.5753894945899,0.0
1365,-511.6370781991282,-271.879574975551,-1666.8531020900227,96.58430730133583,143.4356089683989,-14.776281840414496,-111.28561212808978,134.33931631775164,0.0
1366,-1243.9367244653974,168.3059016582884,-565.3802770496749,-1100.9257366317497,154.13430099727324,-11.823701716376554,-107.09678450206223,137.70618328337386,0.0
1367,1775.0663860589993,-45.33365368048686,892.3338156064492,1816.9520989053835,154.80578248652535,-16.856019875811985,-97.4571493858333,118.12443268766809,0.0
1368,-649.1185047384596,-1572.0393098702668,-1048.6402981284812,947.040639273397,154.84278812363937,-16.15397391775275,-94.69924374807383,126.28243657724671,0.0
1369,-488.93810009205333,1471.6309760810661,-205.69028148193735,-674.2964723545085,148.7575622906727,-19.38950108763476,-102.63266657229316,135.90982534339372,0.0
1370,1196.473678127137,1230.723692318116,1543.6308411158604,2260.240505640263,151.04345968406932,-13.373045561474465,-104.27800069096753,128.46504130957328,0.0
1371,-388.26801223086966,457.1908927007019,-505.31204361488074,211.84488281435867,151.35603260125583,-12.56662821850093,-103.93080745770003,132.81466089655848,0.0
1372,1343.5732015748092,-470.79759199437837,-340.15558464742213,773.8683516729237,157.03627706430527,-18.07025294135878,-95.69113384979708,119.60993942980937,0.0
1373,229.43794915981093,1273.4771442736828,-585.962514933576,511.18284323160077,160.6994751318544,-8.821722264141615,-90.06295516633425,115.414358082658,0.0
1374,-279.72610851706315,73.87733505196195,-211.8191817009191,446.46511246872427,154.46555223601842,-11.789293722214694,-101.1618205795294,128.40498460661144,0.0
1375,-33.03096133429353,772.9907144709136,-1106.911546571042,713.9645830252218,141.5993674514017,-25.252952942919432,-113.14574059506043,138.8199147003584,0.0
1376,-1555.029024988481,1699.79415559454,-1011.4194440362179,-2557.970603346783,152.98154221537513,-14.637645466995867,-103.12032851108944,134.4901425226089,0.0
1377,-395.2471342446971,277.89363749253846,-995.9068073771122,74.93135500470402,144.79505644336456,-19.64154378573981,-102.73797555982956,125.51702800428059,0.0
1378,1730.2761719226826,3799.011767184729,766.5384496541091,3403.632558771602,147.00149518929666,-17.3034116213741,-108.79569822701183,131.91383115819463,0.0
1379,-526.1013698000652,-610.1861743907534,-304.2677105067576,4.901898651852765,152.0198285722991,-13.57589014692121,-104.97640644476152,127.61578674250133,0.0
1380,121.39617018335254,3935.810394420698,-2350.9431625770603,972.7558677064102,154.2086537977946,-16.325730152642304,-92.94935632463343,122.35947814994765,0.0
1381,298.0970963315248,-501.38008480858434,-439.8223500592503,189.92147563952926,160.13045014828506,-9.198040208479796,-90.80698580991238,120.96860441828643,0.0
1382,-115.6613691294957,534.2881807845763,-356.1912031068281,393.1490103859365,155.18646249534063,-10.281203948867487,-101.48020396502531,123.24504573926177,0.0
1383,-1569.1370317282085,-110.52222758200487,-2478.5919217095447,-1784.307899590735,155.2791933067107,-16.727594792963814,-98.9462468525059,128.13108492458485,0.0
1384,-829.3126539282973,745.0474364552844,-1021.5915048807566,-821.1827418091284,148.54259384904975,-22.572722882723035,-105.17214754033589,133.2785819965227,0.0
1385,-797.8215091304057,540.4768036611611,-1838.6540314307506,-862.5434757216135,153.1491275300652,-18.853099715088078,-103.49055554820133,132.2755362587054,0.0
1386,544.1018717990826,1558.2699345300957,400.67044115558053,991.2100354248311,155.74318832903165,-14.037751516585882,-97.60038608726262,134.98741428196678,0.0
1387,-817.1880838200534,1372.2905198434632,-1057.1919536274888,360.9968292341433,150.46873999882985,-13.20409871842142,-96.38848103705786,128.3116097964795,0.0
1388,-1264.0611288001214,949.7616380070043,-2027.1285999235695,-1662.0578986849227,148.15079409678972,-15.159477797643488,-107.29207087453419,132.31367658586132,0.0
1389,-662.2041928986471,576.1487551128005,-1144.7552576636208,-566.794768630563,157.47729092727246,-10.094225602278723,-101.30522914137191,130.4558846963398,0.0
1390,-831.1035243501321,2422.5601092079733,-716.9428421054207,1052.3339379140089,139.79589084355322,-22.11873248149101,-113.8634577948786,142.4810592261673,0.0
1391,-188.72701008096465,1425.1867574376815,576.051863154988,-74.15783457061582,164.30069463299415,-15.619961448012587,-85.77281133613006,120.59831080211477,0.0
1392,40.91400551837151,-2541.080170152162,-1407.3315065329332,-1302.5846928310166,160.48426873680765,-15.276389645800215,-100.73496629875788,128.19973633799393,0.0
1393,1654.1411484513355,776.5081357928462,643.4649681145788,1422.8713635622225,155.79338382983988,-11.311548280886964,-90.76363798129726,117.5286259016109,0.0
1394,-102.10442375697146,-2592.672274378929,-507.9017885711575,-821.3007555020195,148.11567163514988,-24.239429195609446,-109.82989052240653,134.57902538248672,0.0
1395,62.914127980607304,1935.6516362404861,1095.400912790388,91.7573905686854,158.87733327575506,-18.701306588695147,-100.85925050634324,129.17943173737737,0.0
1396,-1026.756003197046,597.0098195114562,436.55682129713927,-922.9396785261911,160.4515498452645,-16.96939536898485,-98.41306931880284,131.16514557527594,0.0
1397,-1822.0815483832748,-609.9787968792933,-1263.5671236206858,-1674.7844733661013,156.0616641221237,-15.728842536497098,-93.29473868014679,129.01813533703242,0.0
1398,-1941.395389202857,-533.0851797247483,-1892.8675760669587,-820.5758730650406,150.80891543371732,-15.294314512676099,-107.21087745360755,131.6359474663124,0.0
1399,1573.4192511583042,879.5545183930304,-1791.3161608635767,202.9077228723691,148.47656711630714,-14.87086759556635,-101.94603622618897,128.84689088867123,0.0
1400,1671.8975757266053,651.1582547444688,169.60196252921003,1832.1708547332962,140.09583219216077,-22.546772638312156,-105.04785836050365,132.9098557317549,0.0
1401,690.8932381098585,172.26653518473677,535.2495731943557,1949.8229066774459,150.51212533926318,-15.415276364017723,-110.00013784166514,133.80779633384205,0.0
1402,-634.7405823463679,1665.902870603449,-879.4066794645149,279.1000406483525,148.964401664605,-22.26270235166979,-101.35385552386369,124.67882489097346,0.0
1403,-23.096296885718136,197.33824840632604,-1616.7426400443667,-901.8049549352128,156.2166836887827,-8.697275208950378,-100.47859547132829,117.18570716236849,0.0
1404,-1612.7699394043952,1294.4426313726535,-683.9097590394396,-2300.72226471792,153.23296931929806,-14.44423740894685,-103.08645982654134,129.31895858398,0.0
1405,-1172.6736014077267,1870.5083907331245,-485.3481832341336,-1960.5728971236633,150.4044005447681,-12.412571545357922,-102.20050608898414,135.6121667839512,0.0
1406,1197.943850857519,-1641.795908394047,-558.1550779035349,499.5411407642642,154.18042195168874,-16.426322335650383,-100.85319201537236,125.37138781727373,0.0
1407,-1285.433445527537,-554.7646901948954,-864.3921506589957,-139.46207913000504,154.3058044742637,-19.253686951189184,-110.71286999543784,133.57853438878453,0.0
1408,700.2383711372546,2120.981347878827,-409.0302831907604,1817.420304862441,147.12490365291362,-16.927322202984723,-105.69859933318753,136.22705449917652,0.0
1409,849.5585217501862,-1730.891520438578,-1242.1301935016168,-889.6269439259361,150.88090663667336,-15.369604748921747,-103.5499845644975,130.08081595894163,0.0
1410,-646.3357925458432,312.69735278619635,-415.7544772554704,-317.0300919720528,145.59336263322106,-17.166703723616575,-112.13943820168998,144.69221945391476,0.0
1411,-417.37764669931533,1699.7670570426399,547.5428229844476,-357.0745390484075,150.12533073759818,-18.805746941632567,-113.01367634018773,132.6296870867895,0.0
1412,856.92155550698,3089.8502062955677,-72.63239175751504,2155.6694463507743,156.74284316544166,-12.597881200832193,-97.25794489007146,128.8097204450084,0.0
1413,-1057.0725429307774,577.1727932825108,-1336.1682652842874,-1049.7679002194222,154.779831179497,-16.829541920521887,-101.24333594944085,124.67728787445893,0.0
1414,-1583.7366630265626,1138.4044803057266,-2020.5350823970596,-2358.571713427612,166.53256966191225,-13.565285195034315,-95.43432068479822,125.00421893585114,0.0
1415,-1335.2438961910905,1031.0861613810237,-976.1753636142249,-1819.910129684238,153.38089866789988,-13.23062523776052,-106.65578867232034,130.2154154315778,0.0
1416,-630.655018726202,1350.4663101508336,-1089.4382648649384,-915.5155002507512,148.93090449429957,-19.7474290273392,-99.08509314419834,122.13622588299438,0.0
1417,-359.26932915754645,82.1923383448737,-2937.8940748851664,-817.0044499803067,154.28448795996914,-21.202042417072644,-98.04767624570971,135.0777820376923,0.0
1418,-655.4762669990407,383.45199603728634,-544.1300506383569,-303.6108734345914,148.33175821795666,-23.861918777343153,-99.58641715867043,126.18126771270805,0.0
1419,-375.7345868185921,666.5858765154865,-1700.3454189848946,-337.4411575148121,150.12135893450431,-17.63889051952269,-105.77203213810412,129.41660755096322,0.0
1420,-37.624505236899594,1413.1746108917937,-716.2167410995528,-6.890769541518782,145.82872433075877,-21.17246771949359,-115.80018331143731,135.30390891181924,0.0
1421,-815.8125803262966,1173.9515616936947,-489.3130707514657,-1010.6869632371637,154.11261340087316,-14.116643925396247,-109.38261492774966,140.6050835959583,0.0
1422,-639.9998048260746,1039.4350389369604,-701.7575681320319,-719.1785934818093,161.07893320172715,-20.734662322888816,-100.57648786534416,127.40680727959432,0.0
1423,-1048.6974900180583,1876.4838511713485,-833.2825819568509,-1707.7161906940112,144.2911395828732,-14.547227647214877,-107.5257382180661,129.3189366769883,0.0
1424,2460.345215467423,-1847.73426827901,340.48966458637403,372.23063483796227,142.52730595621247,-15.136108962459133,-111.35766088693232,139.11590870511273,0.0
1425,-301.14044114483255,-225.76534806501172,-124.75189777665943,470.9938361899508,147.93795810247647,-16.374088897967912,-110.05833486223713,136.4599459369696,0.0
1426,-606.2444367324592,1040.2083809757014,-384.4190183260178,-517.9487431887932,159.93793237824678,-16.785124728952006,-96.99376931874036,123.61121253704694,0.0
1427,331.85247881782783,-440.43648266897037,-398.16598918325957,496.536714228266,147.07313506035547,-15.28542160125288,-115.10967199247412,133.71850609890697,0.0
1428,-1265.1269071160425,136.89273246331683,-2545.1563608565084,-808.0116112488279,147.3943737843648,-15.938575764040062,-104.87125420941179,131.90248206815204,0.0
1429,-1258.2404841990437,-642.8171906989018,-2516.2473370288444,-1019.9203490743305,153.16257092838305,-9.847261124580628,-104.27785448642791,135.58189858874536,0.0
1430,-495.10984934140396,2533.4771820955216,-881.1893433138082,-1293.1966113967471,153.30149340677633,-17.517082878854783,-102.37765021344381,127.91168414559655,0.0
1431,-608.586626510472,227.50097495860555,797.6650573305468,1.1225068142493244,145.19601507583454,-17.3378246444799,-109.25043142987032,144.81804755231784,0.0
1432,1387.9162897509225,1334.0394889696338,-284.80589799155524,1413.3495218443172,149.20125282550626,-18.33330013937073,-99.20639885969445,128.971928091942,0.0
1433,546.1415297246156,2685.440585462192,-2839.776758660255,-426.0259858888986,161.2727696729531,-11.076237373767002,-94.65361458483208,122.64708793280323,0.0
1434,-279.6438697476089,-54.01685468606557,35.5997798572239,922.6609012206595,149.41150451190052,-18.96011395000291,-114.74484582579237,132.27986674943287,0.0
1435,374.0099055259501,1956.2020544934255,649.2929016190973,521.5474207379297,151.21253297569743,-20.233251028023155,-102.56009227985192,129.05830545466512,0.0
1436,-779.8943645248781,916.2963180310953,-1235.372675639547,-849.9106911303561,153.07432024364158,-15.259671205854241,-97.64951298136646,134.11880724302128,0.0
1437,-1098.4172612127934,-977.2532366743488,304.9349191982479,1054.3822989666144,149.17143372873198,-17.71422062529169,-98.71159676458176,122.66157121665844,0.0
1438,408.9111675169766,3.9371736959957992,-297.75265471448483,1434.327013201566,146.90228361265494,-12.198209937513113,-109.11193105173464,134.82196462655864,0.0
1439,-798.9343835387785,1181.06079353136,-1147.0208168373024,-1156.988270243903,151.79305643492134,-16.02717480056111,-106.46470832257444,123.18549025149467,0.0
1440,-577.0114993270222,1254.5526401243144,276.4571956966462,-598.5449672212584,152.1396849276589,-10.828677060942514,-110.55056972941783,125.25512254897772,0.0
1441,1622.8402192975982,3737.6470862783995,-480.85499406255775,1835.1443528846135,142.63878714460617,-12.152928984263998,-116.7518337214172,140.62365028350945,0.0
1442,2534.5931947079334,1412.5335098266967,1093.360673270507,2404.6212960698217,156.44776153279662,-16.09936712397585,-97.67043024933488,129.27748918723097,0.0
1443,1708.2088481361004,449.2769167035295,1774.2732503986467,2781.762004484708,149.80965598130493,-13.336906953561826,-104.28037556686789,127.04253770895846,0.0
1444,-1470.2801005304393,199.1347315712634,-815.0168797345533,-1516.942170751754,151.91902876972827,-18.983235258320843,-105.68084935640519,132.01981357911814,0.0
1445,-1135.5411827286794,2229.871441285998,-687.7666842778975,-2004.016080544564,154.79179263433358,-19.968865191131922,-102.52348754612584,135.5204319795209,0.0
1446,-665.5844147694529,1732.191698607612,-591.3432014803562,-1089.3611392699404,146.48468890847658,-18.342636409438207,-110.52276480582823,132.22872622013668,0.0
1447,-1563.2079990479504,632.0585070901881,-1190.4622457244595,-1936.9392863789708,154.4865556795579,-13.040681473268927,-105.7227478274576,122.40257645136685,0.0
1448,1342.50887479705,1491.649104722601,-1066.5445541464117,743.5263121883108,153.59577565158529,-7.685735536986273,-92.87781238328351,122.61268833362003,0.0
1449,-55.285218956500906,65.19887770055381,-2258.7389596146922,-772.0580887122078,149.55101298929293,-21.298711816615715,-108.04162529724053,126.00664572817058,0.0
1450,-765.636980704738,-306.6364076889577,-1041.124575769645,-140.96249909552722,160.87174435601509,-14.187880923301307,-97.04662717205463,126.91809015090621,0.0
1451,-1551.5195249732378,-458.1719739208864,-3494.3606717402768,-1707.696788259299,155.95567583194983,-16.761404824829196,-99.00517443242158,131.93866505419564,0.0
1452,-994.5105246447924,-709.4101012226586,-1069.2000663191593,-459.7764633628037,152.54288911217668,-11.963357618627311,-107.15266312811727,137.95334428239323,0.0
1453,-1024.3307063900813,199.31225536851431,276.04670337750764,-612.6288632465162,145.42582902135757,-16.043700633492804,-109.30577003175875,135.37807582604384,0.0
1454,-554.2182350748654,2100.9833196128193,-541.3115577932995,-1071.5924049582134,150.10419007253978,-12.013035117114494,-108.06168408239793,125.36052778077716,0.0
1455,-878.4307581472339,-390.3465889461496,1018.159582915312,741.0736555167746,161.29778912384032,-21.933262677336565,-96.72094350129,123.96676685524713,0.0
1456,-560.4867356979009,944.8698358216857,-870.83512183874,-673.9944226408442,149.05341670392562,-16.042377801248097,-105.91265592581148,138.23174349845132,0.0
1457,-21.064974737139508,1508.061620159041,-320.9230430099013,138.06477537494237,148.1774023530882,-21.806465176392226,-109.86919145205916,139.55684808149965,0.0
1458,-972.7935198714973,1119.483098964814,-1155.0386335586188,-1364.1562460740145,150.5912511930517,-10.81292555812043,-106.34728179463565,129.6347013495152,0.0
1459,3692.2660659950598,781.6663755829177,1276.6773008253267,2754.967074262254,154.16190857068057,-21.814026107128562,-106.28422583184637,132.91497758654927,0.0
1460,-960.2267408262433,1243.3349609790257,388.34918188873957,-975.8186639014673,153.00564218740817,-11.208464631400602,-107.98184011924114,131.339083456976,0.0
1461,-1601.7587887204477,-758.3804735993359,-3029.9914697866266,-2021.6443765303752,154.54187694604465,-11.172904300272803,-107.1791972633226,133.03865331981305,0.0
1462,129.43706703615067,778.8012276426984,-764.7191387137426,696.0612668482601,160.7841138343324,-10.923470075952967,-96.24905877942933,117.4087849240689,0.0
1463,2322.1610168210736,644.5253663805635,-481.778442046201,1348.2763933434974,159.527808007746,-15.308717377376917,-105.43261355852978,123.92835400482772,0.0
1464,-787.242321283454,1859.995550842172,-1432.0989423431106,-1504.1018383564747,152.6776877370022,-16.33075989966234,-109.33086985472085,130.32383847662263,0.0
1465,1040.9507130972,1421.20614494201,-482.72901623317557,1616.8298784166902,150.09808002982086,-16.987164215981256,-100.13341965724209,134.71540195170587,0.0
1466,-310.01925126088594,317.73701254974077,174.66169553033717,292.63130848049406,152.5328217382231,-15.865026559443832,-111.31803975963994,133.26150761877955,0.0
1467,-468.36589077377977,1222.8271847997405,-886.6012260570986,-527.1691784858049,142.62184175493988,-11.926745709393487,-108.49037527842886,138.80943900487392,0.0
1468,-529.8842397731553,1520.0812386903078,-1137.0481845324682,-812.1835069099765,159.7678512728292,-11.131358613693322,-87.89981394634084,118.9788771790385,0.0
1469,-486.4098074959799,-668.0356570619921,-2102.1205900705136,-630.7989490242896,150.26771893103714,-14.130612410911125,-102.72904392623305,133.53051437032968,0.0
1470,-1619.1939761775425,797.6729773449986,-1446.9571086935375,-2175.2265960834193,148.94746850972774,-14.422063797072262,-109.66587353852094,141.82832970589484,0.0
1471,-1146.9956401238069,-300.2710015905527,-1303.4920441618603,-849.9120494833479,160.05225976378173,-15.763128379367807,-95.27403237010772,123.42258448946089,0.0
1472,1554.4371599090287,4599.065247722389,-287.0904168715647,2423.8649157679697,151.46029116415346,-12.016683725927422,-100.67540436859919,136.18818135077564,0.0
1473,-264.0350890972616,3861.4512873416948,-2880.1457400461486,657.0165254310959,154.66517945385357,-13.575657412996726,-96.30956663120476,131.32580838292066,0.0
1474,3577.227487314501,669.3128665008707,2416.0553404878365,3194.9928771205705,156.5361998865396,-12.048414065910134,-104.21998307464536,132.28027621636045,0.0
1475,-1116.910966009742,1292.094182213499,-804.9582977623263,-1619.628271820406,152.05137712142692,-15.696036888694165,-101.72382335267181,127.69972330563739,0.0
1476,2639.49084160777,23.154587085325563,1036.07458613096,2144.5911776378007,158.52690366822887,-12.620160677676742,-93.50889911950892,133.9569230746291,0.0
1477,-49.168113072423495,965.8121203170606,-88.9313958444501,433.8807989590533,146.3307316005562,-18.19134544415908,-104.97418745655537,131.3453903161923,0.0
1478,-1072.416490431874,-403.23466479448575,-1578.7993462436582,-689.7347466365168,153.51527447887312,-8.460479404548641,-103.26982680929363,122.37301872102353,0.0
1479,219.1887787238312,1189.5060198306887,-1459.466865270254,911.4731971065049,157.50991982322844,-16.6918222477491,-98.34204986556438,130.6464273105127,0.0
1480,2151.50233043382,2308.3770785312477,-1106.7811890394858,1106.6328503065445,145.22462509390044,-18.305880397428734,-101.17402799881799,136.6379927429666,0.0
1481,1967.6299500028094,1576.6743606786986,-563.3652217181663,1614.6183019664843,149.84845912401198,-23.16074796645288,-113.22339913127993,138.1578469627583,0.0
1482,-1261.6240275176872,-468.5616853747971,-1799.7930646054613,-1137.9800210361655,157.01623199456787,-12.122408492134872,-106.55516722408785,128.83454140424632,0.0
1483,-518.8869734047273,1013.648510879549,-1745.6531143865147,-145.41268015222823,154.20883432521273,-12.734148920670012,-102.65229063101056,126.67186235877243,0.0
1484,306.7973900893024,1051.2135224883425,-1672.3474614412098,13.971426134636378,155.5467775932925,-19.707543344285096,-101.012815587243,132.29292381390508,0.0
1485,-838.7692705838953,169.36477053842827,-1790.1942778865002,-728.1902581819152,143.72585439064255,-15.107123234653997,-113.64574499426338,133.78776702965317,0.0
1486,-1373.571107763887,900.9263979117788,-1857.1935506610262,-1991.1926938159227,146.53359086143672,-14.100918450945837,-107.3775928526998,146.6683891739461,0.0
1487,2448.176438961541,4358.380661077565,-1529.94971599028,2013.0002950260237,148.07632502378408,-15.091732542837336,-103.45029168247964,138.09391825083915,0.0
1488,-763.8812753408197,486.07611092746134,-543.6210270483556,-507.1548494189837,147.22610450281766,-13.288357575312407,-110.68172698869236,141.73363620374028,0.0
1489,-1369.0669975395447,750.9345507885253,-2036.9858308654718,-1892.2341822904955,153.3962318051595,-13.653742187243612,-93.90719250870072,125.50910913444453,0.0
1490,727.7564418695003,-210.87819597049614,-1208.3363075962598,157.64984621551218,145.16600676688176,-14.17500182596757,-108.02784870121417,127.33256637061088,0.0
1491,-844.6481004237633,-534.5208683469893,-2759.2423621677754,-1614.9048599282446,153.6660228021155,-12.585433692931982,-97.55967214362754,130.04791882324918,0.0
1492,626.7164835510813,1740.9386195632392,1808.3955483706507,1110.2529538689992,150.87423194544206,-17.95515694039656,-107.19267057891004,137.45910782127885,0.0
1493,-496.49947192938833,229.21400833895714,-1027.91608856486,-46.431387367589124,145.4573264675712,-19.060963772828202,-107.82048242963454,134.41979045072287,0.0
1494,-219.053617771594,1175.2630763016055,-811.0009923422342,542.9819566426011,153.7659883181928,-17.522723409208915,-108.27084616813264,135.116021231032,0.0
1495,1988.2065442238268,-651.6960062634184,-421.67878235594725,418.12223031486354,155.74735238923128,-14.330518098977365,-102.46958605741408,130.28254878424733,0.0
1496,1461.3948667649015,2421.869932393309,811.2098740870755,2818.0175722377326,151.5881640453816,-15.300152300254101,-105.73359590199732,135.06837433934612,0.0
1497,-707.7558710421713,569.4457595183663,-551.2103339536327,-570.4009968585372,152.9009642101162,-12.511853336844016,-98.96018426287458,134.92530987147646,0.0
1498,609.1183891556695,1486.2232718936132,-2234.3196381903476,-321.1182255265857,160.84870875025067,-8.63784215588255,-101.00427690280594,124.24566343834616,0.0
1499,-710.9992876078604,1013.2159795384041,398.8799456420686,-697.5256844001079,157.21493831231498,-19.761211325993937,-94.75446460929079,113.99010536672094,0.0
1500,-1217.2193458644892,191.96173762793703,-665.8688020756963,-1102.0852005906597,146.97677944480262,-15.422327548223997,-101.39354391441431,127.71514713074353,0.0
1501,-41.23179744327964,3587.1924171778874,-329.64584127514905,2004.1008891840945,148.90438344083748,-13.639723775472095,-108.019997487833,138.8646141974143,0.0
1502,2289.6771162568966,913.8232014524134,638.0499889216916,2489.2870378922494,154.19102023741402,-20.42686142116183,-105.0468409635865,127.41631455660537,0.0
1503,-2440.75131515092,714.3870942559557,-2856.710366433761,-3467.153341679204,165.24492659964403,-12.713480406848634,-91.89157280088854,125.82762227140056,0.0
1504,232.60032263478251,2118.790989976342,-1031.087132525021,445.1268430915511,160.29591627526835,-20.104855676373276,-88.08386103949186,117.33669528729506,0.0
1505,-1843.627336649712,59.157402474713415,-1811.7607986713501,-2249.6998613705036,151.24239006871971,-8.661247532749751,-112.87023925996706,133.67813761835168,0.0
1506,2213.068544420163,-1219.8944518017227,1151.4137306563566,1790.274866932216,141.26174995145925,-17.631237573497607,-113.35443516953188,134.49323699299092,0.0
1507,-1581.1834179171562,-129.349765039783,-737.774348494258,-1460.3509491794014,151.25566803533493,-17.454437439211908,-112.84525947770128,139.71840844199602,0.0
1508,1240.1087881151275,1442.6395677037108,-1578.5415105029228,433.40987619091896,148.81538123465484,-20.92496761695169,-106.38155443451016,126.40989210818216,0.0
1509,2886.742921672134,2448.430235908295,1125.7840868555359,2825.7840114257883,149.86085490276238,-12.711213470540184,-105.18965213925128,129.97763382574945,0.0
1510,1357.7354914154805,1937.5197227548804,-2067.0610409699775,546.2796640719888,146.82965486807086,-17.64077501252568,-101.4613456922014,134.07281357621258,0.0
1511,-1081.7456065983167,1388.6355089040335,-50.136872897498996,-1532.7779247884605,146.94251556639452,-20.14559446036924,-108.03117571737131,130.75499667790697,0.0
1512,-1736.2629250813472,673.8628877775052,-1443.7921083798692,-2167.33661203939,153.08535911094137,-21.258466711475318,-102.2277900723735,126.42892505106926,0.0
1513,-595.6812745688567,915.7069760516305,1224.6887033148664,-205.2852058665115,150.5970647635379,-13.061221606507779,-106.68508971190276,134.11964581416132,0.0
1514,776.0007243333346,2151.1958873461786,-56.991271663115064,1898.4305002682495,141.5998633003642,-22.25007634942502,-112.63109568837373,142.04522660538728,0.0
1515,-1699.5978911439367,-85.29710986610746,-893.7694614539377,-1659.9215554832758,149.02909769968298,-13.451113573981912,-98.44171324009984,133.05872886542923,0.0
1516,-1660.8497949011485,-296.56574608916196,-2106.254771719731,-1114.393520511976,150.33657807538827,-20.950444534681896,-103.41571392234984,132.24607383368513,0.0
1517,67.70138683551579,2835.2692630499128,-259.6257631731401,1908.363328116971,151.16690793793018,-14.559180258715873,-106.6681195062227,129.2533936010929,0.0
1518,-1620.7647464114896,1476.1506956638616,-843.520644863361,-2412.6919184790904,153.35676167388297,-14.761668025751,-97.39639777122837,132.85729000747983,0.0
1519,-424.125347360477,1683.7977202222255,-409.07242408211926,955.5776262689917,158.32046380325687,-13.249150192424015,-99.32811501271277,128.08606616911626,0.0
1520,-1474.376693470176,-578.3732060061332,-1438.4467674522728,-1171.8739743083152,146.21890194080083,-15.465067051208292,-110.49112861527766,128.90463459220908,0.0
1521,-1079.9261138865318,1059.4135966904796,-456.0763531908886,-1388.0298242292629,151.18265811554326,-15.573369408383334,-95.86022158217261,120.89571497616366,0.0
1522,105.48471696063996,1059.2445282490446,1184.6336124499417,628.7283121017983,145.44587873314237,-19.78799758192885,-115.84136742188545,137.24027741368113,0.0
1523,592.005269841303,134.5488279351523,-2167.732647194738,-183.7318678819944,150.5010512936596,-16.289493351005554,-98.4027021786283,133.58022436944088,0.0
1524,-380.0900426742438,1478.423604237033,-51.221744667397274,-366.18587491439746,154.08710737710666,-15.557885595760661,-95.23628607306817,118.85776208135218,0.0
1525,-1323.5986452880259,154.86321543144783,-1173.5871745953236,-1206.6554421117103,153.02988994464465,-11.604657538546025,-104.02879690679396,132.72492948762704,0.0
1526,-1211.1511133453964,1300.0665403209093,-1249.840033831503,-1840.8190046725572,146.3927109019597,-12.953186924790892,-108.963306490378,145.31085190674253,0.0
1527,-711.3644436454625,393.5664170764547,-886.4901643124127,-479.2799571068567,151.16132085147018,-16.081681315690833,-103.57073632416004,131.50440810525458,0.0
1528,2558.6608741161617,2696.57431665107,2842.2030311912467,3740.7163928650893,156.1812110192203,-13.590330370822244,-89.50897319625258,121.12134805935011,0.0
1529,1652.5406347528374,217.6023131390357,2247.1427254676864,2814.1631847679537,161.00372357723543,-10.073418509130533,-90.32449876778244,115.70425596171326,0.0
1530,-921.1060443053502,-215.26888107278802,-1243.3380667683507,-520.5704566399465,163.7792330496212,-12.769434607309172,-101.60948521330396,131.96174745485138,0.0
1531,-1122.0337782697986,270.2018666229334,-1193.7946425894156,-1075.7077153204204,153.08067715096877,-19.164378213626115,-108.81009946999679,134.37908910746103,0.0
1532,-1201.2943695952742,3039.617109728154,-1463.3353159996127,457.6026811560878,154.74600857136156,-15.532464450233265,-103.68715203274228,129.59801174488265,0.0
1533,-689.4681056772234,575.3193146412298,-863.4742858048621,-488.1236794616677,145.73361017534882,-19.094971962818732,-105.26549683286562,136.8748690025605,0.0
1534,-310.194008587447,722.5823717063583,1074.6735870121772,373.45604096258796,145.88549803020678,-16.422687260824596,-104.08438736922146,127.19236079109156,0.0
1535,1380.8133806897529,2321.964734018988,0.450818652515228,1826.3467306241216,148.23079210362386,-16.040298695973508,-107.71381421630764,135.6449261510309,0.0
1536,-468.61774321543624,283.17880155822013,-1139.8520837339463,-137.46612909218084,156.36500390856358,-22.377823453428597,-92.9331646900085,124.12009348919875,0.0
1537,980.0187779715618,1167.8029313850648,-932.1843085214534,396.556582221047,150.11213438627374,-19.639292052586818,-104.63293831758209,132.46829094323303,0.0
1538,615.5406601661651,1924.9661494538418,273.64852604044944,2055.0356527631307,154.31049986520918,-17.12277309861439,-105.6170940482125,132.45717280888186,0.0
1539,-889.4091391060657,1097.4866102285423,-316.1479518319076,-1094.8668329947384,146.1364210891498,-13.503625655300217,-118.43536935826242,131.66938465009926,0.0
1540,-1246.6986712331097,111.36523088901417,-1703.8540059953675,-1236.8789723303328,149.4128873884619,-18.851126834774302,-106.81022669394459,130.21629630739932,0.0
1541,-1386.4635391950205,800.0941669303612,-1809.6716153296675,-1830.3182824813844,151.90195372270585,-18.47850987468808,-105.61465204706388,131.07592179860043,0.0
1542,-1759.7711899593473,-250.75488628032687,-2953.5789914642405,-2064.7055503883266,160.73545888723498,-6.8169223865073985,-98.68711004394427,123.669527089725,0.0
1543,-755.127168303296,-1274.5639187583122,-1953.2800614103535,910.9773808584886,154.36874809614656,-16.873967456222484,-98.64483419186867,122.39881310811715,0.0
1544,601.9629512025248,1387.5084792665696,-317.7341638416142,910.497077313068,146.92645923825606,-21.426550562285286,-103.83115857542396,126.38577412646214,0.0
1545,-264.62374745393765,-3803.648927106232,-1795.432038619155,-1461.4689118184867,163.8241360829483,-18.28180269039098,-100.19630805087363,118.13661193474213,0.0
1546,-904.5144935009641,1516.8723353759835,-1027.1060338344744,-1338.9481259218705,150.2756259049749,-21.04863696635728,-115.00824239207296,141.11387718625005,0.0
1547,-68.5817717316933,786.012214147377,-290.81514382236514,300.69232349236705,142.95299354891773,-16.33561675127496,-110.41172294629943,137.38822382241318,0.0
1548,1782.7485083662061,1119.7069406714131,128.7097715725662,1602.3611975482013,159.7319703537336,-19.07789282453895,-91.10080163659522,123.37737285879876,0.0
1549,-521.698140129882,-529.2592201040947,-1468.901483658118,192.13023933218247,146.01005807389228,-23.963009354156,-112.31505613098454,135.84672799481334,0.0
1550,1192.9707683204888,2041.7669460582345,-1780.6204190768278,982.6716067568374,149.74385352997945,-20.89890094400099,-102.09585153493914,135.42498327461604,0.0
1551,817.4253282051253,527.3980034387436,-104.50858055013727,1262.7308342717279,146.7577838830948,-17.3462926206726,-104.45238436075307,127.93327658485157,0.0
1552,-368.9885902574082,382.08904456157074,-1061.7041410863033,153.22017384443873,155.05519100389296,-17.354140942010705,-100.70522378957556,119.38733310097666,0.0
1553,-1044.917298731269,-2531.0019338562383,-2724.023820454275,-2712.8150918487704,148.94791863129112,-18.337103930472615,-104.62721856509867,123.37908848692936,0.0
1554,3083.0502477424257,-703.9765394627096,234.13925370762374,839.0936180685328,148.92055384190462,-16.16366669848495,-105.9693425652125,131.1702530854213,0.0
1555,-229.58383024232444,1790.2488026987367,-71.20652826218506,1219.645925815348,149.32284408864692,-25.11407873576219,-98.3015517354919,121.16438732899886,0.0
1556,-1478.4617190237932,314.9167739637625,-2359.1844144210295,-1867.4956598934016,152.0059347171038,-9.26527925014522,-108.99574174713494,135.5932488168309,0.0
1557,-1542.343930209652,816.2895247869072,-2114.2560301593217,-2170.604210798866,147.85230335885956,-20.253414826230532,-118.76668572900539,142.56775812502417,0.0
1558,-668.2075821335897,2409.790963996883,-1766.9390970128147,536.1181091656057,147.3038883649493,-18.18452835414001,-99.86134572807805,126.94072200276976,0.0
1559,-1770.8223943995145,447.89072015290475,-1106.0694617567096,-2219.086433976359,153.52904685223746,-18.499736202513027,-99.69076871726668,131.29936877026307,0.0
1560,2924.826913173185,3283.2407052732897,291.68157046072116,2629.756614296823,149.41468085189544,-13.421722690698095,-109.7346390434054,128.24625703048906,0.0
1561,-135.18315121071745,876.91626687379,110.79232911980111,108.43879779658566,155.82974380783918,-14.453953021653119,-97.24613060172705,124.07450974134521,0.0
1562,-667.8602287929385,-190.27346070229632,-2089.754756831487,-33.56828306876621,166.51844009752438,-15.212765415028661,-92.24192208792509,117.72872133321258,0.0
1563,-78.53476403587698,2689.2952732198655,-2032.1949505707573,274.34445413471207,164.15903984091216,-12.861414796869036,-96.05269441240023,115.06145259903323,0.0
1564,-225.99795760643138,267.9165398425594,-1185.9242895727002,370.29975298632274,158.12383901998896,-8.050057105497036,-100.04961540026228,129.4559719293908,0.0
1565,595.0972250192617,-288.87656407569443,280.6032395937649,613.9725870499525,154.21176928091688,-22.219658651459753,-109.72511579247949,134.91904157169782,0.0
1566,1873.4853900301327,1309.9202883231897,-17.515449966243203,1886.5010175902144,154.67439917006635,-18.400334821683124,-109.16432596485878,131.808649253632,0.0
1567,-561.4659666465056,-366.68088634483536,-1801.937855028958,-139.4824339012986,149.66070710242,-19.76260920771688,-116.55661520347005,134.32532437740736,0.0
1568,1255.1273296310228,1041.9578363394553,379.24582210307864,1696.3539079221719,148.39768827857495,-21.08869263250962,-105.5481580188157,122.8627824161592,0.0
1569,-1512.8525664747642,1454.4545801534716,-1362.9082790687114,-2314.4358493933214,151.98104178578802,-14.987859152599942,-108.85442558671402,133.02693613307318,0.0
1570,1130.0796820780956,1169.9043654809568,-2111.630925610899,244.00788928818952,153.3533566577868,-8.222606700053234,-101.02037877576002,129.845134442481,0.0
1571,-2917.572228404554,1539.2968987432885,-2897.6076286476336,-607.356017785879,148.97620161513683,-11.838907796954109,-106.52413306521218,134.09250376498255,0.0
1572,-454.3322843171504,1244.4428283291834,909.2475153148603,-278.2018640424468,135.62131349264726,-20.50245886486323,-117.92175594768277,136.936460237486,0.0
1573,-564.1530929000816,580.4831876238719,-112.81310654529304,-309.34410681908827,149.1136427720363,-16.09413312739157,-101.8279062136483,131.2913975449318,0.0
1574,1712.3025437918502,1441.6482099548305,835.2884794467437,2138.5853074222164,154.4307695239043,-14.681197520878104,-106.55722379126284,131.38009663597657,0.0
1575,2015.8036627173367,3032.345704854709,938.3269646757345,3731.300670982568,154.77171355316065,-17.10664773226911,-93.71320334369229,129.66913293162014,0.0
1576,-576.575792829468,-1397.748716681995,-1319.3233731263651,-606.2466645515321,157.50053925857316,-20.550894565333277,-95.86394090368624,128.26462478130856,0.0
1577,-763.1396173857004,248.4443678274623,-1352.8708376580598,-193.8900968488269,158.4120740422922,-13.866138815020948,-101.48616497327342,129.23412451955377,0.0
1578,672.4626967708903,-129.11801780388322,-1750.110275531998,-698.5940712355658,148.5517876519013,-24.426653147277758,-101.56465777211471,122.65418511735103,0.0
1579,152.17919278412202,-968.9118636146528,-1079.0844536828326,-344.38024879894147,152.0741932652964,-20.30269063879524,-103.86794524034048,128.5907546859238,0.0
1580,1426.7223514426173,2269.6585522451496,1184.194880974269,2852.727462680942,144.0434146621008,-16.191077158497475,-117.64834345862614,134.3372536748246,0.0
1581,116.70999559128352,2891.809396067484,-902.9176825601825,1260.7095713404308,152.5214389318489,-16.457202986827802,-105.524305247001,133.59170040377964,0.0
1582,-875.6137786896113,1262.1800695132038,-1196.2272828676712,-1330.792241063553,153.1020871162196,-21.01950631435351,-103.22264159040589,131.48655057725534,0.0
1583,1549.4505051880215,2748.071918237699,1561.8423865786501,3392.9093085190134,149.74491460841557,-15.596300607793438,-109.87810178078875,134.97415976792183,0.0
1584,-1020.9970824578467,135.126570855267,-257.5395146594458,626.6266985365951,152.4511801756291,-14.366010108129634,-109.38722987836985,136.9548400358915,0.0
1585,-428.9419070264435,-968.4164496331956,1809.1393001201398,1454.3033308370727,153.60964208222526,-21.76218996625115,-106.01537699350997,126.4646799132072,0.0
1586,450.0190281987384,-784.9189316751268,-99.87213183604429,1903.6295412711002,171.68226614727752,-3.2064157381571725,-90.9790772606626,116.82975489014771,0.0
1587,-934.0121226434626,1515.8170420121148,-2240.7779892989197,-1637.8762247675625,159.47396201954467,-12.598035113961334,-103.54676275451578,128.88610929349312,0.0
1588,91.00282365400955,4068.106656359958,-1516.480070048229,842.774579920055,153.33635291955414,-15.159361275830996,-103.26304961910374,124.54317266794861,0.0
1589,-819.8616919892885,1191.4865925575157,-1944.1232059512486,-215.03175249560817,157.24056479777798,-15.706850971242396,-95.38158626090069,123.95883093989737,0.0
1590,-1807.4725544082671,4959.33257052073,-1736.5054005890704,1244.6008826829893,154.89107699540662,-18.56953442574679,-94.34226434888335,123.07680926048464,0.0
1591,-1703.6619046614758,635.9033852433394,-832.6884185956699,-2083.5912596400335,157.8684765386225,-16.14957118030233,-102.23289997187692,122.31534364010675,0.0
1592,-33.043945691018536,-2076.7317371018685,-2545.802025110731,-1032.1437647382886,150.7568771067092,-19.868577024327635,-104.580869796494,127.93933963937582,0.0
1593,-1381.4436299389527,499.5852318086318,-1331.085324968442,-1604.734769215152,146.35387362634222,-19.09841350457295,-106.98015365637917,136.0849801883614,0.0
1594,-984.1365243159237,1070.467757511425,283.51704551783126,-1128.1178604268302,155.6540061860324,-18.20668410204992,-99.41909251949582,120.87110422107592,0.0
1595,-1397.9740391686344,194.8673230943663,-2900.074525440491,-1786.5759756295204,152.22228796572338,-15.09023616188809,-96.00125370264936,115.35474522634678,0.0
1596,-1689.1198564431475,694.7177159382297,-379.307746742859,-2154.7575585246095,147.695290713489,-17.058507192432124,-104.74202686936668,132.02050116608027,0.0
1597,67.68751142693988,345.14657990146395,1278.4132309117895,1024.5700695535988,150.8166336378576,-26.466952059030607,-100.28639752485351,131.74272712066806,0.0
1598,-216.38912906242598,1186.9163076407724,-1452.1854123652083,-235.07635163289646,149.7466554814704,-16.808796603291434,-100.56838549660925,131.81453350749797,0.0
1599,-1221.8511973073323,1161.5517993481537,-195.97128551266508,-1517.8827957111955,147.72649366850308,-16.37038306240403,-109.54058159804273,132.8348849074331,0.0
1600,438.11111371841804,768.6179794774545,-3249.798231313871,-1201.944523357209,150.85163342153956,-20.543199728129178,-103.4031685480138,131.0186730143855,0.0
1601,-305.2239745142093,-557.750573500554,98.7364161462638,896.8355581534188,147.71027075019293,-22.5396999222244,-104.14483445265516,124.41827057447564,0.0
1602,-895.015177268998,-705.5103212134076,-2448.0906162116703,-1196.6964902838572,149.98786196868684,-18.223525799994317,-112.8804025031914,139.97286462739004,0.0
1603,-408.79320037193975,3650.435152200216,-2466.1114577289372,223.03665397939886,152.4614946587192,-21.14480703509658,-94.68277387487069,126.84921724060155,0.0
1604,-998.9992872275078,39.344171772173844,-701.6645531696813,-791.1937307477526,153.607994891111,-17.442746509919406,-105.23380004578354,130.17506369046345,0.0
1605,610.537935114161,-485.69072009325953,-267.99820195124147,257.3015414966233,144.3638638396412,-14.60227850701934,-118.10172178283133,146.55835914913183,0.0
1606,165.87882505218235,740.2922627780313,48.441181600752735,1104.3056032135278,153.20098991455967,-23.082675269905025,-102.94955856636673,136.33424185228475,0.0
1607,1534.3714973438312,1725.1390922168846,-1044.6970088268008,738.0294959923149,142.71783197253785,-23.254292537266416,-104.99300329867596,135.4024372050372,0.0
1608,-238.69351297891063,147.4631313003751,1408.17553040255,689.9156655304812,149.37632882227587,-14.581924081736105,-101.9999001464204,130.50198494076798,0.0
1609,508.5382045514541,542.805666786669,725.2543378270993,1558.4808803094206,150.59802108517815,-15.289691879495683,-103.79695837411005,127.43747538181779,0.0
1610,-10.759421445352357,2950.6851737833517,573.6758473703858,-629.9516154503422,158.63826464211093,-19.085368084040635,-94.47343494642438,121.29818263670752,0.0
1611,-164.35657525134064,1121.2930049109877,630.2783284849421,122.81879555523933,139.62740571502616,-18.286228883679016,-115.60479173578956,144.96029956786097,0.0
1612,-399.35622906863495,506.1239818435324,-290.1658589809933,-96.01180697331377,158.78189750971535,-13.624846521677068,-99.03123424421605,124.77743972495514,0.0
1613,-1405.7614624476178,1563.2844715758672,-2944.832245217337,-2582.722084026643,150.90723214252102,-18.953457675687694,-110.28201360479486,128.82651868861439,0.0
1614,-1446.6859353345374,1013.668371040322,-328.56754180292756,-1853.4031436481002,158.3230710411792,-11.754692491553211,-99.84352214833372,131.45647130821231,0.0
1615,2631.0036213443427,2344.083536982787,3501.253916714154,4558.990594672399,150.91549723132056,-19.67967447578156,-103.25899330011255,128.0984020197546,0.0
1616,-1306.477907174602,610.8093888404654,-953.0997810486683,-1589.6668159787343,146.3064006447611,-27.32877496335228,-105.63768907884116,130.97359374362813,0.0
1617,1503.6171932818916,-82.47001573919435,-1075.9082287293636,733.0444940051565,157.0153803459667,-17.298837951030446,-101.16482043312928,130.13759255491738,0.0
1618,1139.337468742061,1027.0720995022125,-1533.9767716304257,682.1696355234726,148.53897760309863,-19.545430320297186,-109.28421189953514,132.05955184290502,0.0
1619,-1038.5590682573547,2329.830102954571,-1131.4123218608354,-2138.9669291354053,144.83750184760513,-17.553256790981493,-115.4717065000721,141.20716414601668,0.0
1620,-888.2957567979903,1680.4896804596967,183.80814402538545,-1192.6999324962815,151.36606730904083,-11.462232320176286,-103.46830175810237,132.33995503618587,0.0
1621,1449.9847763243404,1473.1332031069123,315.67660865953377,1402.0908767516369,149.82479879276036,-22.05335073037254,-104.44942751030271,133.63814042291474,0.0
1622,-1138.7101650071827,657.9365093492197,-1894.0744359918162,180.14516296818894,156.3526296760096,-18.31324430394917,-96.08653060422117,126.9673335200926,0.0
1623,150.44288320279537,1267.4601035573453,84.8447752493495,551.8249971663108,157.68117832686153,-18.894168560603333,-99.12530593376604,130.09883202860203,0.0
1624,-655.5172296845029,1083.340267958202,-1870.992324894139,-921.8441166276392,154.7977858776146,-12.346488519137171,-103.79321513622932,124.16560308009103,0.0
1625,-127.97220512593287,-2761.841253520536,-534.2797371651117,-1044.5514479960204,154.29324995869914,-10.274000395429702,-99.2209877255184,124.71119859449395,0.0
1626,564.1101018612226,297.0442061534181,-874.2501151954432,466.10065390666136,149.62678991710914,-28.2186337031007,-101.25369678414323,140.80512281098098,0.0
1627,-802.629361064732,1379.9775658641777,-980.4821497369747,-1078.7248326248905,160.6908072059991,-10.924488640113914,-104.01582433031415,122.00157444117717,0.0
1628,1307.9129136867846,2756.140631123345,-450.4898656533525,2116.158830310249,157.16556206601445,-12.205335801955421,-97.54358820247171,137.36940260232848,0.0
1629,-1362.6930507952034,1285.6636637933743,-889.488048564281,-1943.4591846697867,153.11597106999136,-11.310589982961048,-99.36399177264529,131.99115707981304,0.0
1630,-511.8172861047099,1598.8080091205732,-2567.5425225370577,-81.956384006059,152.31798076691112,-12.130678732619907,-102.61062452483179,139.95022496242527,0.0
1631,-1811.5993841324364,-76.07886667247429,-1791.137085478688,-2002.4862077568825,141.10924743859636,-24.50174673555314,-104.14782458232004,136.274807242023,0.0
1632,-970.5111384283341,1153.4673306190086,-1071.9877286405012,-1376.8331981478816,158.5108690201365,-13.575897524915463,-105.4537690599554,132.85859453102188,0.0
1633,-497.85065018618025,1522.0819839094233,-823.2481648482549,-742.7393485322444,153.31277129189525,-12.63564624873247,-106.57166364180249,133.9167844622787,0.0
1634,-622.7176277149836,-89.32133752952636,-1101.784035016249,-236.16430851575333,162.72308129072087,-10.734460805134105,-91.59939055874183,122.9666076992872,0.0
1635,-736.4014958041438,1662.1020154535984,-67.3752396407189,-1144.8430881414204,141.89092311812882,-18.602732761833167,-109.37084841188056,134.85958707080474,0.0
1636,564.4016040143691,1054.898631320765,-205.3155846209437,1276.922559537043,143.22799406315877,-16.472144111865653,-107.81304418563015,133.87923382090258,0.0
1637,-209.6953240833626,132.32123709996063,127.81092340565901,573.3395470186256,159.07979181868652,-7.792020383465712,-96.96087829453056,125.77155022724732,0.0
1638,1097.3240499548144,-930.6235272063382,-130.57254435479143,-153.65619720579184,142.47027359352725,-15.5642457074913,-111.18711842069698,133.40956823033565,0.0
1639,-906.2307101889329,856.9885551178106,-61.490544205155295,-863.435328789517,153.66892921397525,-14.607370990340735,-106.58173658310253,124.91496534136976,0.0
1640,-360.60651394629684,772.294975721523,573.4564903314918,126.85560633369577,160.46722424869,-12.343134320245797,-95.08006754860183,124.67617119495232,0.0
1641,1690.3380272842123,3710.8830687318946,-1875.8201546910402,1413.4220847758202,144.01825730824478,-19.976524848950262,-112.06437530585545,142.49805688338543,0.0
1642,1554.9069244849097,-762.1260029173297,247.08946492845965,1425.2274675578394,150.4419096564058,-12.163209843979132,-97.09634870661627,135.7091873276995,0.0
1643,-1548.0919744256778,3084.59685612778,-1505.4917593419123,143.51064209181453,148.79187907042427,-21.228750185288433,-110.16139181994681,132.9148870335544,0.0
1644,2528.301350614811,-165.2529361674505,-1492.021645516388,-243.77620545837573,152.95331213508194,-22.50643912646676,-100.15403136697341,118.2357410311164,0.0
1645,540.1751912272907,-1126.5017467245852,-128.24986037568854,-1962.255876101717,155.643288342194,-18.260991398307155,-100.10789217224207,126.41764326997195,0.0
1646,86.59161113818459,757.7311430465408,-676.0219074353029,740.4946466129489,152.96964701594663,-14.608782288555268,-102.75111293314112,122.88219258708048,0.0
1647,-751.8626521225546,-252.4037806108881,-1462.4142882012306,-255.97168562651183,144.79363521698193,-20.98749052884835,-104.96445058257649,139.800871974703,0.0
1648,-1479.4984926124964,627.9376932616904,-3036.9500427310677,-2111.9567660668586,153.52607591901165,-18.577500463070294,-102.02410121408808,130.36910906264404,0.0
1649,-869.1622326366513,645.0237435697059,-719.8542550077794,-824.6866865574736,147.89034073019118,-15.41827631923247,-100.55110591975094,127.60523743608205,0.0
1650,-971.4735910773037,584.889251787529,-2079.2879849883902,-1255.4227691165888,149.88122408579054,-15.263299002730134,-105.39387955547207,134.02647553733712,0.0
1651,622.1386165622894,-1159.0551505459307,-1869.4869028059784,-1236.9735401792548,152.94005461524256,-13.001696331284569,-104.42015185912676,128.90591307095582,0.0
1652,-245.09997631664322,1823.1594426651811,-583.0257731370322,360.07068119552747,148.3904812204985,-22.00479525645595,-103.52525134711088,131.6586963808535,0.0
1653,-210.0863033919061,1365.810559236183,-1473.7659848574908,103.79911842090912,142.9743504692218,-14.133804687277962,-113.98631154264108,138.55336935114906,0.0
1654,-842.7212819062888,916.4950002031399,-1401.7873087745847,-1016.0515914396477,155.13239489561388,-14.424844350018027,-94.01018199328728,114.25279472831889,0.0
1655,2489.9127342898637,1735.6891635871589,-84.60573489553873,1878.4596241299384,145.4575672173449,-15.609207092140704,-111.72003708754896,146.9026769639358,0.0
1656,-901.5309486717675,1793.4054977352198,-1086.8592644041,310.52731631007526,149.59106795537159,-16.654482585785523,-113.52425189248248,131.05412595156886,0.0
1657,-290.42727474177093,640.0876613099385,-483.07873645979964,-42.07846836349487,152.54409810965404,-8.93567121767023,-106.38264488344362,133.37535711624386,0.0
1658,2365.199769540686,1198.1234580971604,667.9351371888705,1860.6889243180276,148.13121375456944,-16.489478351103276,-106.06181946720167,126.5892512589883,0.0
1659,-1019.9301210811341,459.249826177202,-1615.0701695546097,-1109.223416900265,143.44782592463926,-15.851393775929015,-106.58439553797481,137.81295745441102,0.0
1660,1710.6729170850622,824.6173837579476,-1617.0312971000194,28.002128982885367,145.6720954340719,-18.899211004800947,-107.78088879938801,128.84638797641995,0.0
1661,2640.7687326402215,-228.9273100973089,-321.12425168442434,1389.095484229604,146.58025474074122,-24.501988927014885,-91.4552977432281,128.55068982734335,0.0
1662,229.12951609165168,-183.37395065157023,-2400.93574776405,-647.4615118245225,153.98324715696725,-14.592799646487856,-102.43353619535813,140.23493161510584,0.0
1663,-801.8223864043237,1060.2825469020054,-605.6129274583766,-947.6273331781166,150.77943948224183,-17.78759610733684,-106.24104046793674,126.80373746287007,0.0
1664,1305.092678753909,2235.4286932766486,-170.75056024554587,1940.0657298918745,154.02294628873264,-12.947723528601239,-101.30141838108972,129.8382125021012,0.0
1665,-585.7554899483491,479.1141730845262,489.98988613799827,-137.18418839355948,149.47466368851028,-13.438634657858975,-102.20685153648093,132.09937676107032,0.0
1666,-1503.581394604105,372.73303063448043,10.368899526098986,-1532.5616929518276,152.50149350742873,-15.019477586885934,-105.68999185117893,132.88371759711885,0.0
1667,332.90241937852034,2416.9815740988565,-816.2007868227302,1753.7329871834252,153.47879053778496,-13.202017635308305,-97.52152705304171,122.42647298794893,0.0
1668,-240.76882877242767,1159.4437739032185,-730.6654071486126,-150.52459276844183,150.00675642110266,-18.141792880902333,-102.4342672453277,132.78593974397398,0.0
1669,-197.39457171821556,737.6691499337238,1475.8760112901969,370.24565967445085,152.48388146954565,-13.542301640237792,-104.99434336095653,129.07145618780228,0.0
1670,1574.7719859395372,748.5892417107933,452.7553875426274,1943.8958455232673,148.0573965509122,-9.453536779687141,-108.85296894317314,131.95342813931492,0.0
1671,1062.1777547500883,871.193489130739,-2202.033248975517,32.77522457206044,146.9202393426617,-19.536494854401294,-94.93470474948037,124.25586579372441,0.0
1672,-171.7273943379595,4691.676887274836,-1628.3698587511342,1807.3257999140246,143.42550040413303,-17.573023367489395,-111.20624967089347,139.82918483325253,0.0
1673,805.2017369966178,479.986360224123,-1055.0400158453872,495.13012595945946,155.30125371647307,-22.227199839277787,-93.05186881802136,118.15103447094586,0.0
1674,709.1065515767349,-702.3623637781918,-574.8866935733768,590.9487647706814,149.3981437941176,-13.456161341101431,-108.0779172812165,137.47490373248723,0.0
1675,-337.1077088234381,3135.7913654871368,-110.90410801858731,1450.5362811361076,145.13785821785714,-22.810637164091986,-110.43135470422516,135.66902165924384,0.0
1676,-286.76086693880256,1661.7979495593745,373.74561553170673,-334.206710784916,156.55311978739596,-16.139875214386773,-102.45133729434964,119.82691233448885,0.0
1677,-1032.665101808344,250.18494114322917,-974.0269455666831,-940.848980084577,161.01772822267992,-17.62467018274039,-103.25185790991166,130.07955189057182,0.0
1678,-1316.3498559945238,628.3791214166956,-1500.0694680816273,-1603.265194612774,146.9465739797625,-15.202973167986642,-106.62147947591241,128.68090985387911,0.0
1679,3257.6671492068645,1427.8168659724683,-253.88390400285755,1548.9676734668176,153.07056766589372,-20.12149345732059,-99.80748578923745,132.91899490626616,0.0
1680,262.47320594599785,307.4240266794777,-1299.6586285563753,326.5820172048016,143.98412914909122,-18.366898193341854,-120.42751576514999,145.54187080111708,0.0
1681,-1997.442439219403,2341.7572605906194,-1437.6607906558816,-3425.4744976911284,155.45047824383514,-9.670735946700486,-103.37937999107089,131.92902777850142,0.0
1682,322.34823626713694,1237.6347003595467,-1696.3477772083234,257.96868815735417,146.22619669230417,-17.786510435750927,-102.07270708370456,135.31898041125777,0.0
1683,-1015.10053828339,966.2041968243823,-1083.082366175257,-1306.0241193623058,150.35720990610912,-14.752170859154033,-115.37492080196145,146.09808508103495,0.0
1684,2385.28565390731,-1380.5661441886377,61.384636807597815,1624.379082739609,150.86396259020972,-17.324295631830218,-104.03917873370877,129.27197833975794,0.0
1685,-419.83995883686725,-56.189700040800126,-1416.944167949494,107.7279790546119,153.2489346084018,-18.18060566402276,-100.77380825016657,121.9221218319149,0.0
1686,-1435.1503823469923,591.4729153379909,-528.0462673326346,-1654.7358005476838,159.29759859051538,-20.869309339776926,-94.8651950710267,128.03048547530895,0.0
1687,796.144567782357,1584.2247670016095,1145.2954904508106,2563.0123876702787,150.96791015699878,-20.744898269273413,-99.0198767701107,129.7117181881156,0.0
1688,-233.8913801313328,20.206617360762092,743.3714783996572,657.9418419219656,151.59092421763614,-14.147058524397044,-109.03323539020249,129.92707040775403,0.0
1689,-199.34919327368257,349.4768211582896,-1333.8474883042231,5.576267148493486,154.95179500410904,-12.767095959219924,-98.05812534007741,132.61354439485038,0.0
1690,646.9194786171722,-1315.4042589601245,-1188.2590748763746,-213.05981219977883,154.86307386468678,-17.20036232695248,-103.90956724486826,129.12276453646092,0.0
1691,-540.7595042096465,1379.826815219464,247.90906890929196,-532.3018710893716,151.46054165160896,-23.731414776870952,-99.47570156414902,121.93484938926852,0.0
1692,-683.1674951585934,1128.4448313411212,-680.1047765390078,-913.4903538802597,148.5286430608088,-20.141061070547252,-109.05562292386072,134.4841562839346,0.0
1693,-239.86721066728458,-275.0344718102656,-1135.4204979868564,116.02854729213735,147.08445577249242,-16.631219035059576,-109.68255278784912,142.05843627999343,0.0
1694,-36.51287816049501,774.0562969076237,200.98356307539893,504.63578923904623,150.313664644516,-12.417400004455997,-103.39887441750574,139.9475867094534,0.0
1695,-717.5623794147333,-46.05746182128079,-935.7258191342331,-274.2608321007187,160.18324882864758,-14.663509407232343,-96.58072956981063,114.81591875128652,0.0
1696,-846.0337380042747,789.8562010671018,-2186.666137421713,-1139.2063205962734,151.68846950984985,-13.687879632657229,-108.61410515582772,133.33726127203929,0.0
1697,-1189.8634816081187,410.0153551546875,-963.946537297399,-1272.8389958550888,149.5142680819371,-12.815504020533245,-107.46085308149645,130.11336039975427,0.0
1698,2120.0602355785745,-696.2941579354149,287.9834547443041,1496.3728149537178,154.2858473810823,-10.073718152676781,-104.14824475829937,130.7325446896424,0.0
1699,2799.465518066456,788.579005339163,481.3531968020547,2200.0882826381785,147.0142702038844,-19.659980074645564,-113.12804857578976,132.44684841749034,0.0
1700,1332.7121356141854,2008.387990611776,-3307.7219833948297,-324.0751621679308,158.17940679981962,-17.46579684284305,-100.05376972853473,126.32336031654525,0.0
1701,-179.7281766702637,622.721259452262,-1029.2415545336428,311.0232924320173,154.74462929211046,-11.74018270450302,-98.1713090842913,128.23082981019343,0.0
1702,49.38840764202384,1382.8423619726616,591.1213722307682,390.9985635629044,149.8150035043438,-20.62884888899066,-103.53718236629132,125.61153096945587,0.0
1703,2893.9985548764043,1742.516397696171,1006.9413630019253,2784.4555598628485,139.389610465377,-18.355493048337365,-108.06836524918131,131.29599642976024,0.0
1704,358.8904852212265,1919.5413296117165,974.8459694800773,541.6796701074044,161.03536787925398,-18.509655505049682,-99.446243777487,122.76267369502455,0.0
1705,-1291.990904852485,812.9822100800764,-1870.473980070157,-1731.491848344177,149.99036843977265,-14.052658151664613,-105.2962702102689,138.77717498771793,0.0
1706,-1109.710858249751,106.24519468035433,-2101.8308696700656,-1265.5958040632222,149.17241615652622,-13.364448916250614,-114.49075358608572,139.410522404343,0.0
1707,1558.112642693216,-1311.2232773467945,729.3476832361669,1047.2773419979978,156.5946297008564,-12.275157054217583,-95.38077372586018,126.26318713306536,0.0
1708,1459.2390817245264,2284.4516216847146,-691.1073525505249,1598.5263415119173,150.57358066399485,-13.61166959665993,-108.58732184653383,128.8491941258756,0.0
1709,805.8710581394606,-1003.7149088989689,-215.45395306885374,620.161516834139,161.1805188449484,-13.768874680003485,-92.72538303238284,119.37589472316151,0.0
1710,212.14647638599087,-200.79317742717154,44.008924265838004,677.5590748369679,152.23293412423072,-18.70590773293904,-98.0539388710279,132.51882162647445,0.0
1711,-45.233764188698686,549.3556683409963,-265.9949211241851,592.3988747226421,150.46527780373373,-20.912216782783872,-102.95874497524798,130.73032994521722,0.0
1712,-1938.4005260275017,1023.1088199799536,-2796.5440419508186,-2917.03875521066,158.5223866396584,-13.893933116026988,-92.65708571935625,125.74837411522302,0.0
1713,1473.3222694082215,873.1850158073651,659.220554088245,2029.2391480150916,161.00647166674366,-11.263462383474426,-100.58572226836041,129.2731676223264,0.0
1714,2818.6750607615254,378.6408973187466,968.8092898190228,1346.8769188612798,155.3036673895272,-17.84716819340724,-99.67963006086694,131.6004138827741,0.0
1715,-1121.0881005198273,296.89878507697983,-566.5516916392846,-1104.1518210399945,152.50194126748195,-19.988431116124595,-105.23335805037215,128.37573717891263,0.0
1716,-637.4184212101314,-135.12465846852595,-815.4593222515241,-118.54829449850833,146.3177333202002,-14.59201142878812,-108.69436889128758,134.9668184567882,0.0
1717,-1158.9452509774237,2082.5460806301985,-1688.5373848873633,319.1404528558289,158.10903446169877,-19.07106418016319,-99.99182134334146,115.80655509325913,0.0
1718,-1029.153867936348,-392.2321136502538,-2311.2440103168315,-1734.0833683524684,150.0699084777971,-19.94624996276848,-106.07536605448203,134.4636998655776,0.0
1719,-2103.3338905868095,910.6355749364066,-742.835317320232,232.27663892792327,153.8723078486729,-18.36935257695974,-97.33071470632034,135.8807881989331,0.0
1720,1866.8975125451657,2187.1730980009384,581.8823443841982,2663.300579092718,147.69097725774822,-15.240875317759661,-105.7611596248866,129.29805815886948,0.0
1721,-1448.685845486726,390.5990525132074,-3182.472349019244,-1973.7191117587888,153.83267154718897,-14.592523959092048,-102.09401521200982,131.75430579841992,0.0
1722,-1395.1204281845078,-337.4508923305634,-35.19450396018583,-952.2780567008728,150.15080709595645,-14.15999268464824,-102.5091199156833,129.08712963446868,0.0
1723,1238.526772782009,1206.4723682045994,-203.00971774803273,1597.8459256509648,143.5696561746832,-21.982157490538764,-123.00506356799094,145.06689534550884,0.0
1724,475.85908656735063,2156.393458014348,-613.0407699091504,1383.6752440862776,153.86860850259944,-21.130021820989416,-93.96833194697743,120.45591992317672,0.0
1725,1627.1495855444582,285.51322964138234,-669.6088449185697,1107.8614029816008,154.44021617343117,-17.73760625453681,-105.77292734537538,127.01101773552979,0.0
1726,-672.3021207147525,130.22069044210187,-1818.7785479553722,-407.67269417056883,145.72400445908983,-16.428751477449367,-104.57613079481703,135.72253708874484,0.0
1727,1903.8130836465211,-1159.6352693277743,683.251137863066,1184.895867505028,150.3502923563077,-15.374794070039828,-101.41312337033835,122.80107384413074,0.0
1728,-503.6274270990649,150.07466940730694,-631.2251284410845,37.0138152356016,156.4761007595793,-17.42348287277077,-104.02053221024732,132.82300171555246,0.0
1729,2061.190219649822,-1049.0341756063917,768.6740626006961,1484.1278585002544,144.5205161587695,-18.640265562140836,-110.55649888392978,133.78804127694553,0.0
1730,-1599.9129425034198,1079.4242348592393,-2179.235486133689,-2433.666936102987,149.60587992468464,-13.540187719314787,-110.24113838697484,130.15764646930245,0.0
1731,409.32749193663295,2735.9803078717814,-371.39630157935784,2294.66054300104,154.92134335200578,-15.276014719170556,-102.49312906823212,127.47314316493932,0.0
1732,154.95476686372078,113.81754121411606,190.40696639117,1500.1641466566837,154.89674146235066,-11.004900005446903,-92.63823390367143,118.78838769433705,0.0
1733,402.70684095733355,88.97885162166217,-1490.1629745963933,259.1659005551223,146.82724038635897,-16.081815572767116,-109.81542549372996,137.3978779420796,0.0
1734,241.51142098392847,410.6014486113045,8.251039024490536,1114.2270155033004,147.03294282209959,-16.825525746374584,-106.94825690920574,138.42549991542074,0.0
1735,-952.3341275323029,1760.8383213806644,73.04610284310075,-1452.7510845448935,153.69711236152574,-18.747823703681973,-96.93394789446153,117.89392356559472,0.0
1736,-576.6081773930945,-24.52402836221107,-628.4005038827696,53.055949982016,156.50309343693556,-18.097295268903373,-110.70962332000627,134.73879479604796,0.0
1737,1143.8493121293836,1303.3407269749,282.4395631823101,1001.5011512483005,163.92424213691234,-9.112734979148975,-94.59698448221499,115.40593755564983,0.0
1738,396.06888456678195,-1359.0488425094047,-2366.063056172026,-787.1652791181465,148.959842697842,-19.648331655875847,-105.03768498268585,138.7148493722207,0.0
1739,-330.4398540099665,1248.333121897994,-11.053596429311007,-163.44582786887398,149.0687356449446,-19.232253051055867,-100.37681560571085,130.5067421954752,0.0
1740,-909.2456507399557,-92.02119629577916,-1723.8278158418798,-747.4499486991288,145.10204881609764,-20.14560476895447,-110.51631321919201,137.38875901361473,0.0
1741,1333.7550603837294,360.66135711271096,-1196.3919519077251,741.8246683070781,152.3663120138025,-12.243542639142568,-105.08318053301487,128.6421213525475,0.0
1742,-1341.4507012896495,277.3413369662754,-1067.8505942433967,-1383.4819160905545,156.78267536492422,-21.30304727649916,-98.110195520433,125.21995650924687,0.0
1743,-1519.0506313958817,183.83152371539651,-1913.5858055618908,-1707.513631531808,143.4543943149065,-14.48463850677742,-108.64256335358839,138.4682784168671,0.0
1744,434.1697989328342,2768.4152132410127,-855.4283057713932,1288.3065861353914,156.92646171781354,-14.940199062140438,-93.93448750586636,112.13290159236846,0.0
1745,-914.7057321610991,1199.3280822079148,134.52635259604966,-1044.5717859005324,156.62412979968616,-13.224522632894905,-94.25684904096616,125.59599109920367,0.0
1746,-656.4215522822069,203.40824547610367,-997.7129498148454,-317.55251293644466,159.76873632903784,-9.431676119083043,-91.6280659006301,126.26019125463732,0.0
1747,-486.84926555329474,970.5536211873087,348.21771971409726,-253.11807271752127,155.61358536466247,-11.354204281909027,-103.91102051212398,122.79557374341348,0.0
1748,1462.4036802335336,3590.202345030536,534.9062318511327,3141.479086601657,162.27437343213975,-14.520885731908574,-99.52912105291425,120.0811230792466,0.0
1749,2483.3690433555,1060.6478943160262,-2101.8790227791483,22.608761152593082,148.86360682704625,-21.50135744361281,-103.36059832433031,129.48905618899857,0.0
1750,43.157696356097745,1932.0569597073738,-626.2816448677589,941.1000917124741,142.66314457848725,-16.797527990361182,-113.98016932348902,142.42422916491623,0.0
1751,710.6292579419069,404.7651431610395,-330.96451184989644,772.7398874310691,157.46972265712978,-11.639974785036866,-99.33208252661196,133.46605467765133,0.0
1752,-671.5038949750066,-463.82476330521797,-229.27756417428273,125.39901790339164,152.0238826657613,-14.741491183665834,-103.75642410073546,127.96677171906417,0.0
1753,1554.1083105168464,-591.3158232495014,23.971574943429232,1386.8114256983301,146.95386542919027,-17.231716109996235,-103.38762544243825,128.93093678822132,0.0
1754,-883.3170099403952,1826.3389350940784,-464.6283805194017,-1544.7949218253145,148.45558283804897,-18.958642877420107,-107.04566796764011,135.08008937132797,0.0
1755,277.3785614243933,428.13195018189913,-1246.640132844754,386.6872048029875,148.40875053516612,-21.76993380117117,-110.77371419467849,134.75467581470716,0.0
1756,-1029.046825650636,-308.515025161156,-2892.6445365793666,-1453.7192238322543,148.87880417835805,-14.201877179708875,-107.20739444898807,130.43780118222733,0.0
1757,-538.7332575241969,1851.7597508541783,-1427.272083050213,-1083.412236936487,154.56466835239496,-11.20862099989325,-98.13951052712005,136.75473653522116,0.0
1758,223.4559091660701,-3133.837363168789,-3504.5531631789627,-2886.098279078188,153.77437038132524,-16.203970827206362,-106.59754450893317,128.84987493735102,0.0
1759,237.51387097276285,559.5154669188983,619.8018528441155,1134.9550153676944,156.6325365413027,-9.017586776647153,-102.41501802432356,124.151404484202,0.0
1760,-434.31755346153443,1432.4679380592543,840.6716376818688,-295.3401342447955,149.8621248640911,-13.921013960724425,-99.32722421835321,127.36245593136896,0.0
1761,136.42637533337336,872.7705787447921,-1078.4850589944072,371.5309713995176,145.4846189597608,-17.696232849809157,-113.64020709606837,140.88089093397662,0.0
1762,-1075.5683287030924,959.0126208104448,-570.722261918035,-1297.5889614697337,154.0311431074252,-19.383175055432545,-106.19947637339467,124.11442230136433,0.0
1763,-1074.910275261231,201.82191409752062,-679.2605266708503,-974.812367609949,147.55412259317146,-20.359043253391533,-110.39968749825637,134.1451885541735,0.0
1764,-993.1963535459367,932.5069286979035,-198.81317291892188,-1109.4242724853318,151.2989807569316,-14.33980820779395,-106.0056480850607,124.8937417237432,0.0
1765,-749.616094863592,726.322985472125,-22.706475972309637,-653.7745612375277,150.00061700608742,-12.038256770410646,-97.55594177550589,120.69312453050074,0.0
1766,-389.1771316490582,1357.994126261175,-1541.9535157120304,118.63608372704194,149.91145783167715,-15.264207479406965,-105.56587526639652,127.90093251562102,0.0
1767,1654.4784776472234,1382.9363092935428,-235.63925006158948,1094.113434425413,150.1080866040523,-18.49523410231055,-104.66797818284556,136.39933238193532,0.0
1768,-543.2682310090752,196.74188991149123,-263.01333710111953,-147.76829061321553,149.7643135164882,-15.788433316973082,-103.72166966960093,133.05541844144136,0.0
1769,1689.7250455647454,313.2566657392286,489.51051504830275,1709.1162856688848,148.73540033032432,-14.466449402905091,-101.1217642156196,127.20783395698793,0.0
1770,118.19395857535811,1452.2460384663716,-1110.941404490018,919.148048317916,151.34929005702534,-8.907423441841722,-102.32649873205989,133.30958181604007,0.0
1771,91.33334369488917,1111.8564966720817,243.2921725880125,509.56242147181604,142.92750171667498,-17.14196061606779,-106.67633126292725,135.56337491371988,0.0
1772,2411.66647715893,1970.251522213613,-1331.5411979629866,1360.9738674978266,161.3867614923253,-17.67801591471024,-102.7528829599986,137.20305666931426,0.0
1773,-700.7651961978981,-496.6610478458713,-1378.3868636438854,-602.94963579714,146.216072924368,-19.545750870708524,-115.04155659945098,134.63295021392517,0.0
1774,-1137.6522741612957,-48.02848082834673,-1534.5526917431123,-1141.2057759973438,158.2909654691434,-11.508967905419155,-101.24308099933637,115.60172255201432,0.0
1775,1945.0613295955432,-2944.0029851532254,687.6556380454037,1429.1839771637135,154.18210105830775,-11.663650153915441,-106.87017060125987,131.99332302856055,0.0
1776,3655.2671440668396,3527.735904193147,-474.06757504481476,2863.4442170657076,157.93049355111341,-11.600785558196664,-101.22072851870341,132.72514570435783,0.0
1777,-477.89259268557447,168.4727866235283,-1072.3227924323076,-185.5849573685354,157.34991717396406,-14.723704139613062,-103.08466928183934,131.8642421568627,0.0
1778,344.4858862859703,668.8958392081128,-398.4044395941157,982.1553534000135,148.08537506195407,-21.147393825437206,-111.2229836570078,142.4738040622684,0.0
1779,-1181.7508144227013,969.1383279487784,-2125.9076519420837,-1650.7242445886002,160.67127932321847,-17.639603623870997,-98.43981605762599,128.04883546900442,0.0
1780,572.7541842729518,1423.6748485580388,707.3603816218354,1669.2757451196173,144.6716726274056,-18.60365800465498,-106.1289479016367,125.3677702196723,0.0
1781,2212.46734688596,3376.990368044432,299.32099399265695,2981.1032287147927,154.35819134812712,-14.62680590507967,-93.74573336898425,125.08064092018012,0.0
1782,-460.44826525326664,1086.868140586861,9.663071001284806,-362.7451358303714,148.22690225496558,-16.82937058151889,-110.88679283503315,139.8909113695345,0.0
1783,349.6130571823074,-941.3121049458185,-1993.9391325277084,-469.7695244080279,148.433181286727,-12.247039349788407,-104.04506539712933,134.09855282074935,0.0
1784,362.38785141040506,1850.3917270117356,1625.452372617932,833.1068577297593,153.0712444639512,-23.369127821208927,-103.61975358476184,135.31592174228788,0.0
1785,-989.7265104116652,1225.1497256341445,-586.0625373985522,-1236.0204636948988,153.64236294442264,-16.30518311781692,-101.87683960851317,130.86462653703953,0.0
1786,1676.470465353694,-1048.7752871263465,61.15418652769844,967.0797428593404,156.5155100465529,-20.01751042315883,-99.44355903185938,120.26029977211958,0.0
1787,-372.7849318132598,2621.563420632589,-1762.3104439432068,447.7297136886715,156.30968890951814,-12.565426411830124,-99.6276987833049,128.14892939245857,0.0
1788,-1063.422393698711,1999.4195830406804,-952.3830470781043,-1987.4250578222359,158.29388941000977,-18.237223014272367,-94.42957311140432,131.90349013826764,0.0
1789,235.73759567767328,1188.7487414881566,-2010.5643412658605,389.4586827039128,148.27097624408077,-22.868678696443446,-102.78051222038128,122.58945254676892,0.0
1790,2092.778288964033,-1479.401018351259,-69.82908808108546,283.71721643267836,157.72764024200197,-16.012010918250102,-94.74815988814849,129.4183679168141,0.0
1791,814.1183927088692,-1093.8353781788974,272.924748099521,409.17452609726917,151.96235071047568,-13.816394565752189,-110.17721282831141,134.1955927787143,0.0
1792,-1590.9210060867656,1394.2089651367749,-2311.471771495148,-2517.912787638222,139.77115145750162,-18.14020104884458,-119.0481538028484,154.10074982305395,0.0
1793,-473.35102418394354,-388.59674816380664,-177.10507137993744,393.687656684338,149.7944656084784,-22.2640274169805,-98.27812591146652,136.20589381582514,0.0
1794,-1466.573793553001,481.16104847998196,-1624.531340668232,-1773.0782353921736,148.58892167628468,-15.574708227031016,-109.59874311445158,142.59035710016948,0.0
1795,-1698.0886065629652,365.4115987009355,-2564.883436264248,-2254.9213843746065,150.23419625810976,-9.251192496552008,-103.84939302718361,136.0646230881871,0.0
1796,2839.0064978484497,915.4844584949499,59.16594508917533,2002.9132832391206,151.51741421904902,-18.454552951267967,-108.61539011382538,131.19880857144815,0.0
1797,-424.7537839840577,2661.5799173540595,-100.4617261749906,-1158.3688517147268,142.883483485015,-24.379170346752637,-109.70109495428024,140.791555980724,0.0
1798,-1963.6784016845536,1410.909333845841,-2634.9926283908335,-3242.3499783389484,149.89175789068858,-8.245173936627502,-119.29366637055155,147.90056582539157,0.0
1799,484.64289515877374,-22.86227466447276,-714.5234463471129,1603.2599647751,159.32751357470022,-16.972989897192733,-94.55027494953343,123.70749916315675,0.0
1800,-2211.043636338004,-103.29424789066724,-2542.114912882242,-2711.914126376567,140.0752100439354,-25.27928147087787,-113.60570400272078,141.45641046548894,0.0
1801,-887.4558239272436,1125.96617246548,-642.9518497369709,-1102.7019201214096,160.2515833039942,-12.324854017709116,-101.89102322310627,121.5774023162479,0.0
1802,736.2306255127488,1416.5976157521548,-3442.6245131376363,-635.0414432185026,141.4396973457834,-19.41954019083183,-106.57770443468337,135.4183313146477,0.0
1803,1907.801540125557,2790.5227208989436,-756.7096785725311,1669.5658924211634,152.4886040937616,-17.107698655184954,-98.72370355796876,126.71703989709698,0.0
1804,1224.3477298802457,-876.1908945991877,156.04623674032575,1221.2394890838016,147.90607778793822,-14.922282069193683,-108.9308591736723,130.8271002743724,0.0
1805,3252.8759284346497,2458.262714256858,1669.1396731341033,4142.825514804299,141.2840044003731,-11.66029503436968,-112.12436732814027,137.96227066570225,0.0
1806,-935.6676297128423,1849.2590785818552,582.4375415023985,-1349.8660589519282,152.3741221526222,-18.160042218439823,-108.79813490806453,134.61743743985642,0.0
1807,-1242.2595759442324,468.10495673606187,-938.3730325148073,-1317.6374259446113,146.32130816302865,-15.214254404413172,-107.40970048173408,139.78160401859367,0.0
1808,306.70865708031425,1507.7838238258553,-792.0750902950431,686.4873476137934,147.203000064375,-16.112938619498077,-100.04113729507439,132.8416104845758,0.0
1809,-350.9200745055996,877.6142033129782,567.3699317770789,-25.59862279691547,158.49698764435766,-12.787580246391997,-96.48452299216464,123.99258037989571,0.0
1810,-26.338946684221,2316.275326955919,-2015.8636423886423,410.38432750173365,154.73858883386936,-15.96431069814861,-101.97290267259892,121.93539167205888,0.0
1811,-1411.732071940778,845.1147300534495,-1068.4738471514045,-1789.1496055359044,156.48700007490692,-16.291311123771372,-101.73856658682048,131.53181094267433,0.0
1812,-593.0506083704051,222.34091583209943,-999.4719685378743,-158.7302820324565,141.38008029371872,-14.624196710061103,-116.3227521503975,141.06603100546374,0.0
1813,-328.02001454406485,1556.491626608311,-744.1543249016795,-595.3884037464826,145.0906024248825,-21.62922020845768,-104.5134989350278,128.3159787141047,0.0
1814,2414.7780683782717,1912.969641947936,1927.5099523086908,3499.353780476504,156.68106291721506,-18.258925511238175,-104.34875392604621,133.14585372674313,0.0
1815,983.3487094531872,-887.439342006298,1741.178159970846,1912.4391875517126,150.21068179427016,-19.621967412362128,-111.80221479981671,144.65800178405803,0.0
1816,796.6124888884611,1237.0554252877778,695.9477975087156,1439.6496157788513,160.03441238507017,-15.588851014356337,-100.91416192197522,128.60645574173668,0.0
1817,-1141.4659335774754,860.6927071931286,-535.3038730923228,-1371.0294719794326,145.58566131630883,-18.366646179007933,-110.53281817031522,136.4263340011361,0.0
1818,1804.9818400674487,2251.8312270147494,-419.91282362686826,1695.7385619009713,160.33497826153797,-16.889184851948063,-103.07888160576205,125.03221211802773,0.0
1819,-2410.3080229065695,1147.6930793498482,-2465.2526407558225,-3648.0816980219597,149.3026489935633,-21.0624216091815,-105.5808471967841,135.94049907132222,0.0
1820,1805.7215714672195,1869.2382531145377,-1793.107943951919,818.2874222863378,150.90758043228337,-16.936498595321538,-106.18687103632378,127.05848948861863,0.0
1821,697.1356721985471,-161.54619775783277,607.7635260735215,1407.7328060237705,153.40670858163884,-11.689006994626698,-98.84729613399932,127.20633866140767,0.0
1822,-812.989223423841,3274.127967067864,-2219.765510461641,-275.381509348961,155.48384090025107,-18.375426615194243,-96.22175225524325,128.00469987611092,0.0
1823,2758.2772404442394,-146.17709634818374,-221.52766946886217,1208.96365096301,153.1691720388652,-12.38749946322202,-109.86289328560906,130.74587155631315,0.0
1824,999.920202896976,1639.5106453870883,-1030.3517278228542,1045.2286850934317,150.46613077111755,-16.68387964076271,-101.78811860953594,130.42940204691595,0.0
1825,-608.5103473376633,780.9118113724709,-2723.587032490004,-1777.939014608659,145.29910959347868,-19.088373650755813,-106.20101879541575,130.95986982674447,0.0
1826,-303.26834451950697,712.843901735634,-878.3335911242225,-32.34448085209011,149.2483123981097,-16.147805120820443,-106.94624504785105,130.55866931757419,0.0
1827,999.3784200253687,33.65604231568832,423.2928516597965,1778.6343965754743,157.7701833980543,-15.388277800486954,-107.92450527827722,129.31002875829213,0.0
1828,-1183.7053976153406,1460.6788996808614,-1059.4155324133717,-1756.7629347694988,153.02671421931964,-13.249933947881935,-106.94308618889373,137.6438017504762,0.0
1829,484.29116310471824,1434.105659686472,1196.7500922633615,1068.2302296848518,149.28246337035395,-20.584076002661355,-105.17910478425758,138.3591561685389,0.0
1830,1631.4518908177529,-323.7689064247613,-1615.3143245144468,115.4136260130342,160.4667693622275,-10.920089394791628,-95.79789035355827,115.59889905178929,0.0
1831,-661.1109282833361,1096.1172181762793,-1018.650248974525,-810.2462182429775,139.63184046041155,-17.531837885561337,-113.23031271828026,138.5418112188197,0.0
1832,-488.27280455962983,-180.868172979367,-245.13124142323448,204.07496485316668,143.943314858658,-6.686229970020845,-110.50286392826844,140.16675045775764,0.0
1833,-1465.5591953132289,640.2431948947595,-1276.9384475290856,-2003.692041221564,159.2200944926297,-11.870424678290359,-105.53336116746483,132.71053024769364,0.0
1834,-139.1708338383801,336.7118864700966,-72.85278245961455,1047.6963650788528,146.16483989854984,-14.632016282607111,-106.54119337193917,129.09589178312567,0.0
1835,-376.290311061316,1462.3492165093346,-132.08657310100546,-458.1956476924702,152.89283739942778,-17.3926178661849,-99.40862430051129,122.74353778381614,0.0
1836,1932.4755054334573,-744.2199155917488,-2343.882745092934,-990.544485277792,146.92252991830588,-20.280571850589855,-111.09402764294717,138.93271974202915,0.0
1837,166.99025789707875,-318.763061422905,512.310387499158,484.8089370210112,154.13494322715437,-20.80237043915949,-102.26562014062145,121.11468595127076,0.0
1838,2080.609832434247,3244.6717203317376,-800.7854803117355,1837.4769091660933,150.71365988395013,-20.61540551050011,-100.05533256823612,131.11173297036237,0.0
1839,2242.325084929561,3110.3434305766555,-436.0532974454217,2341.555844654182,152.83505080175152,-19.407823839597278,-95.97238796819028,122.77449742084579,0.0
1840,561.9655622760092,225.22390728700648,-781.22650241591,423.0051156617217,151.66269995334298,-10.89482069882067,-106.6473422633535,132.6599917729242,0.0
1841,-706.523801290733,1614.5138478846716,-863.2904944858002,-1112.7257108517422,151.52589912139817,-18.487818293246693,-102.19512170494447,127.85382745590029,0.0
1842,-803.1531657313373,606.3921434093118,-1626.0135761640631,-917.2708137877864,148.3567857699932,-11.365465797134778,-104.08882405386382,130.8621113020519,0.0
1843,-708.1765518856204,-230.69069812779878,-1627.8913597242672,-294.16950934353434,158.4749531920317,-14.39439667227018,-106.14568874375439,125.94828451976412,0.0
1844,-1151.9305682730596,1257.0761957917653,-801.904019950052,639.8578997085845,152.13381104249186,-24.63966118506909,-103.54605489248388,130.27397952381276,0.0
1845,-479.8094064351927,758.9193505475685,106.57226908596824,-255.44126133160145,160.72516875415005,-10.881198555857097,-93.00177232346554,127.8950399498896,0.0
1846,157.09723653883282,266.64623297414295,-189.06153897815327,1001.7022937678169,152.67447672163934,-11.020709139131263,-101.06827370405696,124.55217540288537,0.0
1847,1397.5958146497198,763.4416371530025,-692.0383590320791,844.8134837279263,155.1606474782369,-16.980930004218337,-101.84326477405504,130.43238786726153,0.0
1848,1919.6701599314883,1872.1672064394156,-887.1010575098854,1817.624739562997,152.055980219259,-18.796969683611554,-108.02498374440282,132.88446764506287,0.0
1849,-789.1480125522673,1219.1878019069368,-756.1888670516493,-985.3184448316521,156.61586755774513,-11.74034701178943,-93.1114627489409,120.2085669143795,0.0
1850,-918.9240116303209,1164.9368243340198,-2138.7653662268385,-1472.1060360797535,156.02361736464127,-15.122085518150422,-96.21886189129826,130.24972081054503,0.0
1851,-1294.6819644625189,1263.2290496250564,9.217359356073828,-1622.4730565336815,160.5009619673812,-18.3177726820387,-91.85850452441564,120.8036753448967,0.0
1852,-301.67818758141703,4187.014799816021,-469.95130531306523,1979.822776251606,152.49427381628604,-19.02901761674632,-100.92048006465555,133.00053237541997,0.0
1853,2165.1527874376657,-1049.7280426038874,-1164.9463442909923,-16.293929812493623,150.32520564583714,-17.216981628853073,-120.07868689363657,148.33123845519503,0.0
1854,-1546.4053866132363,361.7067940429736,-1207.6361908327285,-1712.1577710343465,152.27934289452344,-11.632643069378407,-98.52672701530224,125.66046686778463,0.0
1855,-1282.4656758054057,-160.62761608290973,-2409.2522646406856,-1382.377322073987,146.33707396706177,-18.44107476779292,-107.13186053115851,129.72135323075577,0.0
1856,-351.50314224628323,1128.2290522964936,-84.50885434125432,-247.0941829947738,151.28885636938506,-12.013978839662334,-97.30459624285089,133.03908389783902,0.0
1857,-45.1477754978956,1200.143257690774,-468.3159363860378,104.86170316915052,154.20980829297127,-24.957815602764345,-106.02247354749368,133.80996672180527,0.0
1858,-763.7530148729511,913.4444047708452,118.99362574610531,-753.6512854535491,153.33935700645068,-16.282480595125556,-112.86574190122985,128.36207347712966,0.0
1859,-1134.3551409012089,1330.0198461507898,-440.5127193909416,-1717.957739028638,153.78149445607283,-19.977617684600336,-101.16775907152955,123.51738934437884,0.0
1860,-1238.5292724871888,1280.7570564293874,-614.6547154231268,-1715.2538165122762,161.75274522515986,-12.74732826720286,-96.18729904998304,123.28392373151179,0.0
1861,-917.0340015541965,427.61185582433285,-2981.438699876744,-1606.4012607078312,146.9610422834164,-18.01956044571075,-116.4805524960487,133.5268406808815,0.0
1862,137.07733538177658,2157.467377149774,-195.31004687060772,-18.877184440780614,147.4636246987882,-19.464376609626026,-107.08886297480949,136.01181609738416,0.0
1863,-666.1217565243247,960.3673785257721,-517.2333409489366,-609.3674927930273,145.0079476670127,-19.84014818420807,-113.14817780705522,128.57416411159699,0.0
1864,-1638.749104904595,-263.1067192292631,-1874.6533491756481,-1649.6749068259971,145.84583976832724,-20.302833556799257,-112.69366832120384,131.32718949194805,0.0
1865,280.76961498327694,-1155.2921257907471,-968.6570200484144,-631.2434222912213,152.3656462149771,-19.76614238524204,-99.40254234026555,128.97471598769653,0.0
1866,247.60227685106665,-2701.0470357806294,-69.25922971818227,-161.4757718875121,155.37535572917184,-15.366845379332844,-103.08855304237497,131.56027920339884,0.0
1867,-1135.652576810028,1744.56615325174,-1334.5398703412297,-1939.3043336098144,155.46234578979102,-14.990829109438433,-95.4309617887205,123.03820254369703,0.0
1868,29.457727536014765,-2030.853647329713,-1167.2189414216352,-610.1291258823841,148.3754980967393,-16.166010169899447,-101.20760902564508,125.80536565031305,0.0
1869,3400.1380788763367,-822.3523869644713,715.1818884258965,1739.2957499137563,150.4333419023852,-17.34674430268613,-101.94464311541545,139.38435677582873,0.0
1870,-191.7731886123346,1277.8984612035913,823.1454677163758,104.57964413030386,158.54407747005953,-13.9231303331938,-98.76750390873376,131.03582926519314,0.0
1871,-759.7721359760994,1729.7887337190332,-1296.9871973399468,-1300.8187405088322,147.44079207572764,-15.447016960879038,-98.03963940664282,123.39342922671378,0.0
1872,-1640.3441087947185,1598.8736963189667,-2253.6137927585046,-2668.461757392569,139.28376362301728,-18.945518397696446,-106.77970022217045,145.0944156140145,0.0
1873,-1422.114435336998,-732.3495951273086,-1739.3158960817436,-887.675526919284,152.3507170549357,-20.61110808182446,-105.87226020288571,137.48538288637002,0.0
1874,-401.42367469324387,701.3869221532859,-4551.015428326306,-1689.8486112870883,151.361136610162,-18.08544956909348,-104.5305055839674,129.13560903743462,0.0
1875,1347.2484943333202,1972.5716275945938,-1506.4185913475274,800.717697857971,145.31813328845055,-16.32240107560213,-110.6170711617306,133.96709304864504,0.0
1876,11.127488698436071,607.9184009125825,-247.39220528376939,459.4212321352309,140.33183828857494,-21.213257574540567,-106.43424503617368,136.13860042700978,0.0
1877,-1364.3470587900358,379.26704228717097,-503.93061223490633,-1413.2857872241464,159.89081543449103,-12.044836704023327,-98.71382392916219,125.43068698117105,0.0
1878,-919.8230690733194,548.2202093784017,-3475.6708525888253,-1341.506069172303,159.17560505578666,-7.626324848360438,-95.24586365945021,129.3568525285177,0.0
1879,-1155.9790820705693,-2199.0138334807893,-3131.6937605642142,-2519.118048651446,149.32511577231793,-17.286770679047503,-99.6250138124597,120.21149695076588,0.0
1880,-333.659587976817,267.14251372675443,-1459.669022890284,-0.31778736644532124,158.89222704962376,-15.08694774788862,-93.53291196940941,120.23569059757023,0.0
1881,-628.6574065058376,-408.6599151463705,-210.88211105009785,241.5595457292181,152.85339729378023,-13.750498048127858,-102.19536675183107,135.76567549160475,0.0
1882,837.4918900149827,714.7202830632704,32.83673102059284,1127.9814310560164,142.2658213895109,-18.029407066961287,-107.67646133724148,137.5353819495847,0.0
1883,344.17753887666385,682.4859920557146,-1155.0137106615903,891.3472798475572,148.5072600195977,-13.700664804657922,-111.07688159587923,134.488399464964,0.0
1884,905.2379031005779,3177.1916200024316,992.0169356436842,2717.0679539598896,149.5320087965056,-16.182311368852783,-103.31341886905757,131.6474299928717,0.0
1885,693.7602885060539,1450.3190827336393,-2290.2284081802795,-27.057845179774564,147.82275695674448,-17.014051091905372,-110.31563155698602,137.49381368313408,0.0
1886,-191.29039350974867,833.2183673737737,-1460.2257980534175,724.3559628635855,155.7470158266658,-12.943854849150805,-111.59916902859749,133.51806986246584,0.0
1887,1467.5065131282056,1746.6885814633936,-728.7302805034494,1503.7902538801743,154.17429889902726,-11.822087969883315,-100.11689490583723,135.61832636735204,0.0
1888,1308.3821238559672,84.99711730939158,396.4053650904246,1207.6842942073345,146.743909659895,-15.879991648984555,-107.89082445006555,142.3055960368946,0.0
1889,1244.724410708025,1401.8848949809892,-205.17914419738878,1339.5657906146907,146.75878035711935,-18.28796058651035,-111.21464928481771,140.39055361350518,0.0
1890,-489.88852654326763,1534.861200642039,-308.5405990938035,-801.545901890861,149.84722275411178,-15.099269229949362,-110.21066175374436,135.88600223989897,0.0
1891,1252.6314389156348,-1402.117858935694,-758.4708168150827,569.4628919827843,143.29914747483036,-14.188079850369292,-111.28670849465185,124.21760214771766,0.0
1892,1734.0415741232378,448.9133625664578,1439.4936208034321,2115.632378528843,152.69926397624076,-19.220401514492234,-103.85189198601633,127.81835727489623,0.0
1893,2027.8182863260165,1360.4253085447606,1502.0064047878348,2437.223997915393,152.43102395837718,-15.204282790835448,-94.49147652709732,120.2804123082467,0.0
1894,-1459.9996703723057,1103.7035180382463,-187.18051177831657,-1833.8869372137403,153.7486989638475,-17.354003531402526,-101.63944534480379,133.29199098049827,0.0
1895,-1132.8794500960523,1378.1290305575658,-165.29577521501022,-1484.209125710192,159.62504042586806,-12.90509018533375,-96.17766683036847,125.05698415670368,0.0
1896,-344.8994020351849,-500.09637935958807,-797.5925414901359,442.5990184805359,159.29934016801226,-17.734801026858186,-95.81172920335328,119.10386573003696,0.0
1897,1739.1938788362754,1561.6500612854109,-866.421442693662,1349.8890407717336,143.21464940907921,-12.646566773370076,-109.81331929524393,145.1075778167923,0.0
1898,-911.0807396319999,-29.570528067575243,-420.42243055634833,-43.60223541213885,160.78331292749974,-18.677777478382843,-93.4561399820054,123.73905172171388,0.0
1899,-111.34785309902726,-1160.3486561411091,-2403.3778155929676,-1646.3393237311773,153.83865743379621,-9.173861090505167,-92.48261333162804,123.68472872470954,0.0
1900,-238.61340565363213,1388.9057646264657,59.58932981923781,-202.36317263657162,151.03573383191025,-12.520296148692315,-106.19874654783882,135.70632322757956,0.0
1901,-254.10244498747556,-273.5989632535784,-877.8407409342758,533.479490291229,155.5308522596081,-13.795172305385396,-104.28536617786546,127.34720980728792,0.0
1902,-76.92256014586303,881.5218047165746,-622.2645073343662,308.4571171346163,158.25366721730404,-20.948711188661346,-92.84988146115226,120.6041012400204,0.0
1903,-599.0078291018993,942.5364458942654,128.42064249979015,-559.5295919587469,142.39719546249253,-18.37073088613363,-116.95072235580328,138.4053071544617,0.0
1904,-842.6062857995455,1334.9244003220406,-1593.2110166411844,-1309.3870022548213,141.40319703782797,-22.229040790536878,-109.66791611650083,135.75664574421486,0.0
1905,89.75715031049603,649.8108557097494,725.225321256067,673.7605753345915,152.23748386064779,-21.793485029715516,-97.96816516510306,128.4972333920538,0.0
1906,1012.8391658923689,-341.1687166454307,-1189.0809640971715,593.8756416417225,153.53043509192958,-17.881132908693665,-97.7112352677266,122.68777439952882,0.0
1907,-433.19052215704266,638.0700029441174,236.4610736140527,-123.61689090779461,168.6254961172937,-12.628538377967047,-98.15083947746314,123.23060067593488,0.0
1908,392.9673774137756,-977.5718213020477,46.14881326143716,2085.50644204353,149.89057176890086,-18.89986495627485,-103.86841006076826,137.74711260830517,0.0
1909,-1521.460321055634,1433.0075284123682,-3117.7404302314408,-2557.354526651723,147.91350165583356,-20.922727612285023,-105.63155217704576,134.4960869913169,0.0
1910,-912.1839197259401,370.9673072177602,-612.0480931069012,-744.8116032385094,156.4379154357029,-12.362991490858887,-95.86623554703006,120.1828243007446,0.0
1911,-1131.0854751043116,-433.48212745984927,-1455.7522990603118,-788.807512083729,151.88677113769032,-25.64100715500601,-107.04386201492942,142.68314829652635,0.0
1912,1519.8830312600765,582.6142248802566,797.4025488750708,2142.691884763412,140.96369865842684,-18.723974249241024,-115.51382992022586,145.6384699063457,0.0
1913,3552.3981883047295,2026.0886019257491,1848.2394334144155,3598.9826803440874,154.84272681062518,-20.073994823501305,-100.54527419405238,127.28674202822123,0.0
1914,-1460.250171343742,428.7013712997925,-2084.612901039185,-1872.6445568384581,156.14588752333523,-16.795739269373495,-93.49208376095595,129.1552860766903,0.0
1915,685.289841699197,798.5923804522894,-929.2469235987372,446.9845786887568,155.71012979706964,-16.08663592188851,-102.35425069635279,124.16794508343882,0.0
1916,-549.9461387141248,-1203.8940970598378,-1140.0548592469256,-284.77134686982606,159.55211426676323,-12.09341622506902,-105.3282449671729,135.14004207391253,0.0
1917,1718.1883867827378,779.0398772147194,-163.2955092612411,1124.7509953599613,145.03787065704012,-20.1411799796613,-113.47077933621853,137.35368218519173,0.0
1918,-294.76808730221927,888.6536623644848,-567.213911566045,-88.64131372646867,153.56491996929364,-9.518808544245438,-102.66174865327186,141.09375021231654,0.0
1919,-728.6185821373704,774.6409005923229,-2432.7018302081924,-992.2100595277061,151.59018997215367,-14.02075779110166,-105.18761517011407,128.3419818979146,0.0
1920,621.3080736793169,335.17048545024255,-576.1087346619894,394.3435456402028,152.98119442090163,-20.064021021789053,-100.75874993684842,127.48408447004684,0.0
1921,1643.9100773627504,2564.6312822457608,-76.75563254055957,1857.7158087007645,143.60924302221258,-18.19385191800214,-118.2352866324785,141.1812359001183,0.0
1922,-448.86503195642604,1507.6477217014399,-1180.031064784438,-699.7561904914138,164.34133485676443,-9.207817487341917,-92.86247169465649,122.25049225456127,0.0
1923,1793.9123144011412,2821.931899640693,-1988.4675925956178,364.9859978444004,158.4254551597196,-19.253213505831564,-96.50230747175407,125.54331337523818,0.0
1924,-325.72177398040446,-562.1649767489029,-1992.6924378938227,-672.0990513884574,152.61441916203762,-18.749948605041833,-111.02976184203312,127.65945397276393,0.0
1925,-449.32274501710424,-194.02225198987597,-551.4678185962313,281.81796150078463,151.3453032443778,-13.133386924676964,-96.57636487530503,125.16915510985655,0.0
1926,-879.375308155857,859.840166025173,-1963.776053520822,-1228.9199727881403,153.53191692048426,-18.852501436019775,-103.1968211891859,125.27997935330222,0.0
1927,2288.9334473369236,1844.2755446997353,-744.1073664388691,1306.4195031177853,152.05481286281594,-13.895822935483238,-99.36270375127557,128.77773417229056,0.0
1928,-1180.7161854885235,-1285.6144357086007,-1772.1620541925627,-1127.0797737281603,156.89061385217073,-17.17143671781683,-97.76793041638794,126.38796958435633,0.0
1929,-234.55591062402934,-1149.4335269196208,-2086.5604061973154,-921.5278427174381,152.06568212936205,-14.743265074309315,-107.2442986400731,131.70010512655108,0.0
1930,-2047.1043647560084,323.4916360817598,-2032.5548279710017,-2592.353838328632,139.3519973667097,-22.662057976077374,-114.04361598273344,134.23383382341223,0.0
1931,-851.1934489126841,1003.8876387888979,-592.2189567031816,-940.4953135646496,156.13235889880568,-22.026147868138302,-103.89235432328485,136.12599657540676,0.0
1932,-2191.3696270075916,-1367.3090089210446,-3567.5257410418376,-2385.750326772411,141.5669644718401,-15.706089059273616,-107.45922764188948,142.19206381685052,0.0
1933,207.66348038459333,542.8992274533257,765.2988662176218,1048.083026136972,153.79948666770034,-15.087003857279267,-108.00099657260797,129.51719406138133,0.0
1934,141.690938906533,1169.2961612717972,-1359.4254381170872,280.4505408309093,156.95839293422557,-17.751789959678646,-93.20865553749832,130.39194614795835,0.0
1935,93.83401917941357,-875.01829952486,-1914.200319013446,-36.870044036110095,150.0680856917252,-18.732623546245296,-106.62080887677953,134.43163048250406,0.0
1936,729.1714026194511,3770.6399729278814,1047.0953403789763,3621.3413093417557,156.27063132615748,-20.914310216727607,-92.86530557344025,126.42026201576215,0.0
1937,482.11058354411455,-771.7079810318756,-236.19763746432685,439.3416571688599,142.01767731448194,-19.912409888846728,-107.08297730696368,133.6305611555656,0.0
1938,237.76244727830448,1991.3344140844424,-332.1333396255818,1246.4186738562385,150.94780514780797,-25.575296148527656,-110.59227179856842,132.51914909205402,0.0
1939,-195.49099345859042,118.82071739411805,-3010.799010189313,-1150.429186526583,148.8880530341686,-13.146030263111644,-111.06887328127341,142.45114710803892,0.0
1940,-1227.108389280616,-211.91742788376834,-2555.8783812121715,-1113.8411003728188,153.94003346131586,-14.8388204886601,-101.43630210762309,125.34145710550803,0.0
1941,-452.2677030342229,1638.8101439180923,-133.3385754823505,-661.6405963909849,162.02300041467444,-11.946353968392337,-94.21544813909432,115.06969131008438,0.0
1942,60.47118713773598,-4172.923294962951,545.6531974150364,-168.04080447325626,155.44993231270544,-18.456985298588606,-97.70659529994902,135.84257675213112,0.0
1943,-487.94672575527915,761.0775948343805,-600.692511102704,956.0881020798471,145.3127212563693,-18.44423265664487,-105.13694071961662,134.4983145745336,0.0
1944,-624.4966719278357,2247.0629775149428,-1816.2907562291118,-1557.6489446612068,148.70078757321681,-18.927583661514003,-115.58793734403,134.6139058214025,0.0
1945,17.458461714949834,1481.6120485867943,-336.78142248420005,835.8077751826231,147.83565410383034,-16.210319638374976,-109.9886300764541,134.4563469192512,0.0
1946,-303.67308084172663,-252.9527088320906,-1902.3746011140277,-470.7548879602917,150.6440877791437,-16.312736053458746,-112.35209389625953,129.781856415153,0.0
1947,-1147.726109578041,2587.2912483340965,-3000.3493813079904,-831.2245893455009,148.941296153351,-17.225697634649155,-112.46599731217339,129.95486497362197,0.0
1948,-1742.250527927849,224.3771371325877,-1149.2295319208642,-2013.5306263305565,154.65697985786338,-16.270915414141545,-95.79141950072207,131.92021428964028,0.0
1949,-339.29484996998525,-1558.1487498712165,-256.64623722912086,-152.0603008937216,161.17048399367619,-14.209728639955083,-90.63717462632877,120.44078340345649,0.0
1950,-1423.2604998034965,32.2418622093578,-3094.7261218294407,-1724.2984071252436,152.44560990418086,-10.993427224408517,-98.92821215210657,124.58257607196573,0.0
1951,-1862.6018531745606,-295.93869175631204,-1850.321048695127,-2126.396811092496,156.67323106197998,-21.279368566375695,-98.10913707733347,120.26995949745398,0.0
1952,1534.5745196254331,977.8324026123713,-390.1203358172835,1513.9464573196499,159.06212620627684,-11.11656314623486,-99.42134059281656,127.3411413263928,0.0
1953,-733.3887137313995,417.5807930794483,-93.85477251309284,-366.18383666125044,150.52643156129017,-18.112952602341473,-100.10835065809042,122.10909593485728,0.0
1954,1748.4247430252065,1873.0237144052744,-390.6556038553821,1884.779976384776,155.05681900196652,-16.404713360259706,-100.52633906370401,127.89521575462167,0.0
1955,1104.61080183282,885.8628868498092,1967.2418103669033,2447.306548888897,164.54684517366834,-10.951397793789118,-98.8056955052839,130.5699241759488,0.0
1956,-271.4568629472146,4914.641547134897,-251.6515527001399,2021.486472471572,154.1034765003902,-16.334927260225815,-101.76838205409194,122.82401028435807,0.0
1957,962.2348670898849,-2527.946009588871,1108.4243171292626,577.0429152591657,154.6057008900828,-11.958077375816075,-100.81080377994948,127.087641844286,0.0
1958,-1403.9441603159278,1284.5150514781672,-614.0739912712472,-2013.7686915981703,150.52771000372408,-22.43150123563572,-117.3374847199328,138.35601852530735,0.0
1959,-394.5754600734554,206.7569764849425,650.4144159524745,1044.0470762756372,152.02437153380478,-11.102354667320267,-103.2610645612877,128.29720656806631,0.0
1960,1395.196378749428,1616.1964818769811,-91.9072871036905,2100.6665724510813,148.09422224966312,-10.442773684609056,-99.47752582790739,131.81671863368317,0.0
1961,-63.95720457620661,1812.154348865976,-324.25470036193565,-156.3000523741367,151.77687499016847,-12.857486358653537,-101.75043184045806,130.37479926525094,0.0
1962,-609.0694501350057,510.5838951187953,-1888.1429149063806,-519.2397362836572,150.0781252787163,-21.613095862779947,-102.27163320222887,130.19033700657837,0.0
1963,-1208.7850217696846,-13.328124258276953,-935.0252127012261,-1035.271625310045,146.4535316113547,-16.127204685920425,-111.82675841069081,137.19776479983395,0.0
1964,-1400.6606181157272,-503.74331828758153,-1008.4264018367518,-1034.6289414832158,149.0846761756979,-20.71423577910647,-106.38724226009191,136.2408710869906,0.0
1965,1765.9674048623897,-1335.6207943337702,-230.60733759319675,483.9552443627051,151.06398764689473,-13.909699975464331,-103.92238318060235,115.67008997812317,0.0
1966,502.2167252530354,2280.86157788517,-861.3483873503667,1653.182700720654,148.42444227271216,-11.341110384026681,-99.89077444345128,130.16510343812507,0.0
1967,-783.9018548779817,347.0656277355763,-386.90809944893374,-466.1604065983779,157.1782744215688,-14.514451604846373,-100.36643512586242,122.94784357415709,0.0
1968,-733.531730462673,-773.8805175530646,-1724.4658520808196,-836.56054454876,154.66919499213932,-16.03259781213214,-101.89201912040241,132.15318531043488,0.0
1969,1269.6915773233861,281.7156765178623,-1661.5056163876613,74.58544538918365,155.63387319265476,-15.474220267560234,-100.24325902464594,132.32311122255894,0.0
1970,-1119.930434494264,1092.8649995431408,-1097.0742521280165,-1481.4109148494103,151.13296467319623,-11.322055315139062,-107.33230585187646,129.43409717388076,0.0
1971,1801.7324001240813,2533.999500861834,-387.1908800780323,2424.4350508501134,153.68470195942191,-11.781110329380237,-103.25727070818937,135.42543331727077,0.0
1972,-391.7645564802543,2091.816587540905,479.1093510396869,-779.3537011189898,146.99082952832515,-21.928081495855537,-105.95933583381023,126.87043546335283,0.0
1973,-1022.3577928853452,273.9935201503179,-1560.1137891582555,-1028.1205618918332,153.06789723398148,-11.86165009940812,-97.15592917665793,121.03549203681038,0.0
1974,3461.652026666669,91.08610264117786,2295.477414014073,2986.6105682685547,154.7445575070743,-12.354109936431122,-106.81739156617968,127.4067022627435,0.0
1975,299.57316651647864,87.62921547489206,829.7118339920687,1372.2858381109572,159.16233627544256,-20.53389966732932,-96.99730877562837,128.58437342035253,0.0
1976,1915.529393769821,1412.6665304267935,146.9703613695184,2206.5381372636652,145.94037341725968,-25.848638667077722,-115.18803104484624,141.2280658725537,0.0
1977,288.0225752903925,29.137084147899383,-177.7043834183066,1095.1017263145284,154.0669472106734,-13.893402964790285,-98.33044324369905,120.65268991299376,0.0
1978,239.93573318423475,421.78819817261217,-751.0771619943414,1011.641818474399,154.84222682578505,-17.723993354943854,-94.53386326075798,118.2371208330105,0.0
1979,2084.2556011218157,1080.254812661686,973.1247620787951,2371.5710250370444,155.198886261333,-7.176456675244163,-107.72532101280403,138.34888043251755,0.0
1980,-68.52401142719836,2024.870473107175,-523.8996514622232,-352.2394378656705,156.80574977367874,-12.311591827354961,-102.33175943776334,128.0812566426201,0.0
1981,738.5077513304839,-337.6941337181265,-983.4240705191798,385.33444464571335,144.85512448395235,-13.673534543471348,-108.48158274743174,137.35733345683295,0.0
1982,1212.8405911336272,-186.00627064392532,-564.4392841060242,591.4357130721367,151.58843258325152,-13.631220639772154,-95.43475955107249,123.23053861510783,0.0
1983,2247.384595057532,3269.3110777568954,-974.4663530457518,1400.479850954412,151.7541116083269,-17.79036097841622,-105.51545426710015,131.17919429059634,0.0
1984,523.9791573763254,260.51156722586643,-1759.8623947931715,-276.11108924214767,150.8445015343336,-18.00769090710106,-105.34841456197175,131.27794305210708,0.0
1985,313.90756437825536,-376.440782303739,-918.7251598726267,-270.03707412408426,151.66330668761907,-15.940127093440465,-103.12001557910891,124.51178315016658,0.0
1986,-73.84992777640919,1061.2696321134365,-3482.77381716478,-817.0262891524058,150.91791287897928,-15.92438093133825,-105.06735632581977,126.7538958048273,0.0
1987,-232.40789205051962,2219.7304334890428,-170.06950055727347,-595.0310584434442,157.55548909053857,-23.394398728564013,-96.8955165054117,117.91752213343248,0.0
1988,1009.3105098812473,-1001.4606312508907,58.34531847420125,975.7659123042467,152.5062884550597,-19.808710760766868,-99.95677019747026,128.1259495563252,0.0
1989,-960.2126101439949,77.22061440087047,-1168.521414407552,-742.1347705695225,151.67607242177687,-17.07520539495528,-108.3540294840009,136.6246135080315,0.0
1990,-1536.8266314291193,1296.4974295339384,-919.4644956578613,-2159.3364279015036,157.17563181151834,-12.532320501754981,-99.909296003244,124.7894176236718,0.0
1991,-144.14001425263402,1390.8218991210695,164.87225132078026,1041.9162249405156,158.87306538977637,-12.868814594224034,-102.41704878751575,129.4731268241726,0.0
1992,-917.7102542052808,211.78600073534466,-1368.2221741365047,-827.4312340185518,150.56162434306904,-15.166896787709195,-106.70989228997787,132.74651503894344,0.0
1993,827.7732358732947,246.44395506404913,163.87559145322493,1253.370367486592,151.03773256703178,-13.338775354148247,-102.87967707049067,128.4587705793759,0.0
1994,-1548.7229190869894,310.69773961368446,-1000.036955489622,-1902.8577348387946,148.63199829494167,-11.238242379556404,-97.22391672838053,123.35611686199911,0.0
1995,-384.79381578537584,-810.9508576423314,-3534.3855949223243,-2103.738435562572,154.10084467812632,-23.00094190886247,-105.00676732912744,127.8269737629066,0.0
1996,-523.5380280748298,1130.403135105001,-282.98995368247927,-493.5099800997342,150.66190426193333,-15.077682574803912,-106.07264491342117,135.14129210399557,0.0
1997,643.9231574769267,2897.086075234057,-455.93590172745684,1533.6012524210314,145.10754077640757,-16.86835452182987,-116.58462889925815,142.6910277201643,0.0
1998,3689.8074754430104,457.36497032637885,-298.44577541886633,2500.3565542437314,142.28702278456765,-18.042898633156792,-112.30083283357237,137.4719012951438,0.0
1999,-191.15884875131906,3991.7736195020093,-1392.0217369903467,1367.5514945000205,157.77533807310263,-18.9016671382104,-103.26940474560324,128.11126791031478,0.0
2000,1406.4668780431723,-3233.8911680154933,-252.46917624332605,531.7459166197731,150.8584335621737,-17.557122674857922,-106.2710561058132,134.71974101151034,0.0
2001,1086.1761635451542,1988.806943954698,-1625.091596386756,604.0982050238672,152.13648806601725,-17.050755392766657,-100.34203530790158,131.93108766294515,0.0
2002,-2020.7696227866693,1698.0620258643635,-796.736330659967,-3129.502655495301,147.06437361137677,-22.184919245005602,-104.286844108797,135.98263856632408,0.0
2003,552.744555189846,585.7285945542442,-1011.9588266566877,430.1646143109739,146.99460320642905,-13.464774484636164,-112.91189206730002,137.14654575409983,0.0
2004,643.3903422126178,-106.76345025890295,342.1007517007525,1492.092214393071,148.80626347252013,-9.16223757853431,-102.09836908788415,142.81883735197533,0.0
2005,-1202.4277079537985,-546.7530440055239,-543.2426063251716,-625.1929725581808,153.3287031328986,-17.724081136992297,-102.71530227483277,129.48587766593624,0.0
2006,2450.5485209388885,298.5098536624869,1592.2295053265836,2158.4081364568115,158.67232663076393,-8.16862127366485,-96.66434299159906,121.98241494569196,0.0
2007,-1003.8082411066295,119.06650802478309,-733.1191408126386,-911.9138066872455,154.69476792510713,-19.44102748563704,-99.75947153138686,121.11394728281368,0.0
2008,3642.677815882293,1871.5879155602945,1422.4599169082007,2935.893912458657,152.99946383220285,-15.195625006674701,-113.09531404015893,129.929146796486,0.0
2009,-1641.2272405861884,116.3699781977055,-843.7454419874823,-1849.56702949527,148.80205022731,-17.131676424767477,-101.04984951816155,127.12625433363775,0.0
2010,-928.584350502112,-546.882522748229,-2921.1277294838324,-1520.9286150043722,162.01637139918085,-21.070242562972396,-98.24503066788269,124.72277711346004,0.0
2011,-150.90626400102914,89.68508828555947,178.7404022089038,706.2407036163755,145.13889691005284,-19.821779784207216,-114.98167983340228,129.9560734454134,0.0
2012,-1047.5578024036586,1211.5816655628428,-2135.071814851668,-256.3658299849925,152.31681425071602,-21.494846094895383,-104.26162131126331,132.16429368978478,0.0
2013,-478.25395521849515,-281.52619554240596,-424.7681722009895,285.9962718481752,140.24513777976313,-16.897890660346736,-119.54710133949338,143.82352904762195,0.0
2014,-393.77443767335103,905.5565489715107,64.56794317364572,-65.24349539767734,155.46077611417246,-13.853041357153753,-102.14412202295445,131.2071015412241,0.0
2015,304.41030463199996,1356.6563270577838,-1609.337847972727,360.0126714974086,141.11159817654524,-13.707082821023917,-120.48302328163436,148.72701551403756,0.0
2016,-961.7386370284004,-2059.6978036838577,-1353.9012346511756,-1210.9282269247128,162.72434910632566,-11.701472453230462,-93.2973729838429,116.4859754460736,0.0
2017,77.28937504455065,-577.197254349638,689.8497642235359,1059.2498380847517,150.80961170321802,-9.954465393539842,-103.2892204136672,131.76960589121322,0.0
2018,-1299.3909461142007,1264.4231478825855,-1234.3082951331717,-1810.7404905950282,153.78781013075317,-17.42916650033675,-102.09305156395403,125.89950456062961,0.0
2019,518.4718403001543,509.2404345946413,833.7201737119427,1598.592589318081,154.95809145163372,-14.63951500860868,-101.25470654476779,131.15704402443535,0.0
2020,-944.9798489715952,915.3551548098826,-641.6303407249524,-1166.0142321727467,150.08698072782826,-14.088723318742622,-100.73128468713854,138.66377962090692,0.0
2021,-1035.0293941855914,420.9766668101684,-456.1724545793674,-848.7747272820957,158.18804383389534,-18.83723633643477,-104.86887666000095,129.73145578906997,0.0
2022,-187.16056988182774,1258.1935826093631,-1911.9529028905192,-306.41030186660737,153.36077988351718,-19.44766574985692,-105.17474251084437,133.56851915325873,0.0
2023,-678.493213344082,18.79343361766459,-663.7888824390793,-244.297061837026,145.84491114863843,-16.882555065821755,-111.04446849340927,131.69358222604043,0.0
2024,-1208.403230242564,-71.1648564571218,-1260.8826974926776,-1041.4661652983664,141.75694037712748,-22.992629154603627,-111.46761054456309,138.54603311321478,0.0
2025,1861.7232843546528,951.2612884234468,381.4225524278605,2107.749883133707,147.95924452444646,-15.716223918954817,-104.6870944498636,138.72294747308487,0.0
2026,-1412.9449202969547,2467.728837164174,357.7354640666175,-2295.068289001578,148.19172976510913,-23.443343161600513,-105.17280007240399,127.65870570347074,0.0
2027,1610.6524737994023,985.915595099705,977.9081925059256,2348.7798534099597,141.72847885712915,-23.627414256124087,-111.69898350071966,137.6470517135572,0.0
2028,917.1545133550113,1972.306695134321,445.78015699232077,2294.664570877079,149.56309843924308,-16.742982431625975,-103.2135620494731,137.34236310985554,0.0
2029,-1137.159774756913,-317.50452083343396,-344.3099191824197,-853.6821213861563,160.04701967183595,-15.456571989725749,-100.46384983489152,128.67855542962565,0.0
2030,1366.0630792438974,4135.3149496920505,-942.9055259256697,1488.1495642036741,149.26803577913137,-18.00291462583403,-107.65413465149112,136.7093255061295,0.0
2031,1816.547797154186,410.1935933445909,-3390.4006248034525,-882.2050063862093,149.1445297414096,-18.92827433843223,-104.78091197118218,135.34678790056532,0.0
2032,-712.6857820974992,1051.4144544936144,-74.2877053674705,-811.7561904840372,150.92093749346907,-12.155335531689747,-104.11200754686871,136.07300047186146,0.0
2033,-845.9567537010473,780.3414697842575,16.934805273218235,-687.9560471538803,152.0453014854133,-11.452927145099888,-106.81929428039865,134.57077557633605,0.0
2034,820.5530330165456,979.1409153874138,-1407.3432604674974,785.3123304978501,149.72139095480452,-16.679213939284427,-106.56554772882839,126.44832474673242,0.0
2035,-98.96329479771948,376.7416709507728,-907.6566265820512,356.3020443285936,161.25751741952953,-5.005407820720775,-98.1642971611555,121.72966802914424,0.0
2036,1003.352585473884,208.93597453657412,-1129.6456900141573,-225.16648401392152,148.68663275514444,-19.579364257356648,-117.40823591653799,147.77665528155094,0.0
2037,-1168.686174277295,316.9779245475176,-756.448844088412,-1065.2686983966653,161.3779123364239,-22.704112815082098,-96.38406634092796,128.29986295506254,0.0
2038,141.8276872573801,2120.8524519987413,-693.7590433814147,1233.2771097004775,158.3179103172388,-15.531304477735588,-95.46779025233899,118.00342944503258,0.0
2039,-1261.1176844999832,-627.9643490455223,-3549.225553675429,-1266.901872429392,153.63913346711348,-17.393056019223298,-98.61766924075779,126.91480818357984,0.0
2040,-708.451711514792,-190.92646351493292,-769.1329389598203,-191.58587465873546,146.03454392864197,-16.78652460812348,-115.40766096702247,148.04880482465148,0.0
2041,-546.5837406480117,840.4936825747334,-1175.4836619500716,-101.54026330594179,148.15042890092937,-15.568473633120812,-103.05951378257875,134.80715161688386,0.0
2042,1778.603278771508,836.4237050333319,-54.153443820174964,1533.1319628651495,158.88880916729434,-14.434010262993125,-100.09171260547194,130.1210830674831,0.0
2043,-2091.2381213612543,-335.108819244275,-2406.4988066127567,-2485.9010355113537,155.35464387266566,-12.699167971370596,-98.12404201998979,128.16778950542843,0.0
2044,-1113.2036411169343,1302.0583543341393,-969.7300758896502,-1618.7504994352225,147.7102521211409,-15.90617054708924,-108.34040750187826,124.62316381615362,0.0
2045,363.31992108885765,2820.044535422205,-803.377559594192,933.0190312463914,150.70027680924076,-22.610770181264066,-107.89255145927017,123.03230081079867,0.0
2046,-464.66350870946707,836.338932904739,253.05633371351487,-261.0738657420836,142.35084280259338,-19.345565941101242,-116.71180407309839,141.4065296470062,0.0
2047,3434.6538592691763,2183.2274303519093,1183.9325353730524,3227.1283280996786,144.19859928301042,-16.860544479922282,-116.25986145195941,151.00606587561288,0.0
2048,-1281.3099100798415,2006.351743323536,-3347.5574285361995,-705.217833101438,164.3377451528853,-8.386620018534444,-98.62279229331934,121.56909542325234,0.0
2049,-535.7210184510004,840.9586987968903,-690.1479281325371,-523.4649150649169,150.50005154509202,-11.681459832275412,-111.52418104422593,128.41484283129637,0.0
2050,2145.9421705882037,-801.7674212358007,456.128181145343,1344.8027760180223,146.07058375532864,-13.153027851714063,-110.27829304837685,138.19133227383614,0.0
2051,727.2135451501788,-372.6115904130232,-2054.7169986104404,-213.54484778372023,150.94015875792218,-18.36919206651979,-104.53075354433145,132.40961611903367,0.0
2052,1297.4519039661257,1718.0620082036337,43.11352969952531,2226.703483590373,162.36890797595473,-11.990675037173357,-92.03685918051245,122.51379936992542,0.0
2053,728.0278864311119,-2083.346302526934,-534.642390375638,-205.64150448036506,155.73642196659753,-12.311392781192076,-102.0452920637643,127.86779518385158,0.0
2054,-1132.2082039023978,855.926854885247,-1137.3882504570674,-1409.1816211716316,153.84554683497345,-12.525412139287864,-100.964728115592,127.4583056024821,0.0
2055,-540.736915140495,-1894.6104193995693,633.8452548141585,621.0153442979382,151.8872526056085,-14.247458706860197,-103.3526127439727,136.33554343216483,0.0
2056,-1638.359402159203,466.4760842043589,-804.1711629243725,-1993.202399900892,145.23601137848158,-14.090051507976671,-112.3908488665296,135.02374265382767,0.0
2057,1799.3005315276484,2162.9496324934926,-785.0726892247712,1942.768122682687,144.24975588186652,-13.729469055172974,-109.53241809850378,128.37795598784123,0.0
2058,966.255299176158,2462.8601060268657,-317.1107670150813,1996.3066373573683,151.5806069825792,-20.44252167291119,-104.3465841547716,133.8198424670022,0.0
2059,525.3311339072425,2352.076615061361,-1080.354415070505,1174.682421697834,149.37518824872464,-21.611392337382757,-103.1592203794639,135.99135528720376,0.0
2060,2280.739412507887,2056.435049050888,127.98598344386097,1991.8311495425949,145.77610572186228,-17.917093601534393,-112.65123133751491,142.36817449262912,0.0
2061,-1205.5803357784548,-36.40454089362757,-742.2132646946823,-1106.5886143729415,159.1011885415729,-15.018413731615004,-94.22765806987097,128.5616861832482,0.0
2062,2912.654546720009,1557.0853103767765,161.32442514473044,2017.2528183381673,149.6242057697127,-10.09025065977081,-100.89019669103443,122.0161996140672,0.0
2063,-1967.680113587104,603.1584432508431,-902.4840074489935,-1245.0582797301242,155.5576699911121,-13.270516768623802,-109.00073486588444,129.93657848170182,0.0
2064,-1192.4374466474965,-409.993529803316,-2309.8052594455544,-1111.1861697661857,147.2616398610418,-14.39718064315743,-105.17425400420456,130.6286104071242,0.0
2065,868.4839263882634,-3014.6003989704295,1358.7504553177025,330.7247659382402,154.45931892779032,-20.32592977940068,-100.73961399084821,126.68655118765253,0.0
2066,-464.1378756615967,534.529768121219,-1336.691294249247,-284.01838317488296,154.42862985338328,-10.793989684451542,-95.35701110038784,123.76673019431149,0.0
2067,-1216.812494040932,-409.4799915671966,-1183.232946637195,-927.7119862899062,146.5225397307698,-13.131024494884644,-102.64489361809571,132.98943886059826,0.0
2068,1868.1584648382654,1396.4177560468142,-241.01077810341945,1658.9680040800413,153.36991173456545,-13.337607433089632,-98.67237818167361,135.67905539094346,0.0
2069,-501.9002566220288,-5026.779657674936,-1345.300911829374,-2304.1352923690583,145.53965927348608,-12.983265346419905,-108.63762575933956,134.26864730797666,0.0
2070,-68.03036664671212,1932.5014470833266,-1332.927297134912,-454.3464064279172,152.42662896201318,-11.85942015573185,-109.39773110347369,124.96850910626321,0.0
2071,1285.508057203587,-3047.7019937549867,188.2420788399107,47.01624248327582,148.6106273052517,-16.420320230610294,-113.88453635416133,126.68924325701593,0.0
2072,-228.2743666051221,724.7343917071573,-1493.129168092813,-48.47243089715486,143.88878462731356,-19.07434842041588,-115.37607298295953,139.41379047034414,0.0
2073,-1695.850324225506,1541.083337414837,-1300.057482571029,-2570.363397881697,154.11455894508288,-12.192507214057244,-100.36315846089065,129.40663811003984,0.0
2074,-2414.1163646548084,1590.1062991052825,-1183.5717071786185,-3836.0096302958536,152.0618526405123,-16.356499607882554,-107.08494764587716,131.9005826739565,0.0
2075,-1162.4694251683811,-118.43192170641368,-1307.2913260701744,-1013.5104954706195,151.17000112215177,-16.240972692816634,-93.85080025734331,125.51867662794142,0.0
2076,-74.33448310726696,-742.0451285208575,1476.1316057946578,1466.5242199489787,155.4329907479708,-20.439927921488756,-98.59796350509093,134.53158890143814,0.0
2077,-752.8938614467701,-592.1818470104813,-738.343162564535,146.95664390458316,153.59415079059323,-14.347310414160429,-103.27015289218009,125.27998841304407,0.0
2078,1291.57765240411,687.0205432710923,-2643.4466973857366,-93.92393463121162,157.34698144637642,-17.038448110979083,-99.93806739432432,126.66899868767223,0.0
2079,1113.8547900784515,-2150.5396597449153,41.14346148787097,27.487719442721115,145.58440595010018,-22.50384138033908,-102.95545918118985,129.25581922670597,0.0
2080,-715.7080860763107,912.1836173390366,-1635.7878480669424,-851.2033250794864,156.55390003185306,-9.391383057264367,-100.36837903402348,126.64893735878385,0.0
2081,-318.1775090657598,363.3319851964821,1306.6420810306806,430.3948086532933,153.48939893770634,-11.879785233763824,-104.52807885830335,133.32852561639734,0.0
2082,-449.50703974537964,662.4133540284109,-2131.296527746401,-638.9570396462641,151.17677652979916,-12.614765025454211,-109.51291399497961,140.6431278615865,0.0
2083,-1168.8598110971213,1789.170539699423,-2357.784510973032,-2151.198447187787,140.99531490596635,-14.4346577270714,-104.94245336587339,131.2256755071224,0.0
2084,-1058.9582843150986,547.1404468207373,-663.7565054383687,-1044.6097945858955,149.61424003586615,-15.525081389211861,-110.80259168717731,134.05466321512344,0.0
2085,1241.1461925487984,1679.1746703278939,-1134.0264256377961,824.6696019806119,154.065762598017,-16.385158378322355,-101.33695608435535,125.23662260689501,0.0
2086,814.4189472022689,909.3937190152177,-2872.1093742677012,-568.3547091146141,155.04007483464213,-16.105467782260856,-109.12196582333908,135.58424030503556,0.0
2087,-713.26213881863,1616.7654599748,-476.915792290677,-969.3249935244826,156.07965957760672,-18.008677318491017,-100.06887614639112,122.76720491377145,0.0
2088,-435.90888919536565,125.60654142710467,-1270.9774746407413,-297.0681662846624,150.90728343808632,-12.495243572480577,-101.56578755979032,118.9708081660609,0.0
2089,-601.0396183084782,883.3706685061991,-581.3827221379107,-587.0546728162101,146.62638474407544,-16.79317583648417,-111.40989024020563,132.64206472710006,0.0
2090,-798.8763610535199,59.06490949409029,-1046.5151910344143,-472.2686892983509,155.96507871212447,-18.444360421177453,-100.40313416754641,125.06292115273426,0.0
2091,-474.49040946401954,-407.6105467017161,9.934222121036296,545.8438899920682,150.58130299879764,-18.984041907620387,-100.90899582214325,124.79045663730986,0.0
2092,2209.3162398559825,-956.7281562312367,-52.19630499956093,606.9329536864301,146.33347286161379,-13.111233555201515,-102.60202356643774,130.72133588111024,0.0
2093,-817.8745712448992,875.6194101819386,-2079.893399824727,-1030.8187799923014,156.36225446361024,-10.259877141940201,-105.80274258319483,132.58147046487048,0.0
2094,-1056.1209313876032,-1162.9400295790012,-1328.249409399794,-195.88553793975535,149.84512405837845,-17.205334463248164,-107.97082589983509,130.73079714470248,0.0
2095,-152.66293497014593,2197.1968928558995,-2162.6619280525138,219.8069661151819,146.5206528439436,-21.178268163985734,-101.36924251008256,129.82720254101318,0.0
2096,1276.9137645122537,-1813.4956902927383,-486.54813635819437,-186.571637879696,161.29952561224627,-20.575163196472353,-94.09908478064817,122.23235102219924,0.0
2097,1774.5768748529943,1283.3693900027797,1174.744970030365,2199.8162924560534,147.61804057151113,-10.259814691867003,-106.30360672010318,135.5966569429371,0.0
2098,-381.4712507400871,-1293.404955973162,-2685.9009901620866,-1048.4123093643936,151.7396358187367,-15.216105618134067,-90.71586529370123,123.59915705185803,0.0
2099,-1789.7404623446653,930.8292656470749,-1903.7606643408637,-2574.947920542571,151.2525419658518,-15.783887405345896,-109.75324813127324,133.35057425614437,0.0
2100,-207.39845446735455,1428.1940949063594,-471.0962105817815,-160.0341914570079,156.6398311415702,-14.072517882128995,-93.72161876195094,127.85348886645357,0.0
2101,2021.9540678032436,-488.0904286705251,-188.025311560451,1303.116073821133,143.94142478251194,-20.117874295143476,-111.09705977650063,135.80011375132236,0.0
2102,-458.43201651054824,-110.25108415185804,-719.1708290670173,248.45948157815627,155.12315604219748,-20.352283358095185,-95.15269441985026,113.17576477213237,0.0
2103,1880.7499142266315,657.4107274564017,-1054.087016038251,964.9280744663456,152.16760412423508,-17.5373011674978,-106.8696791461646,131.4413366920206,0.0
2104,-1315.7868160184055,1287.2479947013683,-1868.858533357717,-2017.8539409746973,147.72543354504654,-20.311754749880343,-108.0195396448728,132.56595741181357,0.0
2105,-756.6484421774612,-1226.6681300311907,-2343.3544055505236,-2133.4233606387393,157.98978322723588,-13.234176178306893,-97.3495993764485,120.42852811772272,0.0
2106,-1515.8920213231804,-428.7889790055229,-1790.5282616554887,-1365.7444283689372,155.1173935723353,-16.00848798838505,-95.89489680871895,121.37117504582724,0.0
2107,-777.0664112313966,1794.32069155506,41.513220216159084,1146.5229516244794,145.71972527498184,-13.499808571512645,-110.16691177998594,139.6615805031768,0.0
2108,1398.3924438495283,-286.1853452008138,-643.8597508204283,442.1120320657654,152.5125992872446,-13.391474219729234,-97.14047046999788,128.52203588252155,0.0
2109,788.9641934520401,1782.1658669739393,-1527.2776441754957,544.502456925492,154.60480374293655,-22.87043421191108,-102.58047417402283,127.3474792249409,0.0
2110,-739.989892675514,-5.034854821457224,491.0194326692161,-69.1857762593505,150.4823569625819,-16.126580600931735,-108.84622537489408,127.69643890240556,0.0
2111,106.36822431366424,591.7593729773986,-390.6823818018514,888.8493756779659,159.6851472302144,-16.211812029971302,-95.0584619158403,125.17468593989207,0.0
2112,-588.9948185560365,1726.822665912831,-14.146641632947121,-904.4797767376108,148.19575555704625,-17.363321617611575,-112.27853672686366,134.19574177130983,0.0
2113,-1719.2950006816443,2212.4274707341747,-1838.441645361342,-3145.2499482835924,152.06223182527194,-17.699420265396434,-100.99629991210972,137.20095486655404,0.0
2114,-434.6882682670174,683.7221861315462,470.2400346388882,-55.74424725238954,156.77446771962116,-16.531123549484317,-97.62156612123594,118.27290106174273,0.0
2115,93.70380004627519,1014.5719430418136,216.1153871552769,513.1809792232502,156.00996644407593,-16.753747917705773,-99.26862989156903,132.3788590805256,0.0
2116,-1061.1543305059863,807.8701842092295,-1835.3125636220861,-1411.480492980055,144.75696513580544,-12.919828998253092,-106.74856606800883,136.0558682041912,0.0
2117,-329.1021802174588,463.14381243784817,-1098.3220040371236,-303.3128736090702,144.44953565224245,-14.874861649716845,-110.9491755412187,135.0282031996563,0.0
2118,-1642.2694094812448,723.0499540898021,-2721.0104103376734,-1114.6652895267823,139.69605356906965,-13.494454074258462,-113.71109172936278,137.32583380908483,0.0
2119,-376.4915504873562,1772.5158423011546,-1276.2208315458856,479.68775663869474,156.83067319257782,-21.456784635326834,-100.62572257606553,127.14518147580733,0.0
2120,-2050.1083504377725,1719.2490025598413,-1919.0000679174004,-97.45917613677285,158.0286354520415,-10.471650433090161,-93.17814643628321,123.6656528943388,0.0
2121,-569.0031167393274,910.576888142545,-483.03630309988137,-387.58390612314014,148.9451013012999,-21.368805109778172,-106.77692581295751,129.15747609073094,0.0
2122,-1170.8593129352785,1982.910986870986,-1021.9286873426277,-2019.6621861404012,154.2535946504971,-15.215183756757586,-103.51806422620878,132.01901104655562,0.0
2123,680.8766544616172,-2792.4253571531212,-3049.5531848802048,-1408.7031061925773,143.83226808738996,-24.144057269806105,-119.82147906610622,148.3066909751656,0.0
2124,236.11872080820493,1048.073872451709,801.7092235804938,795.3443788772661,151.78781399389746,-18.246144686161067,-107.33941926114255,136.50132583353422,0.0
2125,-1411.6916338493677,327.4726510329375,-553.170179716568,-1491.1992781626257,148.64381007355465,-13.503116811503524,-105.36835993366985,133.6033082103581,0.0
2126,391.9868466954373,2896.122279897035,-1966.0292679165807,-43.68738435078333,161.04400315249967,-18.045246234878874,-94.77678775443307,115.80291596930441,0.0
2127,1325.3756982388293,2222.2735233999747,854.3137488656616,2104.923747169465,149.51107814506747,-17.987195398631503,-110.05832686023945,136.45658133499046,0.0
2128,-388.4131787702422,-18.901224401720828,-772.5891732543765,321.91724495697383,145.1729890072605,-18.053707403350618,-106.98212099401646,144.54831595372423,0.0
2129,136.61740311485852,658.1683447817315,666.5529950184857,839.8752397248217,156.02435300082632,-11.294095154943257,-99.02416444119963,130.947349347619,0.0
2130,-2012.571614791999,1766.944341317348,-1473.9133533670497,-3317.162210225914,154.07018861017033,-19.829304479007977,-93.95854026735648,131.43491492976545,0.0
2131,686.5806273665206,1490.7966981027175,-633.6682356298678,964.270641709264,146.30422764712205,-19.886167014447587,-109.98934984571946,137.23023224651163,0.0
2132,-1464.8854364289698,798.9908107687587,-3041.6037637683507,-2249.7131921708196,140.96660311832682,-20.872883778080652,-116.06390519022577,146.5413771508326,0.0
2133,-1370.4827610197503,641.4041487887455,-1564.9580547016483,-1777.7786004781758,150.6594362553808,-15.142961483371439,-108.94362122916826,136.71729183586837,0.0
2134,-497.34047151099264,-194.46605858326154,-1212.478226871777,42.482776863636154,144.40910352604027,-17.549446913425403,-113.00275431509488,143.6509790361299,0.0
2135,214.3908104273304,-2467.4052866591483,944.829250567131,2416.2866627921944,165.9716975562706,-12.243158548771143,-92.24467483826517,119.28647038083614,0.0
2136,-644.4375590557619,512.9849668376299,-530.3150930709755,-522.8097634323765,160.08391354740354,-16.212300432848554,-95.49410933857531,120.17652084730359,0.0
2137,-1269.1423525129223,-957.3341123415124,-2626.3228031009385,-1788.2843716721877,155.6038822089057,-15.37388380364036,-108.1523429366253,122.54297260498143,0.0
2138,718.7793368822765,-72.15792501184372,23.07216759934797,439.61452763610504,152.4438386564232,-11.390171621858212,-106.71891184178786,141.26583098499725,0.0
2139,-418.94479217876585,858.4910989065489,-912.0688331945173,547.1425125770501,156.81811714660196,-16.293475238058605,-92.59486747483099,117.4106417380828,0.0
2140,-657.1806310933279,-213.78852965603141,-578.4334226242211,510.84757421468595,151.38412540179928,-15.502745181417007,-105.94666204198343,131.18041199689333,0.0
2141,-436.6428975146237,-147.64967991962854,-1528.6984304347627,-265.56821770810825,159.13718541569008,-17.69617922918036,-91.72802556549557,115.59549364773767,0.0
2142,-1609.079328551874,727.6241663396831,-1757.87029587687,-2181.214868824173,155.0267314258361,-14.705976567526024,-97.97398095717068,131.68339072957582,0.0
2143,2529.3336713049894,3036.0023087678633,-935.438951740851,1660.1321983822831,158.20474189977583,-15.51323892606374,-95.76430534556135,121.79532368520117,0.0
2144,2582.8871498251374,2518.1010710226374,325.07767976986185,2749.368865302498,144.3505911049221,-16.36423681177562,-104.04741015582816,134.6589161869809,0.0
2145,-436.8747238381634,919.622289656831,-940.6923777757854,-513.943579823369,154.80434196491112,-14.53813538156868,-109.0336292129821,138.25462336299532,0.0
2146,-94.71356621561718,1972.0269440603581,-275.9398072169082,-506.9540435154053,149.23006561512491,-18.831381538136977,-107.1531770275594,136.1425586095904,0.0
2147,-785.0403309771597,-464.3233279560383,-1247.0148895675015,-242.68125711085185,155.66482745855362,-18.078662634964772,-100.43214942266162,114.48491146554042,0.0
2148,-961.5161448913203,2312.513999521431,-1097.680342077953,-1891.0814117971067,160.48803002785138,-14.123471400942657,-90.18526618282213,121.85755155911352,0.0
2149,-252.4832986654133,-498.9642492539848,-807.2616026416935,293.9360579776195,139.3438340871729,-18.451248813198678,-112.58676719443996,133.66337609030995,0.0
2150,812.1247295485922,1491.7804577162988,-1230.0069986212789,434.01054153531373,151.3401444837815,-20.388353999838323,-104.16614063240146,141.5398833424452,0.0
2151,658.8674393586039,872.5785069598932,818.3196704519104,1610.0880626624407,156.08666813964655,-4.0866099097259045,-101.00201130657021,125.76197462909336,0.0
2152,-43.44669183579511,1113.1653602598876,-2310.6736669261372,-675.4590588477414,147.83869370253623,-12.209111485561161,-113.05067782594246,134.54418221078782,0.0
2153,248.9939849158203,1604.8324751512966,-1331.4865292279583,251.0433431535612,144.6974955685386,-19.075354383614375,-106.78829680813443,145.8374103710192,0.0
2154,1045.919144521451,-602.0655980363188,650.5962465172851,953.0786987608548,142.42637892950728,-19.857282496403382,-104.9949274497473,129.86478126445164,0.0
2155,-633.526124999724,532.440941998193,-2147.0660363272386,-949.5365906317111,144.6950861273117,-15.849823578862935,-109.58935528218494,139.0049513468974,0.0
2156,328.6330199537374,-1469.1736694243589,-331.0044504566899,148.34505473174215,148.4999451671148,-8.23796568819063,-102.55639939631476,140.0592518335752,0.0
2157,4100.399216747886,1261.569050963055,2327.8036551442146,3496.9326829197817,155.3634850606711,-18.472231560081937,-106.66604420606855,129.25266904084134,0.0
2158,-1664.742651099205,147.71122863564628,-2487.7199785592884,-2144.394851410528,152.3641273032178,-16.585158310455114,-108.41710647598602,136.75468224338866,0.0
2159,-98.16216741554982,-494.1861231233709,-3186.262055212915,-429.8812745681762,147.38074350674242,-17.44048793714306,-109.155874189843,134.33674538058477,0.0
2160,-1404.8019717350483,1912.491111489428,-1558.028708972638,-2499.125982224644,151.7742860256108,-12.858534264451707,-105.89763795181294,133.22607271589698,0.0
2161,-1063.9942472705304,-2283.985426187963,-2808.8121677184126,-2109.7925416126704,159.39957323159774,-17.305643737109673,-104.80202043392589,125.4639963001328,0.0
2162,-126.26422601492422,1458.1332995019395,493.5528007187895,55.998185762506125,151.97168209464394,-17.023940315389464,-104.88089369784353,134.15295546148315,0.0
2163,1455.7059722722997,-1452.4815089777742,-1926.8236995926657,-612.8029072243777,154.4133676963291,-18.368641552991484,-101.17448212603263,138.50311681259532,0.0
2164,989.4956094820872,1855.8439332144658,39.99778435914018,2070.6771346592204,160.8547313708989,-7.99808382791911,-94.07165649172276,129.05294297823514,0.0
2165,1747.9529808492325,3043.9936409289076,945.3082042839824,2328.442542602494,147.33297156414574,-18.173012086105977,-101.8237856340652,127.48143414406996,0.0
2166,-741.737070747051,1808.2749208198438,-1407.3533569127235,-1401.6172205325338,147.91089546699155,-19.08042280306515,-108.01903442379206,131.5847298761506,0.0
2167,458.0390963272128,329.18034074455966,921.9514840280935,1493.902641091772,151.88069665953617,-15.42784685607949,-109.40595817339918,134.5455620708771,0.0
2168,363.1574720822798,1291.6680521351202,-206.5261631864678,699.3224196652521,155.0896140501174,-23.73763611860377,-100.37853597585803,129.53871049875434,0.0
2169,-267.4387917559,2664.6809127587003,-3549.1268205463375,-17.204316724248024,157.38179295846632,-16.283276019099034,-102.52349896980907,127.27399945291411,0.0
2170,-10.401292715058785,1069.068771175741,535.0476263602084,375.04785190972746,149.82173181599646,-17.261261755667782,-99.50466121167506,120.37973958663702,0.0
2171,-1020.0789005189895,-191.71800514545714,-989.0609801006567,-796.5138760354796,152.6865538666541,-19.45369351477966,-100.12859140865108,126.60717291710118,0.0
2172,1822.905597047564,1001.637026158282,1552.3634364776628,2803.891943215872,148.96866147396594,-17.480951455700115,-107.93999603372926,129.53963541354034,0.0
2173,-225.8765334688995,-143.53004315274072,-2071.3455439638124,-935.4146488997745,150.0991998387625,-15.848313162195005,-107.43082323716867,126.78373726684708,0.0
2174,3504.442495463964,1175.3213011371988,1369.1043351329056,2708.6081561596416,157.06407257188474,-22.654872281716663,-94.61192520581379,115.17261424882184,0.0
2175,-1694.7569508435342,501.28821632623317,-1489.7991697438947,-2086.176992490926,149.40942864923386,-19.32362857966022,-109.69998694746702,137.39549393118563,0.0
2176,1196.94677290707,1833.5371983404511,-1356.3525885590075,1051.8167643781792,149.44407288337095,-21.593286751405532,-93.63339163659333,121.48010608819517,0.0
2177,893.4059267465336,-1927.4299837633334,-348.84596187945334,331.84141616053813,160.57924728691978,-9.240774862878471,-95.22906764870653,122.25846068779937,0.0
2178,241.80125893735732,287.07712413618015,-730.204900588248,563.1508964226138,145.23178141360034,-17.098903040668603,-104.26640179186587,135.26972573556935,0.0
2179,-1586.4288677949933,388.0702414515854,-1809.266796575603,-1972.2257759410234,159.06302019974254,-14.431341153667153,-95.09872167797019,128.43199708161325,0.0
2180,253.0930794600977,-737.0201890300611,-1246.2148959681383,-11.123824783085556,150.74645171425726,-15.618745463963098,-95.38898558070642,129.1466781610531,0.0
2181,3113.1918858131958,2419.7127539108483,1671.3761475573674,3292.1080951123035,156.44297549215483,-14.276863465941242,-105.86020636171867,133.0068696293863,0.0
2182,538.8556870350874,2285.4772032846363,-3596.411626072187,62.07878152254139,158.87730848530654,-11.244076059308025,-95.14518999873764,114.62112395658711,0.0
2183,282.1400224655128,1215.6320541514942,578.7604304350451,794.1097445674595,154.97522466684745,-17.24516853125204,-94.73681813755476,122.7228639210064,0.0
2184,-453.1664189972936,869.0315263470771,-106.97176206237916,-180.47697323123708,151.86525800953416,-14.075639604201141,-92.63698003344007,121.46405896369457,0.0
2185,3103.303090110637,4758.567993802389,-876.5748494100851,3584.3955533780477,145.86612812975306,-16.739501422378243,-108.84256647035879,128.30036861737145,0.0
2186,-383.3517292946522,1544.4456159994108,-386.12960561509,-490.9351256031911,148.6152637282799,-20.526987842154615,-106.56365803727768,129.80780682719006,0.0
2187,1120.3043917481314,1578.4941447054102,-1228.4202655819306,1111.6097362649418,146.14178959093064,-18.571814900687745,-100.92597682828918,132.17358479152944,0.0
2188,1221.7090491265374,223.80092439802854,-1721.7510519462355,-20.527051099583648,149.00190216576598,-6.570623993252358,-102.94437454728767,130.99648697449192,0.0
2189,-1802.161793982541,536.5992004630211,-2869.2274727758086,-2533.2421692208877,155.59117233956,-10.971632767603747,-91.93117205432054,125.37784337500628,0.0
2190,-1150.314943832947,521.8605972822644,-2317.3248369641383,-1506.7212323762997,158.01487742298073,-15.32277109632581,-94.45136107088437,125.73803365427287,0.0
2191,134.1273043123709,1426.192669055431,-488.71340255309326,284.29029829661823,169.69367573416017,-8.295047907945516,-88.4437691147616,107.44525516997223,0.0
2192,-616.7992809233284,164.45630722658083,-1247.5185778622993,-273.23924075943444,147.90554314862266,-14.792864200161093,-114.57997156644188,130.0255594339134,0.0
2193,-1317.2528612817991,880.506835706793,-3000.1126920591532,-2007.2810146042473,149.1091479795423,-16.5907774576565,-106.50976825730044,131.03403916438086,0.0
2194,-1456.5776191327843,-336.7251735363611,-991.3046358142021,-1312.7003043409293,152.40405534918378,-14.966460644789782,-103.85730706181216,132.01308598201464,0.0
2195,-965.6718150509523,348.888819946767,-625.774352473236,-879.1522270966827,151.57984620866176,-14.356238818158907,-106.72209883143744,124.37310696295276,0.0
2196,-200.35045835798564,-1174.4215317445432,-1341.4538534961944,1071.9742731791468,155.57232539858575,-19.83574107890795,-100.99378746297857,124.79447468588916,0.0
2197,-716.5397821934104,733.6149785995154,338.70658640309347,-520.1992396054166,148.8938198476497,-16.583634184121728,-102.0666646903278,129.5195885519503,0.0
2198,490.6876337399224,39.347088895257635,247.87282553220825,352.13802817521986,150.85160158652,-20.01003292759544,-105.01011446004792,136.7601847565248,0.0
2199,-1545.6088182192175,1599.297826113825,-2239.7123764912635,-2525.536417102416,162.1919320052661,-9.422736512736726,-93.91588017307538,115.33111741641352,0.0
2200,297.85850270583614,117.30249580936305,-243.99340872716243,1227.7124661893195,143.4918834574733,-12.777279067094623,-101.79660232080184,126.1026376457745,0.0
2201,-2231.9566223180013,545.676409226513,-1707.1579572821317,-3030.2171100538458,151.52352470302606,-12.996978131217556,-99.1330791014208,127.57411392936993,0.0
2202,609.7970418189367,1543.903277293854,113.68878619281983,1019.2567314138694,159.88122685154696,-14.524767148478535,-88.34321704456549,123.19968677543966,0.0
2203,-1435.5530197269675,-1462.7437745780114,-1233.14562547473,-1312.9588566587638,143.50395714014425,-15.551934233861148,-100.68584270760782,128.48961605271182,0.0
2204,1296.3442379308535,460.8855069917821,-555.8321323290351,751.21535889993,157.64054102258862,-19.626734110208677,-92.26590078474764,119.76742352752808,0.0
2205,-1478.231540266279,624.1146567990335,-563.4904561327481,-1749.711216765505,143.81173642324208,-19.492366121480327,-110.94770549261243,138.16113861334347,0.0
2206,-1553.7617557323495,477.0705469592002,-1361.6815868766676,-1923.8662920472916,149.39549378809633,-8.284261927054374,-109.2740686281276,129.73124438089323,0.0
2207,-1356.5925361744637,134.70596789244019,-2388.3863562324323,-1549.0392939347228,150.27054594076955,-16.635085841006084,-101.49175572298736,130.19340545289074,0.0
2208,-484.7015864784,1056.5329134151336,-965.435217940693,-459.80309491749995,145.8840623471807,-13.596122989847254,-111.14961725529689,135.63495942682263,0.0
2209,-2150.6752822695735,-323.4936047873101,-2870.705097576385,-2463.375980945162,156.00071852923628,-15.26940310345835,-97.73467063293766,129.6566091857868,0.0
2210,-1399.6047862849948,3485.0723366900233,-993.2000217933333,1014.6886955585127,157.37961302692432,-16.35880865065164,-103.46983897974987,128.0502015719429,0.0
2211,1361.650087542554,3394.9334670769167,-1236.8279529025463,1799.0612646434543,160.98782106955028,-15.102593267806128,-95.57001984636472,117.84215425922417,0.0
2212,2735.8863582198496,-2108.650500031776,872.4648878459532,1217.736482803975,151.6305426792901,-17.50472831832028,-105.42449836343944,134.43706195875052,0.0
2213,1331.1632865477247,939.6860792969104,-298.4418238203881,1101.8933118925256,141.01648826645427,-15.915665273724878,-113.26086938340279,144.59868361583554,0.0
2214,487.63085726961793,153.26334877293908,74.3507897319573,1676.314099006623,154.23123171310763,-10.112865130761726,-105.5111991912036,125.0276077637085,0.0
2215,1435.5105359693496,1062.96716405863,-548.6055660969381,1095.670148445788,152.7852408134617,-17.093135358096013,-108.25663069700151,127.56098756803787,0.0
2216,-840.2583734386819,362.98154393151225,-1736.8200296234043,-822.1058326714815,140.65817804158573,-19.045971114700027,-115.05641004925751,143.97475004005435,0.0
2217,-1291.128876092716,1958.0464347313923,-3233.623929337492,-752.4739429930239,147.58273885129017,-19.699871914780893,-111.48599684137308,143.89508251865416,0.0
2218,-88.69343722586832,3590.190121277642,-1021.0826934962096,1592.7511173593944,153.0224356967356,-16.232843197278267,-100.71345885631288,129.95712245753262,0.0
2219,402.53700679587365,1057.7798519398455,-1935.2590553410282,-35.729833818511494,157.9865067264259,-13.578916801223501,-92.76007152014533,113.2200339068338,0.0
2220,310.3445182892246,704.5070277739771,1250.3279108916254,1165.7585283815542,144.89922810223933,-23.252210023662,-102.5867352808874,132.53293119074286,0.0
2221,1577.255783982571,700.2323431220602,1073.1907917372953,1515.8394596344517,150.65991334947157,-15.901319851817295,-105.04194775436258,137.92137745875823,0.0
2222,-1014.6208770601842,-805.6583692406933,-1175.9875329848358,-412.54595844626203,149.29459359506887,-15.931437384657832,-112.56136234051249,138.33625859734414,0.0
2223,-201.84063263979542,1571.9920646402843,2175.671363227775,118.04285595246284,161.1205759871863,-15.645817182676502,-90.12134437883263,122.98950852087967,0.0
2224,1304.5396781035636,2804.9354346205378,-1479.8186085687507,1494.7699632737715,162.86812987510183,-16.056686352207468,-95.83434706570684,125.71483141081042,0.0
2225,-416.0425393143902,-905.7382117259828,-1432.6378065318538,493.41245669188464,145.50672817966063,-14.30915509799042,-115.49110006744459,134.5042290938574,0.0
2226,2046.4757772309108,627.6679168273909,-969.3919307629997,805.9510047629034,142.14494809622147,-10.636715604553487,-106.07866779141821,131.30554005374884,0.0
2227,-979.366390791356,688.2979259772588,-1156.9831673227222,-1204.7553785366938,153.18498976560133,-20.3855165100959,-101.85000429026006,130.76661647420727,0.0
2228,2215.819246393807,-1821.9551336223,-283.6665457110384,1196.8090012032033,146.48964487078445,-16.709924751540473,-110.67644153562885,132.88945510967227,0.0
2229,-597.9322176353837,1200.537212733535,-2478.587455987201,158.9309981115878,161.99265572286424,-15.886218668834516,-95.69051589164684,119.76364368213734,0.0
2230,2080.8519275939484,36.72658605004588,6.777153115417178,1311.9192711355386,153.10156175520365,-12.739417865945274,-102.99297824340651,129.18912579550317,0.0
2231,-1800.486922724054,656.8400729931167,-1780.2512255722809,-2542.282969252934,147.38908873931385,-18.519717279672786,-99.2724917667137,127.10623965448072,0.0
2232,-338.7929632217331,745.0749139454456,-1356.5659106664712,-203.2764086751259,152.13699925377662,-15.755393763500692,-103.71701350601091,122.34313236518163,0.0
2233,-952.0732008596829,-569.0160262689301,-974.4184945395448,-315.7874431995201,148.5533139099207,-14.011665157776548,-108.05435843085566,121.81758668585738,0.0
2234,-847.4205729712355,1207.967279842004,-1455.4563748177804,-1262.774542044477,152.01371856970908,-13.861122696949687,-108.77199776272217,137.3123032548904,0.0
2235,1454.6142700441865,1502.911038153276,674.1620141964478,2098.7113104566315,153.95604374223444,-6.290056233594738,-98.01180724856715,121.08101612445843,0.0
2236,-484.6293334607271,-146.58298129891847,-151.38791440205583,185.83392305459125,150.05873919058456,-20.030746483611043,-104.56827314195516,133.5867044780534,0.0
2237,-440.68531248419055,3673.7570733989755,-2373.2927297102415,697.1365246051365,152.4594769682215,-14.271625480349408,-95.05794094321776,128.84291150396112,0.0
2238,201.5877967334588,-606.2429663996808,-559.0432864076382,390.38966049719653,150.12975607614223,-14.339035295633488,-116.64633462872446,138.8000819744639,0.0
2239,920.0157011266862,-2831.5580007407434,-373.1236443376398,-322.25382963446725,146.97698452481646,-25.12932790180497,-104.6476376476393,124.44880761200554,0.0
2240,-1914.4478957734477,612.0280210609915,-2435.219954688109,-2593.4765429668632,151.72577803309446,-21.49255529086398,-112.02500427212243,137.5668938721822,0.0
2241,637.0838347075918,-349.9982330864988,-59.219452653914814,617.7647293281328,153.3487498086806,-17.37821312077414,-106.53934767434923,124.89545336907169,0.0
2242,-1168.9060067994321,293.4167867113416,-1331.2614419976635,-1229.8631760287149,140.3350746643095,-19.421091220871556,-109.25180513850388,138.8124642408306,0.0
2243,-840.329793442834,797.1181182243498,-1616.0647117613319,-1031.9226044631346,153.54029603043244,-20.176367503598954,-98.64406321973638,128.8777066143177,0.0
2244,2140.225621111839,343.985899321154,1512.6838668331222,2702.8456015914667,148.53770211327858,-16.812580786250205,-103.3760173121775,132.91718444742986,0.0
2245,-1311.5765118068573,1190.9475643124952,-1145.5934457416,-1939.0010317872814,151.91709477606872,-17.77783324576112,-105.80885380118507,128.0988549326184,0.0
2246,1591.722861137115,-901.1072869217852,1369.5173064706373,1337.2389747660202,155.25342157780187,-11.97361562997944,-94.83820618927084,124.44707559932448,0.0
2247,29.898210157451665,-1750.4678723759364,-596.625196715514,-551.270696466806,151.32011063178305,-15.152054450878994,-106.2912368307368,140.16785879674407,0.0
2248,269.31935343848653,-384.5694831533153,-2201.8577061364244,-1416.1029135361034,153.4954153093151,-18.353589980700594,-105.87025984013117,132.33304687741654,0.0
2249,-239.77460823631716,1404.2677314220643,-226.65824010502314,-132.0507976330649,155.13017481842735,-20.98461865401246,-106.78433095638977,138.2150287875228,0.0
2250,665.9301061884893,-839.6499308967184,1486.614374464195,2733.6491718611232,152.72894679664043,-18.658760887996756,-104.15490065701319,129.3434849301768,0.0
2251,-1482.8146842414276,649.0507126558384,-1269.4435802675252,-527.3615718911979,161.61235637082262,-10.00265720684876,-92.07592971729727,117.85001965848775,0.0
2252,1022.5231902346733,-1271.7196175069037,-74.32008276674993,399.49785243572524,149.32871588546243,-15.951284946283856,-108.82231349259666,134.877318351473,0.0
2253,270.01479199168136,-24.185436071177936,-1452.0561177773905,-392.7524166741997,147.78393018499517,-19.410368440375276,-109.33074167882656,138.54311045004243,0.0
2254,-1503.0494939253467,380.4010312512603,-2429.67239943103,-2040.7547128752453,149.499911756895,-16.273640999727448,-105.12856443922337,129.50921180982573,0.0
2255,351.0314299711793,-3626.8568018500905,-283.8350829747978,-1143.4095683193154,153.42412382720593,-14.20272599788616,-102.82161861799504,134.6916187301324,0.0
2256,677.5877477027934,2553.4523231703647,528.2280396219152,2419.0527336892274,148.12410382282943,-19.94884236757147,-106.22734017734257,131.35341024372477,0.0
2257,-922.7056125530731,1211.5136659734992,-136.777011683515,-1061.7464317085112,158.04171816414689,-10.793026384046659,-100.08177043196594,125.18656964099564,0.0
2258,-1367.4998639829473,-188.22101768072685,-1020.0801110291148,-1280.6835857656595,143.61729859801255,-22.506848441526618,-113.18115776924415,141.32418835269584,0.0
2259,787.8704894027425,-1196.813255717187,256.7154828875128,223.8854673347159,155.80756816088825,-18.582444838740454,-97.12059886007941,116.94925955084528,0.0
2260,-1356.3108115552568,825.9517673184927,-1762.157224654427,-2020.9129153141796,145.07222951282958,-12.677877639345557,-110.24151089848652,137.42792783406162,0.0
2261,511.45023747424716,1086.0580437886324,-2782.2089901793825,-743.9962479930701,149.37241381487206,-18.969987009405354,-105.45786873469106,135.847725749447,0.0
2262,-313.0892476412358,2095.171443535157,-2761.361282273684,-379.35357025356205,161.82870231573662,-14.947950086472293,-94.68280409551738,131.33593382447606,0.0
2263,-628.907816417522,-182.18223783369692,645.6268992627362,247.6219411833451,142.93167752842675,-18.621577727329363,-109.64047564842241,140.87829810919328,0.0
2264,22.919183962270484,1125.9083729795084,54.78186097284189,158.6417330068972,154.0947930941714,-14.66165969280049,-100.73803504014393,128.49545249527725,0.0
2265,-1188.108085286877,-2367.554245128364,-1455.3559402070598,-1740.8079956284141,154.97813823470602,-14.66202468405214,-102.87998256558157,125.19948610785545,0.0
2266,-956.6655052858401,1674.8712625984997,-1492.5709412731767,-1678.1100689939697,155.60323308918393,-16.626526561229756,-96.19646481226685,128.16194344639945,0.0
2267,681.2273218190822,4744.7558440699795,-935.4001376283971,1990.6261543296825,144.28423273327402,-19.751206217967347,-97.24802393402348,128.50331004168677,0.0
2268,-865.9500028147081,2217.9901899711494,-701.754032386056,1343.4251158995564,141.25210131065793,-19.78172346940791,-117.37320853156467,138.93274335985055,0.0
2269,-442.5288170295605,2666.125177354773,-1264.0945952332775,337.43714124821923,159.17577967831275,-9.764348212135719,-96.7480529082357,125.05864562284809,0.0
2270,-870.0221949140816,1439.963945905988,-1743.4178355390914,118.40870734687971,156.81686164987102,-14.775142445288129,-96.19690078515397,122.02091259450827,0.0
2271,223.6756939852215,1995.3729729459367,901.2094090094334,211.8592017378204,166.07051546138752,-11.047036247139843,-92.58837124419863,119.438028619292,0.0
2272,4557.757938345181,544.8575062931914,608.536592992284,2194.719796172395,155.28331521628218,-16.37884470479507,-108.7094939363126,133.97103845418883,0.0
2273,-1725.0445092189564,1032.8286536374646,-1534.465825872791,-2625.246820838064,147.4382824026089,-22.014712698782056,-106.8507887045902,126.60441062358166,0.0
2274,-1291.6757361922491,-418.6062574154502,-996.6405809638443,110.68831006338559,158.58169702177562,-22.98614724363824,-89.43096880775735,127.10238818615024,0.0
2275,102.92086125969774,-1198.1135315847152,-1309.1663074983092,-771.5344815008664,147.970669021414,-18.35433278801171,-110.16321093102292,141.4815702599395,0.0
2276,163.95543108837884,541.3703401186067,-342.39138956082024,799.8068109518159,165.77601152801478,-11.059610292220828,-84.62625845908038,123.11356490444962,0.0
2277,175.3263664543205,1725.1147650086882,788.4361278876756,306.68267995514685,158.39829610545965,-11.764563952466977,-89.78522352257089,127.9005745102545,0.0
2278,175.58706189080752,2630.509246398313,-3366.4793590569725,-781.5745577026756,153.26426509416748,-17.805460088358444,-102.38267324566085,134.06072699268455,0.0
2279,-1809.1699607347464,438.54998661240444,-1345.6042787094714,-2222.882876213218,147.44209495573037,-20.06549296256736,-115.48668473301545,135.1605453390777,0.0
2280,28.06769889868295,1078.3648640242156,-495.66867415408456,344.5537686836141,156.44759105702843,-15.20695912544407,-102.22421469096648,128.92682886562875,0.0
2281,-931.6868741815273,985.0299684899913,-1581.740707796132,-1282.4714966259392,145.4371349991944,-14.921501940316118,-111.10179087372178,137.20935132061018,0.0
2282,-477.2401245194727,303.01437108577977,-414.35297713602876,-9.31464092262544,159.0250415037008,-12.566479983310764,-98.86777428898078,108.92353768606776,0.0
2283,1080.711047180471,-374.17438885611284,-824.9586150313899,515.3774060687956,155.71304414638456,-14.57845899320414,-109.23567766190787,136.55762377840253,0.0
2284,-533.1768261850406,1183.6102374601971,-1481.2296135739473,-817.3397265942174,146.6549928069073,-10.014733986758406,-109.34275867237207,136.95772741655534,0.0
2285,-787.3602520622475,-1861.7551404699261,-979.9815307052213,-1023.903581333154,155.32866093649875,-15.593252594618031,-96.8280927945955,115.09040121570192,0.0
2286,-498.44208988226364,1342.6157996537577,-1002.2257825615521,-709.8852419854668,156.8977218335735,-20.647676660858483,-100.34543010042994,125.02930545999457,0.0
2287,-450.47170850396157,1337.4186154931283,116.92979734128893,-371.5377336747041,142.2932390206991,-16.78871678663776,-116.35101874617419,139.2520518059329,0.0
2288,1218.381424298001,-825.9116744139742,-448.0100994653161,997.2890490504228,158.908130536834,-11.275132568839147,-100.30928252785412,130.42442062882802,0.0
2289,108.02738391169761,1053.8594966348742,-995.9109930764641,264.8451999265054,164.0467962777205,-12.079953782688104,-99.96052231687274,124.5795472900434,0.0
2290,1698.232048912444,-685.2225369680409,1496.6612068847205,1626.2141483387743,162.2395891526857,-12.626458268140194,-97.17655751739491,121.47111899045171,0.0
2291,53.15316738201834,131.74965944569965,-135.98612060731392,351.1954142769519,156.2386232407404,-15.916863888239748,-104.55149351536964,133.88123929365545,0.0
2292,-340.5006663562709,-111.62472682665631,-1247.6322455302636,375.15635473417024,152.9306148781668,-9.837280861860771,-99.5530725500785,131.7665623602843,0.0
2293,-1529.419270614976,544.9511025476364,-1446.0586931915043,-1884.7416409044024,152.4929666040997,-19.72680087200442,-104.82319278954503,119.11081705412177,0.0
2294,-1114.219831969193,376.9414592066123,-1317.0576164327433,-1246.2653811745413,153.56338857909844,-19.098516036032816,-95.19388946395163,125.21677762398053,0.0
2295,2120.4584432693837,2737.105061601964,-641.3852149575565,1761.909831561278,150.33470680511996,-12.174864581186005,-97.68500596984602,129.7267271178236,0.0
2296,-742.9503217838405,163.05128228969525,-789.9750243359584,-479.48718551001525,155.6614390527854,-11.475364453504802,-95.21098156813721,126.24583968095229,0.0
2297,522.3987419427241,2003.389278767168,-447.869713940251,1435.7234016722334,159.92167070123514,-15.061766551326397,-99.71585839038784,121.0178748083788,0.0
2298,-1688.6344372148474,556.348934345239,2360.029306878039,-2738.9791616803764,152.28724595186605,-16.665697076492133,-101.93228533977799,132.8514156502948,0.0
2299,1310.514685758708,3032.961684935147,-70.33240460512543,2321.5388416780183,158.93239101910575,-16.853718266292464,-97.14592071797486,123.50598245625467,0.0
2300,305.07467003120894,2210.4462594018382,-2696.9825181035203,243.55352283112154,155.88193835255913,-17.047054654761833,-109.01341561361001,137.23880103368575,0.0
2301,-450.3810763224218,160.30168328017024,-2195.8948758451697,-804.9430827025726,153.92198627174216,-14.694934463502282,-110.57647118057685,130.7791840048247,0.0
2302,-264.9685272917629,-91.9835526319257,-385.97782245422604,449.47947012294844,154.7093270362911,-14.910437059786112,-104.93135040894192,122.09627380389347,0.0
2303,939.1112577742097,474.0716297365858,1033.2661338242378,2243.8590533726074,161.0705109264635,-13.071313138262123,-89.82593543402777,124.84365025662244,0.0
2304,-71.81009890215309,1909.3076353039712,-1134.5224867052402,1222.8423869793196,148.5128880821243,-19.45447747529003,-106.82635225830363,130.32683345163335,0.0
2305,684.1792887226427,2084.5343466474433,-2144.980399817412,206.08002415164933,150.8409830799807,-15.189067557168293,-98.79014338069696,120.28254172887199,0.0
2306,-886.5057763717963,804.2350108411764,112.6816621532709,-777.2148876816789,155.71268807430798,-22.615726040486344,-99.58627380828173,128.4199004353639,0.0
2307,-253.137413722166,913.3212851853737,369.7482702931242,261.576857282638,142.41547231211686,-21.909749615226232,-123.57731613354946,144.0020104736748,0.0
2308,377.20594359036033,-58.44769191244984,-1508.5915056343738,694.9232613396244,154.14792615554683,-20.95057988221846,-94.40650343416509,119.7428594391798,0.0
2309,-1040.6156733540154,1028.453095628688,-1264.146779492935,-1373.968439854074,142.27047162135528,-16.02461763176971,-107.52903120555234,133.3342995993,0.0
2310,1740.601805435825,931.764644819821,-222.34282546161003,959.1646678390243,156.10534194040977,-12.776247506551579,-94.6950712767088,113.4310628534069,0.0
2311,-340.3208457287722,639.7568223887664,-87.26660001700654,66.13326759654721,152.92958350667718,-19.066629514127285,-104.03523239301884,127.67973123942777,0.0
2312,-443.09805917103773,2011.9422561838098,-462.26755002529336,1058.6259443982358,143.14262448307025,-17.939516094404127,-107.90151039311635,141.80743592855066,0.0
2313,-1191.3623627610987,761.639723902289,-1348.7387086266117,-1390.499581680873,149.77110394694856,-16.896500266036448,-102.71688037515975,128.77446075846922,0.0
2314,985.8113198398906,1400.6240588047972,-1282.6909958272954,955.5905117904233,144.33117888739855,-17.969610486284623,-105.38905993851971,129.05663175803187,0.0
2315,763.7115769218794,-2103.401329759199,-360.3232677645942,93.64389719425975,149.42053247331629,-16.969372089182844,-108.0569744634781,133.2229894641246,0.0
2316,-415.93769287035866,-776.4438912501491,-2036.4233059415906,-1464.7631188227158,155.04959082014352,-17.58754604530908,-102.57942368906319,124.02448957624378,0.0
2317,75.24282345039039,1182.173453800899,824.2536443327115,438.04953865329213,157.73812637961038,-12.399403342696353,-100.18483619813112,125.19431974608437,0.0
2318,148.8268608781766,257.6000341585921,-948.7277701856441,746.9200135698281,152.82854753886042,-19.92992644268548,-103.91991623524305,134.18149527111336,0.0
2319,-511.44473641833775,1305.629291568218,-831.056279007202,-650.6372663520352,152.3833480105399,-17.28094383894147,-106.65608240972219,132.7012992957833,0.0
2320,-1228.7352288518491,1007.5559955966397,-994.88044098574,-1584.0600298602428,159.2820528216068,-16.177476570640074,-98.26391394958966,126.40389830049686,0.0
2321,54.153463545924794,-846.2634715409563,121.7792914797094,1455.7907202280423,152.3538172267224,-17.541698768087077,-105.99961269153611,123.34278313766261,0.0
2322,214.1293193720804,1380.870776297823,-571.4144095483493,353.33044136184856,148.95537491441567,-13.348022776137702,-108.93989609214917,138.62664571756983,0.0
2323,2311.2208418770533,162.2506713947484,-34.93670634011096,1612.6049032490282,150.6237061778443,-17.92330002706554,-101.14234655883575,127.88921783205713,0.0
2324,-921.0335133882868,259.2417256821484,-707.8275853730274,-849.9698823614947,148.42862829588708,-14.235260542242544,-101.08893783598732,131.49250635609226,0.0
2325,-751.300384243153,1439.3108617643597,-1039.7192749089445,-1151.316707476765,154.1500910880914,-15.558315320593685,-106.28516553891055,127.08461629995698,0.0
2326,653.2721648230064,51.071418371368296,-1071.9799544476675,41.15935070880056,150.98880176310664,-17.30063543809901,-104.8768935189856,124.81839367967304,0.0
2327,-818.5456948568018,966.5273642860863,-1257.1819973472998,-1001.0813070014924,144.98226201739752,-16.477202832499696,-108.15376414673888,129.25354645680287,0.0
2328,2634.1144744565186,3524.344922738143,1394.7090148242658,3991.7484672827914,152.0683365053513,-12.550683456994573,-101.40833981356361,125.8693097492292,0.0
2329,-889.789966631949,1351.4684172530635,-1396.5182135122843,422.5648128420178,160.37234844971698,-13.667315283173172,-96.47870971730468,131.8903780261243,0.0
2330,172.7855505036752,543.2518990759647,1560.9952172181124,1084.9287245308058,149.3054706628051,-16.063283021634195,-100.83419882266251,128.4153248259428,0.0
2331,-164.53878997345095,1200.284529170608,20.969196098390807,46.34612582337299,150.14103368504175,-19.905283273544025,-98.58108837962911,125.46527382812688,0.0
2332,-987.8293588044788,-288.36075898772896,-1030.0940159131997,-708.6833844900605,153.6381187906509,-18.727284806116792,-106.77036083364932,132.07938749529444,0.0
2333,-699.1967957944848,581.4409342222585,454.9476364287838,-250.44188810526543,141.46094173230563,-21.782767640991175,-100.4173891941513,125.99171468986115,0.0
2334,-1036.8172821996088,207.77244451311446,-3410.8064839702765,-1660.9645435010318,155.52329750148172,-12.81110990411097,-95.09830511184703,119.3926489445679,0.0
2335,-309.2949098410511,1796.1770197177786,-1899.9111335987602,7.25370058769661,163.62625434828797,-14.812005219946936,-92.76314813012384,119.95123177318197,0.0
2336,-541.9065717229594,388.16607849220634,1414.7700133108103,172.50378753219135,150.6273743914306,-12.192402791072446,-107.97648775108964,128.10081120672436,0.0
2337,2009.924238487668,1677.3744783646032,-1361.2183742654481,898.9291489709406,155.7757385696716,-15.39126725133324,-93.40518094908649,126.19814078968126,0.0
2338,-1813.4552913985403,582.3184301571603,-2141.5283838404343,-2424.895190013463,157.63021213505755,-9.275404327259192,-107.47087361570182,133.7909668353394,0.0
2339,-1090.9297013961495,35.591986939371075,-1691.1455444450621,-1069.5052859939867,165.00113958671375,-15.038831928913993,-93.75179407904483,120.5637924482246,0.0
2340,-157.0120467668869,1254.6946177026502,8.90022152015747,25.854870264712403,147.60615796327446,-16.572136061562208,-108.3194058708257,137.35203817048406,0.0
2341,-1317.577328161614,679.8018607657287,-1241.5240294207279,-1600.6484352945658,148.90437814063827,-10.185394278876053,-104.97031207026401,128.97599982393047,0.0
2342,1866.171061856464,4614.2549603486905,554.896284671568,2691.3291645332274,152.3123371510076,-10.38812598678689,-102.64901318594372,121.5357980583902,0.0
2343,121.38856376609668,6.172180392446148,-657.7057657408393,211.17642478938842,155.239242942814,-15.095775957284609,-95.41775220052662,129.51413575442473,0.0
2344,-1700.2871760611747,1228.9610330735259,-2007.7573515486652,-2761.6270752485184,150.75097406014953,-22.32764727558901,-104.46542570854692,128.22293722555492,0.0
2345,29.23595486165492,-1366.2592078551952,-1891.553053474803,-994.0659445421952,157.5563536836662,-9.650953322075125,-93.99585992936721,120.78505638971463,0.0
2346,1821.7441739831845,-699.8018748867908,-362.62660158268443,1302.5223537167496,155.7969127544561,-14.390571035971018,-109.2940393347711,136.7198800044223,0.0
2347,-982.0715369578804,858.4524560597687,-175.59882237475048,-1021.9692382998128,148.7232452034929,-18.242124858649632,-107.83688704443676,128.609688427794,0.0
2348,1451.127268044782,-59.314037708039976,-37.431398013923335,759.8776355935119,147.9543973263386,-18.24354636216132,-107.92959471654999,130.270284647359,0.0
2349,1814.088703436348,2875.910673842952,-103.8942573275882,1881.9498226681485,154.93198879583872,-14.213009135564327,-88.94324249265377,125.8969568453977,0.0
2350,-134.08250439398878,2525.153120070069,-1123.8368365647116,980.5327005174329,160.96410748574291,-11.548243484798867,-93.63102638358161,122.34713515421193,0.0
2351,-1960.9352209800413,1235.6539709129638,-1465.1264238202302,-2910.197061706964,157.92765711765898,-19.680771996912917,-89.29042753630158,120.10142318385815,0.0
2352,-998.086696175843,-500.3587346530906,-858.9236236542108,-435.68510339801463,151.06955751092755,-13.913853066017289,-104.32777406924662,126.17228491329587,0.0
2353,-1301.4399639145797,2220.689922174698,-559.254585527888,-2356.6174142939667,156.60996733755184,-18.930163451170944,-96.80776883557633,128.29066299200034,0.0
2354,2192.7768987141244,266.3191616469707,1874.162820140919,3427.4960228948657,147.2975786572895,-17.961861867784776,-109.17989370001507,140.1979162579684,0.0
2355,-183.61848878256382,3638.127065794516,-1659.211762499453,941.666732032972,153.78067944592405,-20.0359879856085,-107.29579862942579,126.9872880850284,0.0
2356,-395.86973418242604,-156.47300233453836,-722.0130470783474,-82.62731895697497,145.70744585271197,-17.119638286449028,-111.72400028472117,129.36410730958144,0.0
2357,-87.20598707092026,134.40389154932248,-1374.5005321186525,-283.8838624921213,157.68734602828246,-11.315339860687065,-110.09395303966474,131.68771496444367,0.0
2358,-940.4586631343403,195.26336406751938,-3057.7224932215604,-1520.5207659505154,157.5778285319022,-10.817634611594897,-106.62433420915143,133.48357912289217,0.0
2359,-152.86083556357704,4.15311110243678,158.07677926073606,720.3019711957403,163.02499567071604,-12.507150839053066,-89.41049769090358,124.73887859152357,0.0
2360,-308.3959616934392,256.08186130868603,326.71997704082486,354.9239951152731,155.83203180064177,-15.518520424073557,-100.20388087241915,123.45108217879533,0.0
2361,1775.8068104406848,3786.6215574029734,-521.2917338975492,2025.2279725058897,156.1020884845401,-20.181146268935432,-95.6365483430526,123.33551591354313,0.0
2362,1838.7994904548307,2272.8739074487567,-765.198770994035,1836.03172390579,154.83229109574762,-15.93445610673399,-98.71704959068745,121.08826445225606,0.0
2363,943.2482507793454,1897.7222071297729,-212.91477842426102,1512.6782245039117,150.25250976108205,-17.22986367815963,-110.70355930751748,125.94303798060936,0.0
2364,-67.18561584108892,524.0324641595433,-215.29192242289471,1242.713139935665,165.21784590619885,-7.732919233531794,-100.38270099752849,117.4873675845851,0.0
2365,187.00790814428706,1.2851847879202905,-953.1747229270313,-48.6537081194102,154.92749555700124,-9.661590412354997,-101.46623015146461,135.57770437673148,0.0
2366,1570.995356067526,-24.857759646790345,448.5713953232025,1262.634158896811,158.07484944736515,-11.812971077878629,-101.15350583421657,133.05451063302758,0.0
2367,-1142.9204266917095,1508.7316882206155,-2024.7369260708151,-1963.0407487838195,152.67977017927157,-13.364340469813008,-106.50915011302777,128.74177028339307,0.0
2368,288.67010455344143,2237.892710598554,-1542.1170215776624,1450.3567525501778,143.5889949078816,-19.11861131533062,-105.65730245024936,128.94767313174307,0.0
2369,-151.79168838742478,1211.602890369679,-101.483938855137,-80.12624749257688,150.76348237461374,-11.830245523351365,-99.67582033351744,135.63439321879144,0.0
2370,86.36853898384223,-545.6337560784862,-1420.984595696619,-684.0833958371485,142.97372773503642,-17.85609975361178,-108.97198918806777,126.86191360532335,0.0
2371,-1024.8110215522051,3080.9386675405563,-2970.0068235744293,-412.0182148020674,149.8025806484478,-15.6585765910049,-104.62106728548369,129.3087294537027,0.0
2372,1086.1443254709855,2006.946994935866,423.45805098803885,1756.9956600134187,152.97706312301054,-14.144840585603086,-108.57208395370508,129.7422170750915,0.0
2373,1105.2461164956546,-1306.899648607794,-944.751265745354,-747.5123088584568,149.79328411275495,-16.183345294300803,-110.2578386972196,128.1608344738507,0.0
2374,2608.375913343952,694.5580248604109,2522.4082033314967,3890.1321675923127,145.41574858155872,-21.698534233630035,-108.11912150659109,135.310109980619,0.0
2375,-127.12386466498579,86.35884280329765,785.6750843810579,-3043.502688294175,155.19763266738144,-8.511325595651204,-97.72479035791166,125.09972935219012,0.0
2376,2493.5132744429743,1628.1233372728848,-79.33038528825612,1691.7045655660008,165.8882137375121,-15.647859332032874,-94.8581801940587,130.57983919946597,0.0
2377,-1149.8871520194234,1665.751933868605,-1448.2661547562277,-1937.6454223699407,147.93650276671272,-19.02526731098214,-113.78038956049161,136.45426761658,0.0
2378,2751.279443014215,-1220.3077648254223,-1119.0985265511586,188.79653774880492,158.04605267364727,-16.234962484860503,-105.42561276671516,137.73964128482496,0.0
2379,1594.9383956863417,541.7733657674087,-812.1607673155794,771.6558553371289,154.0755785745839,-15.961757826281378,-102.06140216761706,120.5516903202699,0.0
2380,829.1459015383142,4466.1968431119785,-1056.1802091246236,1395.1064416467752,154.25375266252092,-16.928424750775616,-99.18025483799042,129.64134147858596,0.0
2381,2831.5683074893245,1703.7225346921268,229.39652208173158,2085.77677943483,147.56851675368966,-18.198582156545132,-102.7231869943587,139.8560109926512,0.0
2382,-179.33779721671894,1647.9556734400196,-2679.35700904215,32.303931522649506,145.72049179934663,-11.696772871989175,-104.96395823074465,131.90297047693014,0.0
2383,3629.912112020579,3268.971323941254,2293.9929973091016,4034.4969826696824,147.33408998513272,-16.602788259103384,-98.97218358971904,140.6636014025034,0.0
2384,1610.0406073450172,3473.816850519842,1424.355377825761,3605.721423411069,145.07837647648847,-21.6854169287978,-117.10315835964337,135.88338815166875,0.0
2385,70.17992447648919,940.0189225384973,-108.47368264588361,472.63964159262974,158.75057310611822,-17.68759968146018,-110.66970611773021,137.85590916059473,0.0
2386,30.02109172257976,395.93694289444574,-1684.255929610866,-128.02646492480685,148.75680017821065,-18.342829144753168,-98.82897213896102,133.55972163015164,0.0
2387,-2673.3465537274687,4.367493156417734,-2517.966907923373,-3481.3491174794544,157.20943195859755,-14.27900153762146,-102.7559410796231,138.428587424871,0.0
2388,-1097.2595148297821,1130.496372580748,-2495.4044207551383,-739.0819552767636,148.68742279993688,-13.93403529163529,-99.69496429015298,130.84374043439007,0.0
2389,-260.78095061034264,-741.294708540795,-610.7490986680169,710.8458269446435,159.187390709193,-9.20966651792665,-102.81863570429842,126.35391805496583,0.0
2390,1450.6021908386701,2138.663994223108,-270.68901492237507,1713.1119479368745,159.33935213427486,-10.550644935249402,-104.67138984536302,129.24852224818355,0.0
2391,425.33434149607695,-1481.4926657296135,-943.8925752008122,-710.6175242446341,142.46042067313084,-21.367155272071805,-113.22573648268457,133.7253924655211,0.0
2392,-432.96333695779225,-1593.5977437419867,-2459.906121351218,-1596.560003391291,155.99367868354966,-19.83694227715458,-104.8686933078597,129.1065656192083,0.0
2393,-186.66990461014518,1306.5691491339376,-258.8303167441624,-78.57167471655528,157.16412412349996,-17.627461416449787,-99.2365777764834,127.88374962487433,0.0
2394,-369.35969693008605,376.54504615713125,-2263.679382206573,-475.9269624904003,144.83399488155445,-16.1640843609131,-109.33983969010309,130.56281266822552,0.0
2395,-931.9688859290765,1069.119024086115,-189.5762432618798,-1125.9222045402157,156.34217043500195,-14.314289970621749,-98.06852881083012,133.13825596675986,0.0
2396,1414.1954880587941,-2001.7865230991474,-1605.1848228034253,-974.1993554516894,150.15188858931793,-11.747540208154984,-105.88007443758491,139.44113634351635,0.0
2397,3227.6544026629463,893.8055613103827,-391.7811249014252,1610.7236376954686,153.8846004007334,-11.202512851272687,-96.01097874319099,134.4166937846902,0.0
2398,-1004.0702110405838,52.663470225393404,-1248.4360446562112,-863.1823890048056,155.2632522761651,-13.088310880865885,-103.8024910094859,135.54686404999921,0.0
2399,-683.0232243718503,546.2463327394651,-856.5280696223189,-484.43339132376315,154.9425560952764,-15.926235609580381,-105.76566783768743,134.12846912289754,0.0
2400,-753.7162087846062,4841.8717962223445,-3559.9942818126433,512.2045765727214,159.08560576141988,-16.63768148768222,-96.18990300332715,124.50794580612497,0.0
2401,-397.5001731853142,966.2015614688177,-1531.8285340317138,-466.8447012156319,153.14083143617881,-13.508907470444212,-100.27821321619555,131.1825952701703,0.0
2402,-655.0597793935839,1862.143792771187,612.5783648559669,-867.7633240378872,148.3317707188993,-18.619684318620678,-104.1696537515558,131.99729268312444,0.0
2403,1348.8301203994924,1931.0877630622404,-1456.4696297074786,946.4657720487658,161.42324062402685,-9.390460614722528,-109.80959880417096,128.96420249877525,0.0
2404,145.44289023141008,1762.7899364335958,-3209.9964858589387,-321.71274885105333,148.1641052384855,-15.387380241537466,-105.44997068639628,129.93273014713512,0.0
2405,536.801275719815,1159.7997273315477,-359.6733729788546,1106.804765444573,148.03113122576116,-16.636818540311758,-108.14367791028155,135.69544401454613,0.0
2406,1963.2710795707512,2275.0133340591733,99.02420166962574,1961.4980396639726,151.08820824770248,-21.11590269024687,-97.40175460902873,137.12602849759136,0.0
2407,-759.670795088023,3339.949808428748,-2346.4306891937313,309.75548880525116,150.4346221851319,-14.997843436613431,-100.9958059082441,126.06155706271824,0.0
2408,598.1752649489634,2012.9979840061567,-1282.1511416838002,641.4548643634754,151.5131871112289,-22.68675927781328,-97.85971937918514,128.01135937745838,0.0
2409,-1112.9808743554613,1330.0940509092468,-2838.7953642478874,-1902.351090599854,153.7580539976276,-15.0475992230032,-102.10932191249391,125.34307303798668,0.0
2410,373.3457644217101,-210.65178398522576,-188.28959834983888,383.4618420327874,151.1459476732349,-16.161616571070645,-99.01998506653193,132.31316840849826,0.0
2411,1304.4107131334188,1196.505393098973,-636.2893525068675,1098.1940517360224,160.94885019762197,-14.918970537037548,-96.54717008875676,134.32749223193042,0.0
2412,-1069.0663582882892,1532.547938320909,-370.0955090571603,-1548.6048585084243,151.46487747557632,-13.400923268858204,-112.55556389689858,135.77765152044873,0.0
2413,-871.4266698383212,777.3989964447184,-483.9209451278416,-977.2435536766924,148.3108588302843,-12.856130574161547,-99.65439603763562,130.60844022485236,0.0
2414,-1394.961753951859,1360.1234841655498,-1387.3919007526179,-2198.950678399872,152.63768748564468,-13.8885026403681,-102.17807472929023,123.6560619587674,0.0
2415,143.52426199010992,-935.978052947394,-119.65353791672146,480.0246861168162,156.1640605494716,-14.578303540023425,-103.31154584671307,125.92046583054663,0.0
2416,-703.3709798224199,515.1928390234664,-1916.4822803089105,-95.822767622645,152.2968324266429,-24.720117339186707,-100.43418047911399,124.12055433738668,0.0
2417,-1572.2788182731833,-10.663445176028052,-2037.32270879902,-1657.4872331722045,155.53666838558658,-14.812682701057529,-104.18580708036804,130.01274728943326,0.0
2418,494.7299153692961,474.5821707130363,1705.3309964804666,1935.4121109568016,149.60740501571,-14.752661840886034,-109.30106363564028,143.37921866593382,0.0
2419,-518.1282594696532,1292.1707953025693,-1408.8449571820781,-688.5753103779348,147.29920920331682,-20.21161315240495,-105.04616542286905,127.7649590702516,0.0
2420,2678.7051301919632,2643.209836246635,-909.4675364996348,1778.72194445881,155.06190132337395,-18.15831167704394,-93.9919380390652,118.00025153718377,0.0
2421,-91.78284310438067,268.46174299329266,-1507.6703185495533,282.7312220850096,146.588044856202,-16.97802288005686,-102.9027757422736,130.947369135924,0.0
2422,-1473.7811556130812,-606.8263843935723,-647.464190598461,-210.6502117122743,151.26760529108628,-15.933513129140119,-107.19282364767832,138.1751609378688,0.0
2423,1142.2419980401135,1945.3639549298898,1073.8879485344182,1886.65862429566,144.638630031699,-17.010809682080637,-107.03488304621109,134.74572154817187,0.0
2424,289.54422929288285,-707.9532984277705,-1060.7710458732213,79.11858286884802,146.37863567978218,-14.988086234205696,-107.57911912132091,136.674527002647,0.0
2425,-959.5233899318231,-506.85908602223026,-800.8317971384946,-328.20685811050043,148.61457489460855,-13.210033144088143,-100.55090009860488,128.88659052061223,0.0
2426,4590.9798235245635,1725.8349770763948,1397.2761078847464,3442.3838846951176,158.28480446301862,-16.023036438010372,-101.44342976384509,128.37852556117943,0.0
2427,3601.8717673730953,1267.52780086547,891.1696302283074,2359.289301580628,152.71856672679885,-12.642499410917948,-106.00746932447286,132.99583539796038,0.0
2428,1711.7605842136766,224.66311787890214,-280.64866135324394,1167.6380003039496,155.31603411007222,-15.233989272212087,-101.50323374045738,121.14700276253932,0.0
2429,1561.8682616199358,-1492.666943445081,869.2939239777311,904.6602036804089,152.87739304977472,-10.987201668786142,-105.28021591419287,131.4041502450437,0.0
2430,-1273.1063555194014,815.014610735265,407.43917672314575,-1371.7119311116369,151.57404486235342,-16.161156255968255,-100.6033220042065,123.61150428480266,0.0
2431,862.9133533928624,2568.3590007643866,-995.826886134856,1824.9768231679902,155.07091902779752,-15.770383355699575,-102.10282855459627,118.52286743599376,0.0
2432,-378.4767013356915,789.8660542454528,-742.0487045902964,-222.25862627817475,150.40253925029336,-20.609116972162486,-105.07055447235679,132.18917808473904,0.0
2433,-1769.2414827341906,1665.095596114951,-2572.7224563120826,-2998.555668675794,159.84166112635103,-11.219315297725304,-103.52616602167731,137.771206986939,0.0
2434,-11.027193966783432,1264.0543043374707,829.0481894365307,1253.1725712804991,149.90817811876016,-16.86402421768458,-111.43214380187304,139.02574081282782,0.0
2435,2197.9169443792607,775.2202050869867,1327.2769193207785,2399.96208884697,142.52021715371941,-13.718975761450452,-108.35027405976774,140.56578148132928,0.0
2436,188.85650420648648,-626.4413458077333,51.4013742425027,653.4184492415426,155.4132178123616,-13.785638342961828,-107.00357011451769,128.4890855168261,0.0
2437,-1118.366725293057,1049.8263493153866,-674.2851620890701,-1449.8013121437389,154.19825009320365,-17.367405804315723,-97.70159449050375,124.0508585006477,0.0
2438,-825.1575998084396,456.99215026103883,-1708.8688589967458,-915.7042913954549,150.58933278369207,-11.854813247136603,-107.15087480070466,136.26900288656992,0.0
2439,-247.5499305968962,93.58292096033676,948.0455935180081,622.3400708391442,147.29523344642038,-20.398665615011335,-108.79228799122566,135.12012057554406,0.0
2440,1032.212549821847,-236.06080501839415,-929.8403772623482,747.2062905188947,140.93742637816098,-23.93344313815156,-112.31305808781566,133.31833782321362,0.0
2441,-976.0019517701942,-1383.607642217404,-3312.0600591835555,-2247.3871249274484,142.78124445721403,-17.23525013934134,-105.63966707074496,127.07803672872521,0.0
2442,-1457.4646608033654,139.1372024461382,-1419.3781200988044,-1668.1881879685518,159.61742110032975,-8.184339907017577,-105.44154418507374,133.9265817345095,0.0
2443,1002.3663244586392,299.15957667651594,-886.0168664517828,1129.7141822617234,151.58672778023907,-13.809528194212415,-112.66169538109668,142.77411624240628,0.0
2444,34.888152661773866,1426.1059764552376,-933.6891211378069,165.25760610540226,156.26033838938142,-21.053855487152457,-94.91832978052997,131.80991960443714,0.0
2445,-748.7798884682952,1358.986262720487,589.5765601149491,-712.8663361046063,144.00710195300874,-19.36298405873209,-115.15037604864101,143.99616710951398,0.0
2446,1463.8331183286032,1502.781943457002,-592.6634886993447,1065.008770704087,148.15180133509594,-19.360642171479377,-105.45967873117836,130.29604665829115,0.0
2447,3305.7671839635623,222.9819072703914,-133.95469327617442,1148.668559064885,152.95816403610544,-21.66279708726359,-93.37051014001885,128.9706086667675,0.0
2448,-582.6812290344299,-1069.0175977525723,-729.0305475972016,466.8251524116815,150.5412297127015,-20.40675591807504,-100.18759632442863,145.03041765285337,0.0
2449,-1549.9736339975452,2049.5195536337237,-1529.9213514513406,-2793.3261551676533,149.04140717779836,-17.150264767398255,-105.33065430730943,131.59682310448548,0.0
2450,-139.5703974042228,92.39601296439035,-376.88215480554254,549.9757558242528,150.71710218195878,-15.529277657264693,-107.65285750021626,126.80413263700393,0.0
2451,5.665410199929166,1360.278412954836,24.576583814102094,220.51898655856175,146.30086137834553,-17.16541487392827,-125.13760062524489,143.26766596792334,0.0
2452,1136.9226526661696,2046.650292602744,927.4726790560243,2110.151377384288,157.73126449124723,-11.337420648639936,-95.6373457738046,118.85484288288973,0.0
2453,914.3728153211324,3965.749828954561,-616.054792858791,2300.7791150596613,149.4151897911973,-12.385831651824915,-99.3257911843553,132.30992428144157,0.0
2454,220.22672521128644,471.52181393917704,-217.33981224307936,1633.5155908800218,160.12034080728392,-15.219744172061866,-96.29136944298156,121.13478736011854,0.0
2455,-1530.1545867627335,-953.4721908493573,-1517.9105333839605,-1209.4575548476112,143.61753462877564,-16.481354607481197,-115.6078117144147,142.79899766633537,0.0
2456,-384.7541046883307,-787.2003340290497,-145.26205700268508,401.95510176034753,153.30223281278126,-14.383213721023177,-102.41003739944028,130.26929451122245,0.0
2457,711.0231155607491,1080.5026370389899,347.88347656022523,1615.5356836096196,143.12041187485872,-17.236321872870064,-106.9805724036313,129.0698443091159,0.0
2458,227.55626413382606,1840.519710858069,-97.51009766939619,1322.4981817661949,152.21913067588204,-13.223208514763884,-103.70725031164787,121.9496045329424,0.0
2459,-1288.542211615903,578.9115653609258,-838.2077936414572,-1555.5819168453688,149.45770386136445,-19.901243393854784,-109.01419330342898,124.84159469976116,0.0
2460,1640.0726876826814,-1097.9986800578881,-795.8481787719638,737.6848205871312,145.68821255307046,-19.305802843704203,-116.44226673861407,130.93698408382195,0.0
2461,758.6955586684139,3254.1143540735466,-1716.3170881871665,454.7127251320485,147.59450296617152,-21.2138105885942,-108.74249337175827,140.12536579097315,0.0
2462,-2281.015326717854,-20.079907663462137,-4590.954181972495,-3183.4344431716636,145.7360368748264,-18.89347381885393,-105.08664297843029,136.28608243523044,0.0
2463,1527.0682512825738,2214.656724134584,-396.3248324465367,1831.2668264287145,165.107357018884,-11.024030907684423,-101.12377367987463,120.21718953246318,0.0
2464,104.05153705004254,1232.6073222281925,-600.9195166407873,292.99351471320756,151.67692235157944,-9.60810525332862,-106.48049568494564,130.59987622550997,0.0
2465,-22.87396586486975,-781.3647611042825,589.6937219601263,1377.3269415246573,152.17605310282738,-20.222476745347038,-113.71646346226423,142.75821310319307,0.0
2466,1328.3169393448889,3464.4787574955217,1334.3038749185291,3526.727804106098,144.5723747902908,-20.154443861409447,-108.69859590169038,133.77481215920926,0.0
2467,-1564.6046876038943,1162.9346389321763,-1156.0181730027791,-2287.9067490110124,161.6935025356725,-14.567342578038579,-94.62870611078193,116.64907954593663,0.0
2468,40.03495497784998,-639.7644641340529,-1251.6249315296113,-743.1984490927666,146.5158758179163,-22.45885018005898,-108.9225836009264,132.38190686814445,0.0
2469,-1859.9017264711588,404.47773082309385,-1545.7327353211913,-2230.7500207385856,147.39695273749868,-13.60183041551099,-105.99238540092283,133.20993196581745,0.0
2470,-382.1616531927048,-716.425581571647,-1820.2360186354717,-1005.7353551081361,154.92364417463992,-13.183090668067983,-98.06769160344848,122.781341723548,0.0
2471,-1115.3581511613975,-424.7403485417977,-839.4736367003609,-683.911780727122,150.42045231384333,-17.68098088579417,-109.76884061598724,138.81040901879723,0.0
2472,-377.506225958467,2049.4642894921376,-676.8552031911653,-879.6749881168219,148.50872782614837,-15.97071289991818,-109.19350731295214,137.13033829096227,0.0
2473,148.95573608026734,2846.6185294586458,-2120.6515343471583,314.9354848036565,149.2408655182511,-25.539301095559267,-105.20574342651912,131.2818025659472,0.0
2474,-491.55521589561704,1209.5557207425406,-827.7528378076765,-520.4396164565179,150.16252778214212,-18.964402259873683,-102.24453414909397,118.74129507635716,0.0
2475,-732.3282906982904,-12.804506401686734,-2234.8123750980208,-659.576779114544,149.91745982265425,-16.342615657291276,-109.76953140761461,136.92283448111527,0.0
2476,264.9511278450389,410.821299567775,-1108.8494364662286,116.42866694395002,153.52493580541434,-16.751675456778873,-111.15466042642295,134.69089840845706,0.0
2477,-1426.6993358113705,501.29684979169485,-1415.8160512918907,-1635.6904976772373,150.81044406640055,-17.739416922168648,-104.85756399724946,136.03282117538504,0.0
2478,-653.9974158344586,1034.9818552004522,-662.3539779729143,-724.5167094814706,151.70343819356665,-14.66316448887116,-101.70496969697469,119.56376846945919,0.0
2479,665.53994173631,1632.4063751879296,-505.2465055196229,1012.4628933925859,143.25899147091232,-17.48350986545078,-108.60642321783857,138.22215989194254,0.0
2480,-493.22824936448467,837.9137932445407,-664.5665523221523,-398.35800763160574,149.11863095012006,-12.74130583987949,-106.78624493786718,134.84177949335597,0.0
2481,776.9698022350832,-800.7925260065464,1136.5662671255627,1088.8675650976681,158.31633212260485,-20.459960816845065,-92.72221461212567,116.70383273606296,0.0
2482,-1498.5734176149635,-1144.6509948319565,-1850.6859383460533,-962.8403668013511,153.75077328868505,-23.353650856940675,-99.09763747386441,125.54010300696042,0.0
2483,-1757.0954787173373,2406.2221803596412,-1950.3969528375806,-3274.228009879487,158.61332586842997,-17.012923375518163,-101.17193774826526,128.30738256761555,0.0
2484,-849.128559938535,1709.4496955801626,-810.5304063298381,-1321.0395374272607,150.67766162539834,-16.269870817929732,-102.6532379689536,128.91205394647102,0.0
2485,-238.6230361096601,1131.9114056354674,251.88244729213508,-97.66336238699303,159.5057720352701,-12.155385216972302,-101.62412459934328,133.33348251487993,0.0
2486,460.8804935778758,1137.0213756904147,1450.3186609235468,1328.3349048072123,155.61348006594926,-17.278379105889837,-99.18175725534259,133.25530677122117,0.0
2487,567.3466634425196,-432.26420343988997,-1440.511069691948,-275.5751138872345,141.5412447765414,-14.615494165907865,-116.80079540879689,146.43575655751062,0.0
2488,-2067.6217800915815,1105.4182831196679,-1655.3156015650109,-2937.4707500926443,147.0126046098704,-11.35876760899519,-102.91261562954075,133.77632473307338,0.0
2489,1975.9922991311262,2003.8504145336346,50.065983704963735,2373.2685795037305,151.0683494544634,-17.37251292483585,-102.89421564229536,138.4785528429609,0.0
2490,-827.5589578524581,122.92123944299166,-2215.4644235605565,-658.6828959458271,162.5633438397993,-7.346304189094157,-99.7517192478731,120.94571989931991,0.0
2491,3437.025104130792,4201.265290776155,775.3235197745005,3624.661273856004,146.18586758324022,-17.570307343004455,-110.6830347131617,124.84785256189025,0.0
2492,-424.7858553227316,90.67638119029594,-1427.9951119040195,296.08433524930837,143.66754608709445,-20.71040555759761,-115.24419590260659,140.69181725795858,0.0
2493,-1015.0104969868521,1491.9829326350591,-1116.7402904988971,-1618.0254766285498,157.46761137390163,-13.831373943154286,-91.98754389343325,125.60980426633817,0.0
2494,186.78862851908434,1568.746449685236,774.3923628985282,1995.095217604865,142.85983699634596,-10.092596004433332,-113.15151721986956,140.3644225918849,0.0
2495,371.7079775905012,377.7128169457619,-380.90631984806737,1750.610261655462,160.28462830385132,-9.367253442965001,-95.29107393735802,122.66994458525761,0.0
2496,-1340.9283991504733,-580.8074761581113,-1576.060626714421,-998.8137700395921,164.88056457056558,-14.292973598743433,-95.09226951856712,117.36715175861251,0.0
2497,-1548.5893871529506,-419.87631358900757,-1592.9808147887968,-1568.4977648052727,149.85459141206172,-17.61947851997847,-106.19293391909765,131.69066212998086,0.0
2498,-484.34048122168036,492.45129030941405,-668.9773307929413,-262.6742639784668,152.38593988482904,-15.904626540760544,-102.50037434761387,131.17500478633377,0.0
2499,-1127.4983731185705,601.9662606704668,-357.7867695847781,-1114.7214055902261,149.46557948539052,-14.714248140979256,-94.47565872488548,125.38804715573939,0.0
2500,-931.05475764391,-740.9601994283854,-3936.148662806577,-2255.9022316856253,144.62887942651574,-15.623889763795951,-111.60431293571602,137.20340041875247,0.0
2501,276.29894301979726,-389.6921715093454,-1671.4143014988551,-157.42772309770638,146.76399586891236,-16.0697074482127,-110.49142655668122,136.8059708821677,0.0
2502,-1317.4507677900226,812.3174781780889,-191.01090888230178,-1568.7934119744255,147.19680377106,-13.124020671429845,-108.40486969758022,139.5303017584202,0.0
2503,328.4084675023813,-1276.0085703348893,-26.048460803131935,99.13012464305422,164.69176733537748,-11.55351337020803,-83.34522537780552,112.2386747165997,0.0
2504,-1449.5000406753911,1070.2955343272963,-1375.8738063948435,-2082.166037441229,152.76967360062923,-18.320580588865674,-102.37123575229253,126.36544054768459,0.0
2505,-803.1860702207731,-81.56117654599187,-1742.3431174652476,184.00201324068624,154.35149394262274,-6.730155470117673,-101.73679044012655,127.9330400542165,0.0
2506,516.7113472807848,674.0420624805231,1550.2488333056358,1487.1594459372157,158.25713661663383,-12.846795975794981,-96.60159292335564,126.05885230961434,0.0
2507,-1118.0272670905326,364.9680934385409,170.4275514980651,-839.893285178888,151.89553920269228,-19.43524419424554,-106.621095818865,125.30563428605957,0.0
2508,-82.44985977482071,201.42358793809592,-789.1350454526721,228.32948589966273,158.36962659243906,-16.327285503911682,-97.87601055756679,119.50167021660265,0.0
2509,2462.940865965528,-712.5409824717268,-733.7002868082991,828.4851658703816,151.76004407019497,-15.716451348389342,-93.61775390822982,128.22311860510882,0.0
2510,370.5251845668011,390.5248884790699,-2712.768153219724,-461.5205820823899,148.91703749342076,-18.480018234409414,-108.2290886545177,135.583793015745,0.0
2511,-1079.3626791621082,2015.4061453096022,-2159.1946414830936,-2201.191449064819,152.07418030936495,-13.471672503018143,-104.73464021093017,128.57021136363568,0.0
2512,717.8659962449152,1922.536089410568,114.241845603537,1838.303526934691,155.28444852210328,-15.144155309443748,-103.5229393018955,131.3067947712786,0.0
2513,-262.94519678107713,2212.165252420679,-41.345665948747026,1240.275655380056,139.54360041583368,-19.975301426834726,-116.8965901573327,140.37056504373513,0.0
2514,-245.45802234112068,1719.4142706410687,-260.56669893989863,-415.3669942258512,152.92829190821035,-16.121232059228372,-105.40060609232123,129.14748572240188,0.0
2515,1429.42899352865,622.8168589658115,-81.80155884996823,1872.736240999255,154.78823323928637,-18.79111973906504,-99.3224757096869,116.19696282070835,0.0
2516,2617.151700377532,1678.9344056247432,735.637955119142,2432.120690946593,158.0601956826269,-21.94989941984563,-84.0257872145014,114.33999946351395,0.0
2517,158.0869843887321,-120.35874904215002,-1998.117538074601,-408.40520087031916,157.0318313100882,-16.55818136069712,-101.82166304120503,123.01608284415225,0.0
2518,-851.8380774826161,152.01054392851236,-1582.206066216749,-776.169456627974,159.55850763604565,-11.480724645421262,-89.82729747675297,115.11218485591225,0.0
2519,976.5529048315057,55.42984082438493,-3002.876838494644,-1348.5744519737834,155.94115190746902,-16.01087449571833,-98.65291463410306,126.73561236173092,0.0
2520,-345.44079333309065,-57.94017873784221,-735.8129449291262,244.66881482913902,147.5922555788637,-16.102459452842282,-108.89392408317906,133.82348383934962,0.0
2521,1413.5331774538336,-2159.5177557832844,-1150.5314076369748,-1023.5482285232636,156.5959430534495,-15.975409072275248,-102.03052656546205,130.99182671740007,0.0
2522,690.3873311215422,-787.7022485279563,-2540.101788557942,-897.4070348978487,160.2927292753643,-14.64529517981846,-98.7212791632986,124.66457582594872,0.0
2523,326.16985451064943,1348.7533150323097,-336.08977015593035,727.7299083065974,145.36068646784065,-18.27263108103789,-112.14639700030894,135.33869433722757,0.0
2524,1656.0471756964782,1655.5761326441482,-193.70119418969472,1970.6714266567421,147.63884695432947,-18.53441642484263,-108.06525355840081,136.22061885957234,0.0
2525,2434.0068270007573,2951.566428891677,1095.844132021188,2947.259855991325,149.52300523816353,-13.457299727337318,-99.9713539970113,132.49477925858375,0.0
2526,-1095.6283119919904,739.2043435403211,39.74665930840886,-1120.4401896450725,151.18500530243892,-12.50747633070052,-104.58573534794493,125.68318371209294,0.0
2527,-904.5028929387345,2806.5205584200685,-1689.198275772261,249.68852514667222,153.20347256218574,-19.1454286072561,-92.53292103601763,122.87517282513853,0.0
2528,579.2200544036001,-217.2958540243964,-1848.3985738036379,-410.20960233594116,147.21596598392705,-18.328214130477207,-108.61298192203284,135.1375262180577,0.0
2529,-506.62664511239427,4434.786476752022,-2617.80298977813,594.3390743078031,150.3023021352488,-22.01767304875963,-101.85719431178241,128.3425216550338,0.0
2530,2625.557222653692,-1058.4786542431175,1980.718117017315,1197.3264460016783,143.16782607582337,-9.855442969345379,-113.90904060483467,140.24035266121055,0.0
2531,2233.157966786296,975.8893017881414,665.0882523094109,1769.7780465078647,149.09838177952193,-18.280265874346135,-101.16940415179585,131.47716265668942,0.0
2532,173.08909432854313,951.7530758194496,444.3674881079468,791.8493876550502,151.58967662155706,-8.024597143412802,-105.92911774550463,131.18596874809845,0.0
2533,-1463.9356578184104,320.57081656339733,-538.3752469029262,-1547.7974777344066,152.62752256966675,-19.723456700006604,-106.34947906032738,127.13337720129054,0.0
2534,480.16481746834666,-421.0308433002884,-489.6838945239309,312.44379390215204,157.2702113744303,-15.487362209097371,-107.99054937844694,135.87531882730394,0.0
2535,-154.59891042943974,2043.3174646842729,987.732283236465,-296.1521915325972,145.0131304127084,-21.452014592503524,-115.41034220395613,135.14755146468133,0.0
2536,330.5001550690494,644.6750820258583,-1185.190892526169,832.92460496845,143.66559902753465,-17.396984828211448,-113.31586562722366,139.99259626711276,0.0
2537,-540.5260626402694,714.6275703299324,21.480928974254855,-328.64332065853364,144.43010324577156,-11.309685761594324,-102.92482540752926,132.11281770252523,0.0
2538,76.90690818426772,-2234.3447602648544,-486.1323941422872,-273.3276834160797,144.84142186810004,-19.206355447648026,-112.85795139162013,133.57356678484638,0.0
2539,-161.23911021132523,1652.0755429135827,-570.8010812327651,-294.5574024343421,154.1785125334307,-15.144550475525818,-93.77215898846529,115.77086628820038,0.0
2540,-183.09374318424807,1030.26834548865,-2099.7599126822593,-658.5942727633776,145.88146675598588,-19.273103921044047,-105.59145291295818,135.9563702650226,0.0
2541,453.82078987724583,-475.77290791078343,-1436.4553433249025,-239.65498139796108,152.2235268232397,-14.07303073407248,-89.18144969134504,124.79332895583651,0.0
2542,-341.041090607079,857.5835258019916,-1108.1557397114793,-305.2479858331958,154.30765133236753,-15.081313206031753,-99.78969451307452,130.08480459733622,0.0
2543,-231.26292036994562,1708.1938287795151,-233.58451193216834,-342.8408293922656,148.18289985024717,-16.891861643098743,-102.72090303679005,128.11732569619176,0.0
2544,203.49120321634524,1038.277169482901,-528.7197289723036,620.9234969481837,145.67824532221601,-13.662418608063952,-115.3774017917815,136.6277365325372,0.0
2545,125.51937537184166,3055.6118542745976,-1447.0919556438191,885.4792159876262,146.90998591434007,-15.69770126775736,-104.59817896620328,130.75277922541935,0.0
2546,1316.7122637576106,897.0177254931419,-1159.8841064449646,769.5362267307707,148.05017103678762,-17.824102357016468,-115.32519724872046,132.60727037097615,0.0
2547,-60.419538695205176,280.89139036380243,352.9906838822393,794.7897472655023,154.3764356392386,-12.27374316420644,-97.21624032790149,129.69184499200117,0.0
2548,452.00117543836507,1575.5554046683153,-1941.7933941334736,-290.0933510822082,153.57679208105785,-17.311292972581196,-105.19785946216172,127.69452998407223,0.0
2549,-93.91639936742249,1105.1044105505562,-3432.5038148214494,-1003.2798981064308,151.8585725966261,-21.934994283337915,-110.28433724357073,129.04459566356013,0.0
2550,-301.11880496097547,1561.471803525538,316.38294811260346,-237.90821611500743,154.20907548691042,-22.76567105055395,-105.64050270048364,134.77543248659393,0.0
2551,749.476998270563,3138.688991395793,-565.5822803765427,1599.3994564565714,147.93335908841703,-19.372079213103202,-109.04797692011459,141.4045487224012,0.0
2552,1212.5932603677602,250.52755984035375,-333.8038343429486,645.5012646590823,147.57637738624527,-16.478416617043642,-105.01201942306993,128.2190667979178,0.0
2553,-246.50645349114234,1641.5123221106235,486.629573383639,1293.3911703501599,155.21828142779734,-13.61982357739211,-101.17482615103232,137.20569471735348,0.0
2554,2691.934014120997,-995.7314967489481,790.6909265421566,1582.975966791659,144.25498018401174,-20.203763186624155,-107.69818602515508,140.86103897822622,0.0
2555,1745.242549536811,4632.633332436968,-2347.8841010358574,1675.4692426303325,156.300330940414,-16.99993983697227,-100.22010616218884,123.0451952477305,0.0
2556,681.6813679737571,-397.1435502054012,-214.33735881239687,429.10231395423943,163.12603813415956,-14.925686626788188,-94.83798198525093,123.21912977104701,0.0
2557,1489.1244441241208,-201.04063525072044,-1785.646983020999,-115.88479484366538,161.41298613434074,-14.669910964098316,-87.3519897225423,120.37162503349727,0.0
2558,-1474.776601225836,1352.579252703801,-956.0666961398937,-2182.1929381404134,141.69603990972777,-10.758289673077153,-118.27649673628207,146.53758878878475,0.0
2559,2086.0466680830914,5015.235105925766,686.130586603614,4040.2950343526577,153.84360249329333,-12.823917560613838,-104.17134773125524,131.88429574343365,0.0
2560,-649.606826189223,-814.6753467895052,-2174.4300635950467,-1086.0474955079137,145.7051975495759,-11.79907365695924,-102.40785598984591,121.69061412295076,0.0
2561,1462.7566047118655,1560.2364111504992,343.5805167556858,2045.8530207983133,148.70843098369016,-17.85611009819202,-113.2972802569438,125.66841394708149,0.0
2562,1687.3224097809507,3014.5395964429904,-1528.9794501977638,1230.642937319242,151.8648551547724,-16.395393413729444,-97.96846269460464,125.95449195593885,0.0
2563,2148.638833753657,1318.1345312326353,-193.78992238506828,1710.3606854779296,150.8066861933688,-8.414230921015516,-103.7786722382094,134.57751666460715,0.0
2564,17.59119289959603,-2107.3278954816005,-2075.8980331560733,-651.6926229576969,148.77620519661724,-18.132845139256286,-101.71913664717361,140.49637938395554,0.0
2565,-1007.6595836054414,643.0876828924091,-1116.8631158542207,-1189.6792253522228,145.58273773289156,-18.91901021207224,-109.99713977641018,142.55641635755308,0.0
2566,1817.7426176582876,946.2991207577835,-1679.5677848220166,269.76889525753694,157.34889561753727,-13.408964226671884,-103.47874722600965,133.4664542262779,0.0
2567,-1133.9030381246262,1036.7406039018815,-983.1568664162547,-1527.8641415096702,156.43129518613117,-16.676189480030267,-99.40801129679971,122.06847248140974,0.0
2568,-314.8711327031486,687.4776093867939,-221.50591295787848,-67.68120651200404,155.6696448811086,-14.691364774105164,-95.98530987594457,116.82843580940688,0.0
2569,365.9035822182171,1433.6070669063042,-1761.266769630126,-50.75404087303153,151.10451352255637,-14.031425369719754,-107.71501911699359,135.5172291846524,0.0
2570,-936.4152805873807,1039.9674420477254,346.63906021431677,-985.2002395638208,153.56916783286874,-15.348424715971378,-92.93561354545234,116.98305392346792,0.0
2571,-1378.6237199762097,48.82175252645794,-1947.0037079285344,-1451.9057348764718,162.5778259418936,-18.971105559847487,-99.5576385964723,125.66040613326962,0.0
2572,275.2728468104037,345.2305156910422,25.729841488815918,1022.6347820897322,156.7171810703609,-15.987863667422864,-98.19934999821793,130.91472570743366,0.0
2573,79.24694215658012,-133.00253999074874,-526.7482178033723,987.0872543266044,146.12917393783314,-21.91326099794836,-104.15796548973152,135.64085269240937,0.0
2574,-727.5777897307674,558.9661233188872,-3260.0262206040256,-1040.071794693828,155.31428928501148,-21.835566115632574,-104.4663414499141,139.70145836136,0.0
2575,2021.6408312577473,1101.1198314886694,-260.541998849867,1627.001131556741,147.5356667660102,-14.438871845353411,-102.69982018914548,135.22389553300127,0.0
2576,1363.3171192896784,2948.246969826821,-1104.6578355780207,2120.222107522005,153.0418959137681,-16.223266582194885,-102.65404040091437,128.89040700837572,0.0
2577,-1416.8603377256147,1984.4672464772732,-1028.8533592947012,-2436.731846372127,148.059849272212,-10.979455181000208,-105.71270200385544,128.16349191287807,0.0
2578,1952.1589015932514,1089.6970666833854,1077.790386353777,2247.73604032157,150.49948769969185,-19.70294622710274,-91.60798550941962,125.79586155141934,0.0
2579,133.8110378775833,700.6752193773718,970.3006427975645,872.05399500235,157.58395486396995,-16.24123436528082,-102.89606156085367,127.64696691240505,0.0
2580,-2107.69180088228,-75.97280374485318,-2439.726180496173,-2601.7278783217353,152.65508129225915,-15.3387578070558,-98.2675390186795,125.39110604885528,0.0
2581,-666.9434336114006,63.55392072645226,-391.080140832267,-254.41062673435465,154.9039936332334,-16.67773460017036,-104.21738794194779,131.51193222059786,0.0
2582,371.0396724841612,-608.8177046200555,138.2411007307466,440.3865122785803,158.00657996537257,-15.499069088947348,-98.9949887140188,127.1005784550673,0.0
2583,-1013.3045316014221,1338.3873321081664,1202.5309226299319,-1067.5716956342512,152.99134017475723,-12.525890793985894,-95.84077425782104,122.8159201659824,0.0
2584,-1466.5689400232354,426.4579623752787,-1328.0276388045916,-1713.0486531132262,164.0348254868818,-16.449171570342806,-86.69765450232987,118.96071446323732,0.0
2585,2851.2407822611185,-77.6627118774046,1340.6696780973152,2713.7186946311854,153.43213666335168,-16.751022391424108,-101.27451590278122,124.09228929549097,0.0
2586,-1414.831711308902,-433.185000900444,-2098.956732467811,-1311.1443125063079,153.91645130640381,-19.83694638742139,-99.86402472352817,128.0974485179375,0.0
2587,276.26858447432,-1034.7710333276646,-1354.6802906423966,-566.6294506431985,151.1583960586318,-17.43877272065311,-108.93489190900617,130.56798553415635,0.0
2588,-1419.626747264104,129.7466797670711,-1444.5771728895986,-1410.7325842625773,154.00223348747005,-13.752373485178811,-98.19477929863184,123.48262229748462,0.0
2589,-199.55710007318183,1826.4987237413377,1143.1635370657866,-87.47282233983783,157.3897520143407,-19.215709961913262,-106.08867135804785,129.8343673769305,0.0
2590,-369.3864163182887,-528.8773125063457,-1028.508541409166,476.077073100636,143.5084302751736,-19.409355639316043,-110.8095035652988,141.22420962878493,0.0
2591,-1113.9747699275022,1742.3945939851853,-216.06277503132452,-1626.651532776315,158.41672272015538,-11.429520300900862,-106.23440940697012,129.7912408873993,0.0
2592,-489.3694105673053,39.43086004459866,177.8928770826124,183.8780298477038,155.6790547508657,-14.660809647184607,-103.97307261147895,136.43400967135167,0.0
2593,262.85660678600607,-1340.132304046363,-1676.9568197789729,-507.5840322485757,156.25313407855242,-15.332080369362533,-103.00468330829895,136.83126442974398,0.0
2594,1369.5396073661404,1425.246673848384,-1135.5015545199926,1187.2036740878293,147.53446638389428,-10.690273400552222,-108.34391150525002,133.12285090217492,0.0
2595,569.5693235093539,69.0897673648964,133.68322059475275,1076.5309583840826,152.29320140837655,-20.753776631837958,-95.52740746797546,120.77694300459908,0.0
2596,245.4639585879162,-347.7286564976616,-2551.119776306049,-1034.143848140011,151.77287285889227,-15.720784941223283,-98.88936680759684,123.99756480069455,0.0
2597,-1067.6701275067826,1764.8946990808315,-641.6993195589557,-1656.567898711867,153.99074560455065,-15.447168293877999,-106.27272682138411,132.39535817508005,0.0
2598,-580.2898941950756,2347.94999942874,-222.22698731514066,-1144.933425866746,136.1458059411349,-26.2256926323575,-118.63108495785592,148.72202550057744,0.0
2599,-317.5569629787971,1295.1094577738788,-983.5505510901967,-336.7290447620396,142.8052336029032,-21.058497654332328,-108.27512609349931,134.5736523548303,0.0
2600,-650.2494615182466,425.0807073690958,-1359.5219271340316,-486.20179257249487,145.6230908201611,-14.844023047638714,-112.10995843520014,134.068832197723,0.0
2601,619.8508919960501,1025.2564818565147,-226.07806726595626,1285.937779774107,155.24557745539963,-13.229120704494997,-106.93617827045254,136.3011879142187,0.0
2602,-60.56207996400299,-2504.123265822452,-1576.5485845590292,117.04078246968771,150.5537319464172,-21.282131624951994,-109.3038913736449,131.65399216015757,0.0
2603,1176.2346770371657,-86.65793458437865,924.084196526995,2913.1597041694595,149.26217150107365,-15.483244019415746,-107.71155150220372,130.28734871654643,0.0
2604,4638.901091701635,-2868.8396635010877,2476.4571520700547,2324.9403118069677,159.93342943120476,-14.36821683019369,-95.05065454925824,122.9683363012314,0.0
2605,-608.2138245820182,434.3846135095056,90.46000190335187,-274.20884456323296,152.59581534235622,-13.3913018221663,-105.91099002492251,132.915281746763,0.0
2606,1392.0216300270508,1759.8234177245179,-291.9263875328962,1870.5399236710557,156.4531282228676,-9.719030778504418,-103.25065389536714,128.43878498667192,0.0
2607,-1093.3698260954734,612.510009656951,-400.21867403975284,-1155.1835079660502,153.1567197216517,-22.107558000755787,-106.00125713550263,130.03227881070458,0.0
2608,-433.43039704145895,958.2526390822032,-1721.4157011026555,693.9094238164188,144.42918076085394,-13.791001938329526,-100.49161015123453,131.23426126542245,0.0
2609,-457.4091888151785,356.7824858979303,-92.61260587862857,3.8943606977880685,147.9856287265822,-20.896355226473652,-114.82890735748491,131.4820518163805,0.0
2610,675.7141230133464,-1042.5791244171335,-1108.0856104327338,-193.90184074395387,151.67633827786926,-18.117514779223363,-115.32448508096326,134.08906329723882,0.0
2611,-287.09422844700475,284.2479031200144,-1042.758772894037,151.3822558364007,150.7626541653061,-15.208096676992993,-99.71390117682898,130.11192392552078,0.0
2612,1210.6813488191492,970.9967006599034,-109.92498284932624,1789.7383646316407,152.71131380676547,-20.83302849771308,-97.53913716196526,129.41510861052583,0.0
2613,-2407.8058578429223,622.5308398914832,-3112.9475602530174,-3529.0276269417154,149.13634447355008,-19.898732333343666,-98.67697907757348,136.1046680784704,0.0
2614,-851.3401992464917,-430.6916611058799,-214.88405283846558,-219.70476204594573,159.25072958544112,-17.939266874538568,-97.10697466284132,123.23475497719164,0.0
2615,842.3981460356301,441.03852466780313,-774.9731739309942,33.04228879609917,149.8618711796379,-22.097305558034332,-100.14601980010373,132.86210025319778,0.0
2616,-980.7455946349572,817.1859456966705,-1733.4084704377574,-1406.303924707028,155.64210822966177,-14.577580612651207,-98.95736875186894,129.27904318157232,0.0
2617,649.7234326227729,325.5427178607693,-603.78467489229,821.4198163192718,158.01629787461073,-11.179633353529596,-104.02039985629601,130.12043696267,0.0
2618,-153.67129732010548,307.9569591131344,-995.9695602749584,449.2869661120024,154.00366126380385,-16.58096000450451,-95.07595647144498,127.86346166187,0.0
2619,-510.5489584408161,1030.9904909159,-896.4743054956059,-580.3118009908469,152.919504141242,-15.109303774848211,-98.88602359813348,134.35719945290936,0.0
2620,1030.4819761097942,1095.405687784079,-2143.364966221036,421.2300455508376,157.9117523435078,-13.306046831504002,-96.91933691738615,127.08115905525682,0.0
2621,305.8352486734626,172.8127830779476,-1445.1070191994081,303.26192420685476,150.26993160522213,-13.122461783970698,-105.81045895897046,131.14772530315048,0.0
2622,-42.86300034608639,319.7526863230551,-1024.589380274777,385.67025808323785,155.41999689531607,-18.947431516702675,-100.6213611551604,129.04851319154264,0.0
2623,-18.29929534939262,2210.578325182551,-85.41352371932841,-211.4368197854563,153.54863392821244,-10.025531508272302,-104.79940835544893,129.26091232144933,0.0
2624,-1563.018886636546,136.18702448345456,-1715.559466507131,-1812.470406826294,160.32933571282308,-16.521992508130438,-98.92373816140483,119.29407326338439,0.0
2625,-1812.721222017963,1451.7978918176464,-920.8986158698935,-2664.999284734183,149.63499088806856,-15.899198741377509,-94.3639956616761,127.05377738508038,0.0
2626,1386.082777017999,-539.8077915268469,42.75846192101908,620.0166492082169,146.4938034674151,-16.85642985981583,-110.99038741282435,143.66519997076216,0.0
2627,2557.0027693649295,946.0108238366869,-314.9163017383932,1812.4851333829554,154.55359147118452,-15.84791111710667,-96.04335033447273,129.75118990238664,0.0
2628,951.7704539034229,542.620001210298,115.31301610276167,2000.9342392193025,149.09245279958503,-16.461225899847232,-96.05725631467307,131.74678012938733,0.0
2629,-1458.439458687001,1127.7408686945626,-1435.1384984436158,-2079.4864166717975,157.1344181635521,-12.692069117139594,-99.4439880348296,122.21100511761229,0.0
2630,86.42882679000931,767.5767437148728,1048.9746827056183,773.7167166585695,159.2209390128813,-20.39236276089906,-97.44440474536773,119.35496254855637,0.0
2631,-730.5030275020268,-1591.8324463730462,-1526.7727713427757,-1296.1815333294367,146.02726773519413,-11.688140088173487,-104.48844735030461,121.31111176542731,0.0
2632,-60.17290882477935,-591.3236147016395,-440.8778854482921,105.97794240057951,154.3551661861572,-21.312779463967075,-100.25734547279686,131.50852729464233,0.0
2633,-781.5157760312854,912.179043594337,763.8485968704866,-515.387589834294,151.9323421092659,-12.756885603899612,-108.92801760425857,137.8123928314913,0.0
2634,-1442.2576806324537,1193.1485931373948,-2139.5374226632293,-2274.177122385049,144.8991326779512,-17.134503850455857,-109.44304860650597,136.58407876194354,0.0
2635,-766.3813579400024,659.4369572101166,-208.56126328096076,-559.642958509703,148.3481725958685,-18.241796784297147,-101.97997815165792,133.65392981409985,0.0
2636,-857.5058358737427,150.05842793465706,-568.2835393871145,-590.6269665440868,154.04078845630892,-11.731421762971152,-96.2292604299765,129.51355167945152,0.0
2637,260.4888262480599,1374.344749947807,54.38043034324798,673.3481733704328,155.94629103450623,-14.566464241942306,-104.19055185031796,130.91951693141212,0.0
2638,723.1217316207917,1650.4833076702284,-1308.1691357792024,1111.5453322996218,154.23292905622617,-16.925430278986607,-105.74933852181277,135.81804703369966,0.0
2639,-2452.7900694862938,129.6639930884561,-1721.0352807246934,-3128.885176144899,147.948187911605,-17.32878536021815,-105.60826635931932,131.31586578344582,0.0
2640,2832.406995701512,435.86558912387017,731.5296512356795,1723.0382798378314,144.98414463330468,-22.616607295688958,-106.71749210087512,130.91886349905758,0.0
2641,-980.909555890911,1581.734418783822,-1902.1230640309977,-1713.062934859763,147.52171228939605,-9.934206965371182,-102.47318935910842,133.1628851591387,0.0
2642,-940.0842465960974,1491.511079878771,-857.8927144934489,-1414.9596623950279,143.78516113671273,-17.070557294465573,-106.76269089405154,141.14832654326653,0.0
2643,-1114.036968878511,222.03872761661293,-821.8576161236268,-990.978477871266,152.02022719805692,-17.555098237071004,-95.79166600072266,118.64415303374221,0.0
2644,737.1623006432708,1204.1918231885036,198.8778356126667,1342.0175803886314,152.54797378162144,-17.028883136782976,-98.26523623763026,125.25137236980252,0.0
2645,-1294.8119122513706,957.3353186438418,-577.9054624743984,-1774.7492531804821,149.994242864588,-17.896699504263175,-104.42411184729639,133.90741606254633,0.0
2646,-227.19116952922553,-243.0211616479517,-1167.902660368917,134.96663236093912,147.61213926836328,-25.933340479912474,-110.0062217608929,143.9565512924448,0.0
2647,-736.5504385879423,1305.6083139246489,-1092.8383166838469,-1082.0335308553267,146.10187467024,-14.528924843759773,-107.16178818678402,125.10594980505701,0.0
2648,-602.8206046272243,-523.0513600635398,-1252.39190181668,137.94981640372657,150.55806515263495,-15.964289643107527,-97.09517673310374,130.7981548798183,0.0
2649,2378.5788028358847,2472.8876627351838,153.70809371920987,2127.9322214894296,156.7232150112554,-15.475366410087146,-96.84262156497996,125.60646324835523,0.0
2650,743.437945671524,-817.4386800645655,525.8494541110709,1725.0611779923902,148.6802424114664,-17.759381027742876,-110.4867945540281,135.67125480834903,0.0
2651,-281.02417578417584,-50.69293432155708,-1334.7626916450308,-114.77520761757086,148.26938574463313,-17.373914322692887,-111.60108609722161,141.2888408926745,0.0
2652,1979.1560434599219,1267.2087594006907,277.62573480217986,1964.6025879506383,146.6767092738658,-15.138810688174347,-111.70432733642448,133.29383007417954,0.0
2653,-785.7201189113222,514.4592997745116,-130.9457387305169,-531.1127958177462,149.0209503132247,-12.130390207360602,-107.19635038297476,128.52932352087848,0.0
2654,-1084.7888650667744,-482.7669109886998,-1644.1339351539568,-812.260144902387,155.717802499729,-21.127446337281768,-98.91186123918125,134.80224578253035,0.0
2655,-81.5051610000168,334.88324798445655,-1955.0191418217032,-936.693820949003,150.3699244461329,-16.569061854180987,-101.20612171374265,134.41021977489658,0.0
2656,-754.5585654528147,2145.146847045331,-125.57294191045733,-1410.6674188767338,147.7723665587059,-25.691799880879756,-106.5087993635482,131.14433318495423,0.0
2657,-662.3147070876332,1284.900241442492,-226.98758222688443,-820.7018261901353,150.58688815797922,-12.128835394955734,-104.64706884535578,123.4604872903284,0.0
2658,2730.3245638909675,-1354.3105566098561,1092.443070667076,1863.4307364588242,150.2833429849365,-14.506673062339093,-105.1807936639716,132.74090327931242,0.0
2659,238.2463524790542,2327.688145844258,-857.2749029873158,1793.9228282963113,149.0934547652529,-19.762383839356588,-111.15155126819488,133.87088613787947,0.0
2660,-562.209855666447,1222.456956229447,31.75423908152587,-511.5345463026273,146.31855656635224,-15.31368704786333,-105.50981213300717,129.3451692033698,0.0
2661,1616.3775423979635,-469.90454534797357,-1253.6692012076426,270.0452115552996,151.02752502823975,-13.283708672909384,-101.89885838355175,134.76817716646326,0.0
2662,-1367.2955976695591,1184.9030509259017,-821.3290277544343,-1773.7272076394966,157.71846257267748,-10.680413774587144,-94.16648084801935,124.79124667577516,0.0
2663,-284.61924046636364,1370.4624403256398,-679.1356961095864,-463.2062511193497,152.57117936820197,-12.90443800547763,-104.40938762512636,130.59707450843587,0.0
2664,431.5213188429536,365.8708886266295,-983.3855286764801,1090.1588757564004,142.4235907778746,-20.202743837601574,-107.4566735568016,129.55705398298034,0.0
2665,51.41398253997437,2246.1229060688343,2.64873717189289,-212.3383074986656,155.45914330025022,-14.21878141129503,-103.00695151504928,131.09653312951698,0.0
2666,1732.6990742333305,2263.662211846116,1963.244625580029,2543.3875023546348,152.44201782811362,-11.20972263452367,-109.43289892638771,136.4231177933733,0.0
2667,-3.5088469342239526,-1942.0032821154261,-1048.0215158878773,-1198.1126862894362,152.07126635321777,-18.813643955819675,-106.0081670954622,129.45076228009495,0.0
2668,-589.4596086966637,-2721.987583342841,-586.657052417313,-13.49321941283337,150.0249924080119,-12.631307323126693,-100.68204280512603,127.70224038802823,0.0
2669,-446.57288555497195,72.60424689668282,-450.25780797928394,111.26587400919132,145.56068392805304,-28.084840718726028,-110.37284829043118,131.23280581533183,0.0
2670,-2362.190306895345,-629.4504536795472,-3512.846999926212,-2922.851896358466,142.8396154351631,-17.140350954143933,-111.79049388249449,143.2980767155277,0.0
2671,92.68038397619449,-1031.3543010098874,-283.65053904240085,372.93314353367003,151.68496047812437,-18.807943252871777,-99.55540444922633,132.56676578038966,0.0
2672,1370.600480318804,2412.632942264272,-853.3990322415606,1490.6428527219564,157.7695590587181,-15.941274705683494,-97.16975612949103,117.81967552304509,0.0
2673,560.8049735393806,660.7648019514942,-692.6893960774848,621.1267255399297,154.4489406998229,-11.585622376791088,-96.13634040120301,129.84376186642046,0.0
2674,1480.9170072768125,664.625518026179,-1745.4133474683126,-206.37940832683756,155.85503775316187,-15.2694490642866,-100.95045843446626,123.66177078590364,0.0
2675,-70.5469862209964,953.4046868930552,-444.70681699495987,180.41597017395077,153.45832897670786,-16.396122162852187,-101.48545636900612,128.75139435116878,0.0
2676,-204.0603334407742,2633.192176655945,-1072.1305569712504,706.5893692067801,150.5592940694026,-17.705753807878242,-105.22205412415059,130.7488646569572,0.0
2677,-270.1134164320027,1512.1386231326146,-531.9663487912443,-369.10240184982354,145.76363082598135,-11.982795850429266,-108.64088301064994,137.9996365403239,0.0
2678,-24.505344475782266,-1813.1729738110014,-56.06939383401052,773.0991322882522,161.01182023060318,-12.986567373896687,-89.59171408085386,113.01471349389615,0.0
2679,1398.815651328671,1295.4559571561786,-352.46530612024804,1106.7337694032906,143.26516163043186,-12.922127973714817,-117.18906246715989,137.77017198927643,0.0
2680,-189.97192542662017,401.244098784477,-533.6545730473696,304.1236539411189,158.70201882474376,-12.572696179974162,-94.3198537752789,122.7230706108005,0.0
2681,-373.41648738409305,246.00605185710023,-612.8374092584789,1558.7887888061439,145.29831491587862,-22.72694081059853,-117.18834849814432,146.0853220095057,0.0
2682,-827.6603162487149,798.6561339241833,-88.90629672242603,-745.6508468023602,144.23329544493936,-15.497196837948788,-114.6668371686308,138.9266825055438,0.0
2683,2185.162045905545,528.4294737111311,270.73281560278565,2297.377157786613,149.27767668593444,-22.131053042551255,-109.31919448627885,134.81627923470856,0.0
2684,-754.8513109791561,302.99551151983866,-849.7464521190147,544.2669204483775,152.86499139482433,-17.133250982280085,-109.98645803415013,132.46274826904158,0.0
2685,-1096.4229645199289,1654.918838629207,-1011.1017888442548,-1730.8128376378395,145.35430095556202,-14.619441485075987,-111.10427841493484,141.85145797262905,0.0
2686,385.4320415601577,1751.4981033981644,952.5239449643168,700.7007035276631,150.17046832431456,-18.831696337461693,-101.56700551575507,130.3562128982776,0.0
2687,-916.8083234582426,1291.6407011978554,-1946.9601647401266,-1581.0451582669427,160.8584853923273,-14.461882357891897,-92.80124893474542,112.0883475434976,0.0
2688,-279.9173183183643,1332.800382140622,-561.10062941274,-395.26551588837776,158.91525862841738,-12.049749752510428,-99.45217946587677,126.42062385478869,0.0
2689,910.3250999619477,1200.2021347949253,-2682.439529322204,-172.0525125049784,143.52752474408763,-22.18837102795239,-108.43275548885367,125.90418962786867,0.0
2690,-1025.1217317776648,1186.344365373464,-2300.7213030739604,-1680.0484473871452,150.6781661436099,-12.475071022667686,-112.38215807860746,139.11197810449036,0.0
2691,-1564.5617236625667,466.46735143666245,-3218.0095038070867,-2194.2236746439316,159.73247761938217,-13.5206510406971,-94.27559103610514,123.03369899175834,0.0
2692,910.4999543487653,3293.449999306217,-1372.1959346486692,1356.7607053813454,145.1646257387712,-15.48469859855423,-113.41689273756276,136.7522908422541,0.0
2693,-410.34992716023413,4385.471939820385,-1335.365804107265,1807.8874399004358,153.68288522835905,-9.952186087877267,-100.69957764830062,129.6699087311681,0.0
2694,-334.48637290110804,578.9588112508189,-682.1867605378843,185.41507673747793,150.81505667206375,-14.156111100679585,-99.21229272883889,126.73064655469865,0.0
2695,1076.847532688748,2331.6000570061983,-640.3096147948144,1297.0725502372704,146.51741919739243,-23.743732707590176,-107.22869838675632,132.37083500470916,0.0
2696,-113.06033022455877,1818.8781497981397,-1726.4182129200103,743.7470343374645,156.07256575323913,-16.616479006134472,-103.8969805490839,138.17944101007873,0.0
2697,763.4933402711093,1643.394486580003,-469.0618181409827,1462.435176955919,148.96404572725737,-14.647573259835061,-103.20849034188929,126.97941001346092,0.0
2698,-1090.4698596545472,1059.983147243607,-800.0758621949764,-1512.8733206160578,157.39301796519422,-11.229243009434171,-99.99340872948548,124.80432204202545,0.0
2699,-924.2592858882333,530.1010822750719,-200.49027339031977,-907.400429574882,149.22147832193608,-15.556457437436164,-96.89974225512228,127.84131771301594,0.0
2700,1611.9134252537542,-1383.44645392706,-1514.9059901023693,-637.6365357252998,150.01239621635614,-19.083559939251703,-111.09644418477177,133.49998768732698,0.0
2701,1736.610110939231,-1344.5114288628588,-706.8618488691899,290.05938940124463,151.88713744566783,-16.895732173048867,-107.27408744112606,140.83502076410522,0.0
2702,1043.6445678720415,521.4221244558385,1820.9396114430315,2543.7821763670217,149.10750322380505,-18.71039867832805,-102.37043701817312,130.44117016669014,0.0
2703,-701.6113413138569,2003.2759290369888,-1272.951494334791,-1301.1144769701523,162.12413319748163,-16.310811708466204,-91.40829588186716,122.33217670280686,0.0
2704,-546.5410981340009,969.0145174561454,-2284.2047382983974,-743.4008912156941,143.34967040917422,-12.758780375768659,-104.23264944015091,121.76738564304678,0.0
2705,-1156.1749938375663,680.0413822825407,-996.441471577561,-1320.438932001396,157.28994088958706,-10.264698647566618,-93.19540626606826,123.37341130259568,0.0
2706,432.606046280221,-434.91651102559126,-491.8955740839237,478.1802424624549,149.43469087512153,-17.343437126285757,-116.2537592900205,132.98077930262642,0.0
2707,-491.06115815997464,1340.3063874074357,-692.6144795049634,344.41632740070014,141.30549055148748,-22.254899105204426,-108.50726851968486,136.936595630606,0.0
2708,-889.2870603642226,336.4121644655163,-941.5733192823483,-819.2740909500674,153.4583244089232,-18.93738569951904,-102.41072871687614,122.09648944969942,0.0
2709,23.689199041749497,2028.9830077398522,264.4563641220257,-161.90788139323283,150.03239059886045,-15.464772474306843,-104.93086803910872,138.44520546874344,0.0
2710,-36.18775033863398,813.9392942541851,-1541.5923756888242,-276.4631364843563,149.00007455309537,-17.367994828976283,-110.37426036900744,139.88269361976964,0.0
2711,-366.5500435722917,288.859283848137,-1592.3833421383067,-210.61789901045248,150.14966418054055,-18.152801400496934,-103.56539918093434,123.90185229441292,0.0
2712,275.3193141869519,-42.43164731792146,-1682.431549719356,342.3420451776502,158.58452446904417,-14.11243202396392,-94.11429499805874,119.88823535132389,0.0
2713,-136.81703261365172,1762.3852697901968,-623.1691770096621,-322.63431127881876,157.01492451298586,-15.049664951550612,-100.53839026051281,144.3969752804947,0.0
2714,-1518.1552885598924,-213.07002137815013,-1023.9617992038646,-1411.190382097156,161.502536672379,-9.775816328372446,-95.94202876451226,124.97012672683185,0.0
2715,-928.7504065273954,595.76123772249,-350.3440233575062,-819.2776667193099,155.91408822986332,-19.14182239228469,-92.48351442801957,125.14536428805783,0.0
2716,940.1046842127222,2718.4646015202557,-730.9854945589328,1579.0785762166447,154.93417136889428,-21.23029929786582,-104.27757533568834,135.17594902668407,0.0
2717,-68.25465603021206,711.2456432783159,-384.85099820297546,268.75647330877376,152.60596961826693,-18.04745374800755,-99.92097709290353,128.2395057156156,0.0
2718,1480.4335598827947,282.1748573077211,-495.6896772509317,988.3921701143191,153.17083964577512,-14.593450312801515,-97.87745450012562,121.69526734928101,0.0
2719,-1400.735095185059,-939.236507422395,-2422.8114863096953,-1040.6274561000735,146.94941217333664,-19.302402837209783,-114.98265645612614,139.42147961903598,0.0
2720,-1941.7344500845022,1711.7002875849446,-1778.9237429815869,-3146.696665739133,148.90093330977044,-19.82765126871896,-106.76853971110553,138.57525129316858,0.0
2721,1525.5781085582328,4665.731768862778,-831.343961562879,2131.416121112183,148.04754080773154,-17.02850810974475,-92.84856389585676,121.21449010767988,0.0
2722,6.809198560360796,-900.7368454381923,-1738.3793611244307,-911.1325647958998,157.42484798443817,-18.21130773180907,-104.69758208851839,125.69553201379816,0.0
2723,480.72107060949946,2811.7329974785903,-208.00351279279198,1693.4923488527168,160.3158580390187,-18.775498974583076,-100.65208492795347,117.36742099828794,0.0
2724,827.3511649848255,-638.1840073931995,471.84231013004694,834.8233994792719,145.9510972864722,-18.146762652559843,-114.88753968443368,145.8565214064975,0.0
2725,-1248.5795920794492,938.5326158975888,310.32401151519554,-1414.8859316714422,156.4527363339248,-21.395754404079113,-91.56453770464589,117.49441478883593,0.0
2726,761.7653894964443,2812.6462401494055,-1938.747496680452,715.5460064823915,151.2429801051321,-16.06951410924757,-100.61568258371891,118.41023960400929,0.0
2727,2184.0416010552067,1898.772286371019,490.5329017161174,1891.7514387875187,155.56979234250844,-16.226904485137982,-106.260849531176,136.65619739976344,0.0
2728,-1082.6931601199076,571.7524270507736,-1316.8924139145315,-1043.037788209842,157.82813456390357,-15.681051483864648,-104.02744406632878,122.74738475514701,0.0
2729,-1673.3664353270437,75.00642614134298,-1518.4967846385757,-1870.6303674651278,145.77329873498098,-19.682785731480276,-101.31508222704893,127.88551495581565,0.0
2730,-1590.109059536846,596.3718731146258,-838.9431276511845,-1929.2911718264343,149.88993263550105,-15.62245856117742,-98.40298434099894,128.0286664054279,0.0
2731,186.71276700150577,180.11264484964417,-431.10136045144316,991.74717959401,151.01886729934506,-18.410352184704344,-111.51226046019879,143.17399867012534,0.0
2732,952.3512073325182,1118.0430771886838,-1210.522901549412,972.4033454010811,164.91962685783258,-13.881500162617154,-92.72367992131477,119.77015553172828,0.0
2733,-670.8123861946285,-1570.9994788186946,-2878.464212299519,-735.7348123815221,155.0396284239383,-8.754155048862657,-102.03580922172715,121.29521598151109,0.0
2734,277.12732840216603,1172.7799744669533,65.66359307099853,1136.6673784809532,153.29689369805385,-17.84098211748259,-105.03584964348147,131.91845599528938,0.0
2735,-197.56059345572376,1144.9282593571447,710.7975355124726,195.68550413461895,151.99123851515603,-20.487589065045768,-108.57061854253891,130.7692856886028,0.0
2736,-2.1481435750086653,932.6356819805442,1055.6537558515088,531.8932891888567,157.4915502613708,-19.32693440441039,-98.99737951656812,116.17756121182917,0.0
2737,-1558.2091400429615,-222.0433545011056,-2569.5536121995074,-1747.9929816551605,136.85212975229712,-21.54846906580522,-115.62409240758014,138.7820214438497,0.0
2738,-1277.6220611238143,-599.96569213526,48.57953313445549,135.91524828675878,151.35821905294088,-10.922085706685898,-103.81615391325616,125.09030357860875,0.0
2739,-662.1458357654751,1083.0683953753519,748.199442675531,-502.9051802301261,157.05914646687168,-15.959202764710028,-97.33982434492006,124.52270768562022,0.0
2740,-1130.0555511799892,-221.02865292171455,-1988.547259795332,-895.2120706813931,155.70031101723265,-15.657806497957672,-106.85474381998347,131.2498618226689,0.0
2741,-1502.3866204013912,2093.220511789711,-1069.3654183545468,-2693.1173129754334,157.07057087963068,-20.928350948959814,-104.8050089180626,135.65416832985477,0.0
2742,209.77717249438896,1407.0237665854017,-958.4115025872528,446.0270569747631,154.60848626642445,-18.192802091904046,-95.16274713544615,124.02772245037526,0.0
2743,-231.0697132987202,833.9950520308762,-2867.746185205174,-578.1899731133217,145.39957295053952,-18.825680532897913,-101.88213070975279,125.63182414571934,0.0
2744,-910.195103137521,1601.0419766099858,-1886.5466635495918,-1593.9984433017282,143.2826458282593,-18.310496308473894,-112.40430773374666,130.59371659541566,0.0
2745,-1040.8883846038698,520.2606429238192,-559.7223902349298,-1047.4375063446969,148.56351562271294,-15.010162814942188,-100.57460770611372,123.48065634581764,0.0
2746,-638.2877490322634,560.6204340706387,-1504.9765087302508,-438.6726373985566,146.58138120613773,-16.413141515036315,-106.72931566435835,139.67941835012437,0.0
2747,377.75376134644245,3501.2860106211338,-1525.4978327951103,1523.439275446758,143.9319008601077,-18.51584692764132,-112.16827677229483,142.15774150646635,0.0
2748,-748.1149547009627,-50.84812515946607,-2527.704506649561,-604.1658653568026,143.89867554014415,-15.888254025708253,-108.54918021651639,137.01940397549203,0.0
2749,356.0478521911212,-865.8544662089788,-795.0147067286991,304.80764723675884,162.41027934451074,-21.67046068281246,-96.66486188488638,127.46591979304371,0.0
2750,-1601.0133818197123,1973.7437557620033,-1744.4818046202872,-198.18266161866933,163.75555245004279,-13.250998142915886,-92.62949313220788,120.14841938884099,0.0
2751,-621.7215306446474,-753.0259181930738,-741.0663485730396,184.4848094882394,140.5135147986853,-20.32182944231703,-105.08771106324075,135.23116754349064,0.0
2752,-1478.7492864027688,753.5246427717814,-984.2204948465497,-1712.818132262385,157.48089592908573,-18.75074895789362,-95.41012690760837,130.49522170091495,0.0
2753,776.8697585224127,-1776.599640141992,-1790.9110504186965,-777.5806649796318,157.7288841785405,-8.901629764445541,-92.04876782721254,112.95208586769704,0.0
2754,1411.1150035053893,2274.6417262865366,-124.01566939594147,1793.504498063648,146.08551568385678,-22.712943914474796,-110.5811237487019,137.78212232004972,0.0
2755,-1473.7473783812673,763.3749607136932,-2179.324734764487,-2065.643582762855,164.10494943295242,-15.377902079824146,-88.21905338498605,114.38817813243249,0.0
2756,-2211.266348557183,-1105.4925063637306,-3576.199207077811,-2357.2781912234227,150.37643919817253,-11.091522246876378,-104.92664796013422,127.60735191628342,0.0
2757,2448.2947200535837,987.004510912902,-1698.3245127254274,640.0329391622093,151.75159401743747,-15.882945719606417,-103.7356719771972,130.73118528388963,0.0
2758,-866.0936069161056,-115.18969891627889,-501.4342448557553,-325.661161439024,150.47475103380637,-23.928390062625198,-98.53150612342719,138.71321226088733,0.0
2759,614.5426203168998,3627.3912103824937,-1480.6662059531636,1335.2451503806285,152.42253345589094,-13.598566781232938,-106.27716908373905,134.20235185746805,0.0
2760,-199.41276525069415,559.2482065831009,-655.170430708004,135.3113024897635,153.84512242424213,-19.617792156778275,-99.7969418540349,120.84091033318397,0.0
2761,-1667.4509524714422,977.6935618898837,-2381.4904110485386,-2504.9147169186413,143.37233236971917,-15.238874262975845,-107.55912418383299,134.76728383061482,0.0
2762,-1177.7867818375169,-196.38492700409077,-1343.413543197232,-457.44291402902195,154.1664878204928,-11.516747943849232,-102.70442805938745,132.997423620294,0.0
2763,1344.2860090832912,-1055.5831170787992,-1781.745033994275,-366.1626381221358,142.71070600496463,-14.232117627196171,-110.84268497035787,135.2571886988643,0.0
2764,346.1869845210957,2263.9617937049575,255.7812685435597,221.32719873662097,142.4615027631051,-11.116163308617075,-107.45813549290469,133.03013644785165,0.0
2765,-211.3733339051504,-500.8243809164429,-67.11584039343089,814.0248283221745,156.50707168251756,-15.505167032331421,-101.3922791120465,124.08502622959982,0.0
2766,34.39768164140145,-457.03716552111183,-1104.8989663758923,-85.1366101109026,149.3840415772216,-15.509068387243147,-92.86215717382429,123.51228193500911,0.0
2767,239.87307333952646,475.41913150061856,923.5436605914375,1136.2836685794489,152.0819607651229,-14.832237083721758,-97.39411389531222,122.52323867512123,0.0
2768,-1437.7979918014553,223.7998231444838,-2354.033961536947,-1598.1285505407434,146.1655545690146,-19.947323437423833,-112.36893463840613,138.71255515569905,0.0
2769,-498.1455276343458,763.7125874142249,-575.5909693726303,-267.8731310784631,148.8889730295877,-18.70847710777558,-105.6381366928719,131.21688182811084,0.0
2770,122.1274480445261,1904.491842978827,-1707.9643016798304,-66.88513714814877,146.8994339390103,-21.295569291756358,-107.19911028380008,127.70470143384429,0.0
2771,636.9008752762803,2800.688929851668,633.6856403521907,2233.766870350652,152.62270138367,-12.378702011852205,-101.77236968692232,130.82525371681632,0.0
2772,-20.74611279315124,-1279.8269242307174,-261.8041424411016,648.6538119114576,149.2928160812669,-17.984763708995054,-104.70304984104149,125.67366392046354,0.0
2773,-1553.0600133123746,-954.7661167376998,-679.6786983325796,-961.1409225781802,139.99373039653798,-19.943358457372376,-113.7953772780876,143.62251978208405,0.0
2774,-381.44850204358517,2040.9090994413807,-2004.8584730048708,-159.83928571925813,152.74031470477908,-13.63710134728261,-100.8350406149132,130.00918183744378,0.0
2775,3025.9413225015737,2451.346390518758,-648.0631725906061,2247.0023020345934,151.26562973486176,-17.072286492544492,-105.31032294793005,131.64850448232983,0.0
2776,2613.8189884199546,1899.3380933508652,-135.21681949892795,2513.7606506727993,151.65671753720707,-17.44810170570697,-105.09450950751221,137.49545347960736,0.0
2777,-949.041324058203,410.5072726039996,-1782.0664085031626,-1030.1795284290636,148.90451578245666,-16.804559026163357,-111.7945602501916,127.00496322740469,0.0
2778,577.6446130985643,1356.7883150198747,-2196.421407718575,169.90466975237993,143.66042335419613,-17.395031523142737,-116.76153444903828,136.69634561422748,0.0
2779,2239.030780132165,695.5174556322446,889.7751866805141,2209.7762770739987,150.85556692982655,-19.321059661742414,-105.95021151599315,135.52360530740216,0.0
2780,-684.7641675433571,282.03224656783266,-242.43304245124912,-317.168338482876,146.67943243201685,-11.231473596684147,-99.30082519653463,129.5906301703023,0.0
2781,728.4641632126493,16.246179032046403,245.99497379537428,1404.6978514408793,148.9272980238172,-14.871119354964279,-99.1874569286137,122.56055464433614,0.0
2782,1502.9863261266935,2690.321988737229,-1866.6273470314952,932.922427969004,146.49252908030226,-13.226166928082979,-94.06785721881474,131.2407597791958,0.0
2783,343.29249869801276,1954.1522855203073,-423.28522043550817,1627.3451392872787,149.0384234518256,-16.7800228749725,-111.15101700792621,134.2533608641337,0.0
2784,-1073.3681167557982,344.95901422938755,-988.3973050150356,-973.711340696075,146.14983448881088,-14.149151971724748,-96.97340005203854,120.8653881439309,0.0
2785,-1410.1442969619095,985.4285527519331,-1712.4548825923891,-1839.1896558053306,146.59157336281143,-12.787917610017809,-112.12563315687679,137.92893514836052,0.0
2786,-1476.1169318136551,48.84015241127662,-982.8386159383426,290.1768625613083,155.11024997180544,-16.0133585561151,-99.70154968064635,123.75832488291546,0.0
2787,-813.2696169570303,1969.10253548436,-1002.9072286044577,-1452.3032476603785,148.7530892734925,-20.68789869976447,-107.86745556572906,133.90629059472255,0.0
2788,958.7253651834847,-49.40387428698961,-1400.6497669109635,143.7833150513625,157.33764879916652,-24.121347283357338,-98.89634387242994,134.6148885156068,0.0
2789,-598.954532492324,1291.913154560709,243.71105312707672,-726.4479312284898,151.323811935073,-17.556713549686464,-104.523360125631,130.4339659504344,0.0
2790,-718.471094793287,1234.5088716949813,-1995.3479681743722,-1085.1480892113134,144.97213992992616,-10.975322644507466,-115.00854815309168,140.35368161823925,0.0
2791,-277.39967881699295,650.681049345155,12.621625148479431,66.95893565590157,149.4618103322105,-18.815247881531263,-110.58709887176491,134.0814960262152,0.0
2792,1870.0830692896966,-374.72476950621433,-151.04758534655767,724.5842695671984,152.66969102585557,-18.845421613156393,-103.96206102253946,133.3415953862209,0.0
2793,-442.1396361234434,1588.0413136786265,402.2478542920775,-477.80104851641204,156.15781933779107,-10.758606875507944,-104.43088884898492,134.66084112893662,0.0
2794,-1293.9073770119614,778.541225599836,-2578.6180863114387,-1851.8382332405658,158.10262076980842,-14.337013705637847,-93.40662170766188,115.54367583443958,0.0
2795,583.1621158200746,-2125.6683214636637,-531.257703303892,175.75923228539747,143.56875038402478,-21.633680930219665,-107.74475015648237,129.38984945709245,0.0
2796,-620.0174140573062,1046.040311226836,-1861.542554552189,-713.5965301290584,144.12362768567033,-21.991554344125188,-111.11080022636051,136.38611894003773,0.0
2797,-1133.062905536898,609.0028187088159,359.44961734647717,-971.1671855853195,152.49508760405996,-20.509377327621277,-107.62479435417299,130.97109455365114,0.0
2798,-1862.5694204638903,2477.292245185002,-1566.3661259550026,-3336.4596412221335,151.27850203756233,-17.325823406617133,-105.41773617406733,126.82674285980956,0.0
2799,1249.5794549243199,702.7357120151415,-324.77782118176384,762.2854037200182,153.66285010142244,-17.742014645357553,-104.97903997736931,127.09067980173047,0.0
2800,-1367.6550038577213,-597.9160433985099,-1562.356918070034,-1018.6324848547907,150.4612064278902,-18.309612794841062,-112.00634494705758,144.02398305340523,0.0
2801,-366.55511653804643,423.4525572826914,-758.045841786881,-57.99893492062688,143.94964564022698,-21.440546132284293,-108.47963458612467,139.29946495445594,0.0
2802,3612.087993222802,1822.513174972726,-1383.3650554233031,1364.9566473534055,149.0279256591627,-22.713609027231996,-107.0894922527271,131.83437519241113,0.0
2803,119.38771688375391,425.3645469494375,485.64489010459783,937.4384696359436,141.627196453511,-20.831784735448153,-101.63808608542139,134.9858800175278,0.0
2804,-326.0436790029746,-1356.8020767333182,-198.03908873860948,-310.54893154437104,155.31929642134207,-19.8556316918464,-103.44431196378738,130.22732401834702,0.0
2805,-1464.5825661858594,1647.7875282885034,-2344.613882951501,-256.63239026468045,148.07489190724843,-14.841232323451937,-107.89410216112444,133.51342334774793,0.0
2806,-1065.7958854563772,1794.492821107488,-491.67254749593843,-1652.286847633785,147.75917532548758,-10.903212730605738,-109.64633849966384,131.68217931632742,0.0
2807,-1583.6825663465759,772.6334019882199,-1746.6658346466688,-2103.2529143753395,158.39878669761148,-15.330271232708204,-90.96251560824936,111.85932225798217,0.0
2808,276.95533522967196,2565.7230202323826,-1239.281550057615,828.265403931659,159.24640626156355,-15.405637916727569,-101.16670636605976,126.13496198546741,0.0
2809,-1495.2868641763994,1307.319796026351,-515.6075721579122,-2120.130202485087,148.77217320326653,-13.390387609034626,-109.75052109288472,130.49780139485918,0.0
2810,-1361.3343027614405,222.21849311621693,-1615.2671409384552,-1547.0199208731408,156.3013797035758,-14.458060890584754,-103.46241795009338,131.98978504909275,0.0
2811,-1670.1403558276986,595.8769385994378,-3398.14789903693,-2453.8713164540313,149.40102216893413,-18.449037719012917,-110.20319108469616,136.11362358665912,0.0
2812,54.09297803002821,1305.7906760103397,-33.41699487092244,258.2826452118335,158.8806728795824,-17.937574178658608,-105.35991320895552,136.16298575352482,0.0
2813,-247.3753478840026,1224.8051811129253,-1548.482158131648,896.6184178580913,148.21689858085142,-14.316735625916635,-113.62911874518866,139.69003032870555,0.0
2814,2666.7423776458836,2527.976159137796,-423.6922351836504,2162.276860590658,155.64684464218755,-15.439762947456932,-102.37104378546692,130.52256940346217,0.0
2815,2428.1902866379887,635.7636760471344,2028.766025196211,3325.3365246416347,144.48551012235515,-17.72914529963583,-107.55905964471955,140.5255244238141,0.0
2816,-1072.4486376029884,988.2439553673019,-1154.5487690802547,-1279.3070479044536,152.05169575114334,-14.567735320346896,-100.97247338229587,125.44922227182464,0.0
2817,-1170.6182345867096,-1585.0491434926432,-2450.167475425688,-1333.6858860876923,141.8791081048683,-14.329996301688647,-103.19907316217542,136.6615224553446,0.0
2818,310.85899309014013,1748.4220547808209,243.48140339625746,464.5977392345468,150.084356306187,-16.15030766920699,-108.70838164558334,132.42458606422932,0.0
2819,734.723463118764,695.7326250313306,777.4412483756714,1776.190715761699,153.9389577200462,-13.854906965188754,-94.96429361711331,131.57556272975222,0.0
2820,-1808.1705293230752,398.0369375377301,-2554.62617185612,-2386.648985141381,148.01931731903093,-15.969567100778788,-111.22078964606438,143.37800726125118,0.0
2821,-40.615061903030295,-160.38650072371976,-1992.159752303254,-639.3002775705302,154.86155700648885,-15.830765342000456,-101.6659309862822,126.89807475926742,0.0
2822,299.1045787131905,131.86978074251851,-74.87571327711039,894.2363216700296,145.80306068358806,-10.098477505960634,-101.71230484540716,128.70891156569851,0.0
2823,1994.8488756455183,-3028.756982019311,305.3646975390585,-232.47653690512007,162.33320700802736,-12.620236712724822,-95.61315865281294,120.28755976694272,0.0
2824,-148.81945802383308,874.7189154646389,61.08666432325961,179.65696239583463,147.23382236581327,-21.603697253031836,-105.91754235757742,139.51542867951818,0.0
2825,824.5139171914388,3142.778177114907,-2054.5358450614444,646.8136505907547,162.8259904277244,-13.028659932609227,-104.68893432932157,128.4690282741542,0.0
2826,-1641.6858546510496,-1628.0089890189763,-2751.328556943008,-1221.052600971637,147.39263877521557,-16.184480988792924,-110.27502023419916,136.98513359550088,0.0
2827,-888.530392985531,757.3356290015574,-1786.4087534023959,-1053.1191316377494,160.64337402567654,-12.428918723203227,-85.3610233401119,117.21912483257472,0.0
2828,245.68726035672572,-12.61985104716018,-1543.4238545598985,-401.1933978061073,151.5713082421044,-17.50347506128659,-93.68124053918584,119.54644243507524,0.0
2829,-770.0107991240316,1497.6149827642566,-3922.79379774166,-760.1237283958179,154.86909951875901,-19.499730648665718,-105.42449361311363,135.59401235525152,0.0
2830,-2155.7982351610617,816.3656461911096,-2186.208028803069,-3009.46100566798,152.90947313184589,-17.97532611593762,-99.24833591258279,130.44766284166695,0.0
2831,-1035.052218947702,810.6199877570566,-2098.0541540034105,-1342.6422017560105,156.1224170312691,-14.989494782161252,-96.05190426857304,124.00815511740927,0.0
2832,-2087.5726040420004,1687.1853758267232,-2480.3096972736093,-3456.177103059109,143.30790583089865,-17.217322134838806,-114.11719689099819,137.42024435828057,0.0
2833,2051.055353200461,-92.06170588527792,-496.7068871511034,902.0731649481867,155.1840850709739,-17.644715378274928,-103.90216356882777,129.32560493606755,0.0
2834,857.1679238210218,3113.4626768007893,-1639.6456938120066,1209.2907892080818,151.8823216003199,-15.340657241934323,-109.06478673887091,137.24602108452407,0.0
2835,-359.932841431615,-2584.921292187028,-718.9625378081184,-764.1614412011467,160.8839409960169,-16.342829074996104,-98.97881663561694,126.5553919373899,0.0
2836,-1122.9798411568402,92.64627163586863,-411.5090812535146,-859.8285583418605,143.08558183049624,-19.21178765171122,-116.16141043544611,141.8706800008654,0.0
2837,-673.3632468068439,1553.2973821208477,-2029.5104247476218,-1363.2869296663723,157.38613113037152,-17.817459460277927,-99.11927155416967,119.31870430771997,0.0
2838,-2531.0941676551097,1553.552321975146,-2153.5898608114867,-68.30174243952787,144.7786228134633,-15.933744103471259,-112.31543575225835,138.51036932789364,0.0
2839,-1569.3437482253066,484.8850233770276,-1527.8788441900667,-1860.0206797648207,161.3131528975473,-12.539781411573909,-95.8891277876544,118.20909138501649,0.0
2840,825.5908415942215,777.4757981111818,-738.563585768455,689.1077756232045,156.92075052724363,-15.027198583294723,-95.59241912018882,126.29336927589456,0.0
2841,-55.11710945090012,-1600.101115237891,-969.2053370558122,1825.3818022677794,156.3022651465007,-14.352533425979088,-99.89202270739983,130.44308998609606,0.0
2842,870.8357981499063,2605.778596079951,-579.8459572548858,1495.67430146862,152.43130078584602,-18.127565588184787,-99.12338339026994,129.84053221505204,0.0
2843,-1448.6121261914489,775.9080731790873,-2804.220453233985,-2119.772482583596,148.9514826674423,-9.53202100310234,-106.98605041164403,135.0371799322571,0.0
2844,469.8024812717333,-1607.097796828187,1881.0326939847218,941.992994464249,151.35875799494127,-17.548531370489364,-112.26578402409528,141.894452139686,0.0
2845,10.936682589172086,705.2125966179558,366.2780484542672,547.9675818610751,159.80916265794656,-10.724074620019644,-103.53017763205483,129.48634640932653,0.0
2846,180.682809911766,1596.8010383071585,209.43786339286348,1874.6193307489332,146.22813665963932,-18.50063304728541,-111.27538210965112,131.4172402669795,0.0
2847,-320.3576537413754,880.725594735869,-1844.7307389040573,-277.72192759514127,150.88960174278057,-20.291348170322046,-106.87057055636478,127.27163604335881,0.0
2848,274.56856923560906,254.6468173318232,-358.8196637986664,-85.31005381900088,151.4139992494531,-14.70289119094343,-103.81775036930489,119.72595990689742,0.0
2849,2172.0109267791236,507.86084178611657,358.3927863911191,1726.7731993079935,155.3254730518431,-12.944364642738936,-101.74547456614637,126.18023446438593,0.0
2850,465.4903750102262,-723.2039166035912,-1843.906767174232,-761.4627878029147,159.2977706450905,-13.608106743458745,-96.9345740414141,123.78568304257618,0.0
2851,-1062.7100096385288,-2703.5332061663808,-2856.471751569953,849.0182373258722,154.28501603644554,-14.624352752566429,-97.05703034258268,125.47620518899556,0.0
2852,628.8416595675311,856.9578943460405,1071.922483722265,2057.6573356619306,154.38802530962158,-17.002073576883475,-99.22432221602469,130.44801423618284,0.0
2853,-2520.6190670520405,604.2750510458878,-3035.868850714642,-3639.5955412849376,141.09194331590365,-10.711658097091462,-110.74965575187316,139.69128986660127,0.0
2854,876.8633173954549,961.1264501881208,1812.8570009222753,1958.8124938646204,151.34194204994137,-13.79066038018421,-107.30610628496586,136.98387915697703,0.0
2855,-1936.5762931664779,-335.7977176977995,-850.4278065406178,-623.9198404832458,154.1553217770915,-13.704673490829343,-104.0300681765851,134.30248700494082,0.0
2856,318.03100355803434,1161.130872617983,781.7974030733945,1005.1002549852504,155.03028875753242,-14.623399432622096,-100.25386597397376,117.75322145538199,0.0
2857,1592.9221076482795,2505.0859339938943,-1484.2162297383063,1315.754345533749,154.33811337800464,-19.348581670589947,-100.22784582634107,123.8283648211302,0.0
2858,2619.81264283194,2745.5774560774503,-857.7415883407336,910.2426989770338,154.67252474269085,-14.473142212724165,-98.59350129201577,118.60503699039394,0.0
2859,145.73061128894682,477.33884940253876,-1078.919493607035,822.2777125781287,149.20542541700738,-18.32275167839972,-108.75981702287802,130.30157855270144,0.0
2860,-956.627297285159,-3834.5082328164494,-2729.8247160754363,-2565.0114679388494,146.8785808001614,-16.54832164373566,-108.433761376507,132.91960028176797,0.0
2861,2464.112414790795,-3238.7428092854993,-324.32263666671014,317.97082984476543,150.484894292406,-11.49217060464416,-102.48320003482871,131.85054807372344,0.0
2862,-1656.8847911010607,349.1518566269408,46.32183197456025,-1785.822037705959,143.64223187487377,-26.626905615835376,-107.64025433733326,139.70295097180056,0.0
2863,958.8947201421153,-376.60277635027455,-1978.0757940189233,-336.70063358579586,148.96196730563162,-14.796037246304415,-107.16797076880724,134.0753880156421,0.0
2864,-1598.6128514011093,683.5908247232305,462.27704813693623,-1794.3352902964118,155.09600059344885,-15.726240062464838,-99.22332446122668,126.72317440650278,0.0
2865,-512.4962528991692,-294.0552142951401,-753.6112226891211,1.213103707617147,139.9160761163898,-11.430265504918609,-111.49841532718013,130.84672774030136,0.0
2866,1101.184775097328,-664.6448309429024,-2430.703441626654,-942.5411411481017,149.27979224709765,-12.374694351295014,-105.53013505026522,134.76753570879626,0.0
2867,-326.41838812959566,907.4371283456519,-446.78909026431865,-83.41380456869716,149.80232206473286,-19.545690494607488,-108.41065372102722,130.74593265667406,0.0
2868,3149.540487738562,2123.057224771125,1360.9066169629032,3677.9520698165725,143.72909958789512,-16.44806885904094,-106.54530081409511,133.60368470766747,0.0
2869,1698.7726777271955,-970.8392918609562,474.10428362484777,1502.7738005657764,162.96670596442075,-8.00485950270808,-97.29441855094225,120.87748563597691,0.0
2870,625.591187342905,-2857.0389191295794,-1490.8538733213625,-691.1592737476312,158.08959601062264,-12.752849234464026,-103.23920309662674,125.2002054384584,0.0
2871,380.44474475933026,1003.2706840342418,-639.1570271464395,948.7106357664205,156.87435262951595,-12.811552254432552,-95.38491596821183,127.31116496242015,0.0
2872,833.0725368298295,-614.9202214987315,-204.3792184860949,648.3352989513338,144.70566657074608,-12.629296647116647,-112.27644064659414,139.7380677018663,0.0
2873,-119.17256483871725,-237.66857615580943,-1507.463380431434,-214.6516431642715,139.76449849513662,-21.545218281479812,-109.86122431747991,137.56020929892347,0.0
2874,1272.7854330407201,1318.073474944799,-777.2995106994513,1273.4841449844685,155.8959725519321,-15.087646346975752,-101.89550200180105,135.68669293742775,0.0
2875,-888.5682961626057,2165.6290756142175,-613.0508643054358,506.8887436314532,151.62038855567414,-18.749142786602153,-108.03146025265974,129.826605377852,0.0
2876,62.22936756940651,1496.70874133321,758.145127651021,322.220033402663,149.81341946930905,-11.809830025482185,-100.66141179582756,133.99404788979555,0.0
2877,1451.167795718895,-571.1624060232775,79.24349178841234,575.8217392017194,157.79398755951445,-17.124581546474907,-91.61867849858554,124.86414381617197,0.0
2878,-1787.1250309042584,765.0321502263803,-2505.6562076421483,-2596.933485901016,155.812965639144,-19.362703451252187,-97.68438674772652,130.1954386673111,0.0
2879,1317.8972264795032,1452.7844444810405,-974.9885242199251,1285.1952884445202,151.57640556485612,-18.073985176810133,-110.47551672178676,135.00873264940563,0.0
2880,-1096.5037514823903,1289.6004454942217,-2621.400180787105,-1735.7690664038146,154.39768222250513,-12.482901735484864,-99.26041392242409,126.1349950888224,0.0
2881,1544.0626065306049,3824.4919204985063,-835.1785195810974,1861.2824135785943,158.95924713961242,-9.665762669316564,-99.07239365023125,125.89632752626203,0.0
2882,-1355.295597411204,856.5301337868494,-252.39036950490495,-1547.4119798190222,152.00931702534362,-22.494150826149347,-99.12729509813231,134.77987269302682,0.0
2883,-515.8377986988321,776.0250596380582,189.2516738215345,-111.26039202364421,163.1090263593147,-16.94263379385441,-98.75969391088724,129.3072156317712,0.0
2884,2230.436670307459,166.24483048586976,-1374.3171918400649,128.41616235164287,154.5050772254521,-13.296603780596799,-97.15832817727535,116.85815040564745,0.0
2885,-957.2987443442619,-790.4590034049916,-2154.1581590643355,-378.8915425781028,142.02349051009833,-22.415016605026086,-109.25122050876173,149.73905916243558,0.0
2886,-311.77454046269565,1201.2394814606107,-984.5364189194366,1173.631896551147,148.78718546980352,-20.40626876722605,-103.7918535339572,125.88471670082032,0.0
2887,-1313.2793778698544,195.41475055788877,-2685.1870975175802,-1491.8483550935362,157.79733678514515,-15.626050359142639,-94.67531618222212,127.95128579758462,0.0
2888,1437.7559084782313,1156.8708157498497,-399.4528358229194,910.5907654598195,149.51638737214193,-27.703142935384793,-106.35126173736127,137.88311141227345,0.0
2889,-1731.903037497955,-36.64892220131979,-2480.2207984035163,-2128.6996230865316,154.69973528902318,-13.037202851515826,-95.4184580609775,124.95976953535697,0.0
2890,-927.6847205164552,-709.8544844508255,-2092.3280980416744,-780.2786008792629,154.9708362718438,-15.492359266244083,-105.80456061410523,126.69433411563567,0.0
2891,-503.8813135852436,-1709.991135049537,105.19563660190879,1050.5702591507732,153.01070382785653,-15.773368580810272,-96.31647453830558,126.10160781750228,0.0
2892,1352.0048682367678,2751.5812679945498,-805.4925362754622,1482.0581337138124,150.93427042848018,-15.671891960857373,-110.77413553027,134.0153284137379,0.0
2893,47.76211157841086,1639.6172054946937,644.7846293495193,252.8772535857071,153.576529757462,-13.506377193580782,-101.1863320000578,130.07202505459858,0.0
2894,-79.18377348094894,-2150.3933168955296,-1.6644591678578458,283.75980503771615,148.16096072498658,-19.564014107303713,-103.01672241414887,137.01273846425494,0.0
2895,-717.4021887126822,317.3190318908843,1138.2543587005905,-68.85486584482288,151.18176161770936,-14.838466312703627,-105.8115384967938,125.3122925147106,0.0
2896,3100.447097957145,2509.068210493961,665.7799764986358,3160.3986121977164,152.33061749388722,-17.997713250884807,-105.1578397943131,138.70138550880375,0.0
2897,456.1051153006546,3216.4840052446307,-1398.6642163046897,1334.7543960522103,160.32561941971434,-7.291198701839683,-95.63751006104637,127.15298719883437,0.0
2898,-696.9632697604223,836.2336572433748,-421.9462374394137,-650.4564796208807,144.9117344484881,-18.181959946969666,-110.63065501361888,127.92174109488589,0.0
2899,1120.5794390756823,-346.2888096661984,-754.7051884687963,712.8469211897556,147.39525833304197,-12.386320939046259,-109.89991980925872,140.86240567332868,0.0
2900,980.9795621866616,2809.776977677898,-1325.699733235634,1066.0806554903863,153.27585400393377,-14.475493633114082,-106.42125601739514,130.00495801371127,0.0
2901,-1238.891462718297,1204.4460489355845,-1290.3493477402228,-1735.54132439267,152.0405236708823,-18.373553694315444,-107.23773702455479,138.53836926669717,0.0
2902,-1082.4573873844295,-708.837797043546,-1108.9704695221021,-494.759794665955,158.71226479734207,-15.382673713856578,-95.71184054385735,121.52250653047872,0.0
2903,-506.14469682618477,1355.8181412453011,-1627.9692888532438,154.8695256227688,150.71423315991544,-12.146702476043426,-107.22595829148423,129.38641036758688,0.0
2904,3646.9967572043256,-447.5390667179985,-111.04827602070128,1680.7357650793579,148.7644073345495,-21.031169965553946,-113.34636449945694,137.28569854158775,0.0
2905,674.2584446563733,418.49095213500334,-1544.3723850570955,463.52671429050343,150.7817600937724,-11.101753212743183,-99.43128549614805,130.14483806980152,0.0
2906,-1619.654494799387,1123.0559257604314,-1295.7692374182177,-2267.61284992337,149.02018750945072,-21.108511130113747,-104.3928780907488,138.45913437517453,0.0
2907,-643.4215505678628,-229.7242919814533,-753.4345031532092,-251.89517490534445,145.81140866091474,-23.166960050964196,-99.27053253112439,133.45622300153298,0.0
2908,-2454.2228749311157,-887.5149208563126,-3148.358113294591,-2841.5262132948137,147.54186191118063,-25.00048738456923,-114.30697362267473,136.9807566885213,0.0
2909,939.1433759027725,2871.229332112814,-187.19191220451722,2110.5564208282335,156.61108214213874,-14.629212021829975,-107.35020925214572,132.4964791166254,0.0
2910,11.107945618421189,-197.41550352677152,-2644.916312747971,-304.5621058110395,148.02371400976904,-17.26730685021601,-110.50603535077174,142.50253960544472,0.0
2911,-1734.7697082602044,168.6497502129613,-1054.7374559422333,-1942.264348494656,145.04155288584295,-17.141485822232525,-116.10216673913399,139.17026905810434,0.0
2912,-1275.6384089404787,705.6139509247894,-2767.4338046632447,-1844.4642138756942,153.3049102225037,-23.731789511468424,-106.48794088051275,127.64418303095592,0.0
2913,-788.1093013408163,1359.774075508221,-1225.1657948823583,-1100.5277258684062,147.72126878153256,-11.088681546461466,-98.6979675345478,127.50046975237186,0.0
2914,187.74378125715668,955.6100255271516,-709.4147819362202,1161.6268327474854,156.38694687847305,-15.762257954104399,-99.40377589350719,128.60176540444792,0.0
2915,-818.4873087290333,208.15057813113518,870.0612506334652,-217.85127260108342,156.80664845530399,-8.21364807969119,-95.24552443396871,116.80607272662674,0.0
2916,767.7506651689167,884.0554023022194,-1310.0327482110024,551.994035923418,149.07447972271305,-19.007536914066712,-108.80884572704124,130.90947986640344,0.0
2917,1610.0155904927883,377.75400021065434,306.6080130032782,1609.390816803014,153.20036748857248,-14.017024404142898,-99.98993718324617,124.87933513920123,0.0
2918,-739.9828141051531,1061.2687213627298,-2311.138188460194,-1327.1969751589104,155.20942340425006,-18.82087118887723,-96.59224684872378,134.79716438176436,0.0
2919,-1143.4255501845764,666.5769384554343,-1045.5041110580244,-1324.8117718538645,147.0326582561976,-16.468745202654812,-111.10577369144775,137.98080746578367,0.0
2920,266.9556623361531,309.711102249176,378.86747759390875,1144.0107081520516,155.8049351011974,-15.049109517076584,-97.35894172647278,131.87648358950514,0.0
2921,2821.6588050153505,-85.17266855743524,74.00584648043386,1250.2061129211786,165.3256639932116,-16.236456008178223,-95.490329428936,130.19925603840707,0.0
2922,-469.871133367047,1416.4985161539767,-1201.9143716945582,843.8393537488654,149.12932847772598,-15.146567691781659,-101.41129991057677,129.95323735246737,0.0
2923,-1373.1683695734846,4749.7641829273125,-3687.2591628428854,-52.64119906412502,138.27470011353182,-15.465200448764199,-126.71409971153403,148.9900625579305,0.0
2924,-536.8499542319087,897.4191548579711,-185.71006975915364,-425.9930363309623,150.7611605066324,-14.001573411475839,-111.0301855245171,134.84836880880465,0.0
2925,-370.18209113484716,1034.0827878446717,-833.0684732503573,-359.3795461335857,148.3970815303985,-20.493069934528858,-112.48265702553982,142.0979635868103,0.0
2926,528.2607410825867,1323.4974795089176,2232.5759919388706,1429.8662646382998,142.9185413690011,-19.485110720622014,-104.26912220436273,132.03526315890934,0.0
2927,1936.546619291819,597.1324903737634,-1181.739170059504,270.3243424697428,147.22830067073852,-26.13740389820204,-110.82414992281053,138.4186298896899,0.0
2928,-1021.0189618578494,1786.3524157626093,-1031.890051101813,-1755.194253801431,148.4010430808517,-18.235133725381864,-110.35320412003982,134.34938449067192,0.0
2929,-135.6176809895472,-2970.9037015530735,-668.0843823196657,-813.8942406327385,146.72855813467956,-17.973711344900142,-109.6024003076216,134.65889186698254,0.0
2930,-468.1715976254064,1224.881587015365,-1391.2384267377784,370.3696658749826,158.2565194653728,-14.784118628235438,-95.56687870218046,130.88526693419848,0.0
2931,107.45463864305906,983.7795284526342,456.10137039438484,631.1227803500284,151.41921323766684,-16.09870291088276,-102.39052323676789,136.97551218782561,0.0
2932,-958.6074133670709,1180.9173922309947,-1164.202661648905,-1445.3535576010818,141.51994512271327,-22.569171765319574,-109.17494385204448,131.99833652729447,0.0
2933,1590.029425421472,2738.605169846445,-1622.8617600469897,928.7686493905774,153.59225264697875,-16.64803151617492,-99.71742199177086,129.52172033443543,0.0
2934,239.320446942127,2478.466368561062,-3733.676888373488,-932.3211168959812,150.68066717160525,-17.759730130777882,-117.18317405448369,154.42712683401356,0.0
2935,1213.2833140420557,2159.1972485275837,219.35542829273297,1655.3000320468504,159.0879901783675,-19.078817709176032,-90.75907873590582,121.11746286560998,0.0
2936,1259.2724758191923,-1122.3756701454631,99.20293313482762,680.2356770181935,162.67504210533065,-12.0956247218975,-95.45878459986226,124.13160973185062,0.0
2937,-1489.012533539392,-1807.2822428126708,-2065.9547308958677,-1949.1146792399918,157.10335528897295,-15.321625600242344,-93.48309540452729,117.9171286911477,0.0
2938,-1856.0635418813665,-402.19574758953036,-1512.2545669898145,-1923.3112020509695,142.62313412212984,-19.90455431347074,-109.49079559489483,131.92317860240277,0.0
2939,-957.7673746016958,-383.79402720493533,-38.591965126281416,-443.45297759406634,147.2502260821883,-17.924786707604408,-105.68340953164346,127.23891167153805,0.0
2940,1023.5079689042466,1759.7573240240845,193.69838033090463,1957.8394937235626,157.34057764620746,-8.994609601191009,-91.27079505652993,120.0375646776895,0.0
2941,2215.169263041886,737.5671853038596,599.4091066272053,2014.0392617255818,143.9629410111385,-18.25421451684296,-110.44335296583411,138.39374117338502,0.0
2942,-763.4783414566406,-1252.0200709241146,-1088.8333425697865,-728.2770398778041,145.69345291730028,-20.15290244621657,-100.45506687845979,133.0754551123573,0.0
2943,408.6846643706569,2402.331598278689,884.492799530402,428.5304778968964,157.40057740148572,-13.890649957819374,-97.07159966478801,112.16707367258759,0.0
2944,-1228.0564350094514,-1163.4084579202172,-1319.9396741263033,-562.4777447816135,151.5944596913561,-17.98863266082625,-101.0608636739908,123.48351330273327,0.0
2945,-1264.3681496845857,-759.3671545144481,-576.9149087946306,-380.96778986565596,151.70995992286296,-19.295699617977345,-99.35457365678882,132.1475887254798,0.0
2946,25.057958951075634,2132.4581549499853,-675.9216987973326,1264.4664310875576,153.69878402051094,-18.359052609599637,-99.64875923576136,129.66570113060402,0.0
2947,-1716.258451553315,19.189862340378916,-2013.9585527709983,-2021.5955690476303,153.79434482554063,-15.49780600965467,-101.88084228613248,128.37938884277997,0.0
2948,333.9892603674933,1445.28478209804,488.39948019822407,680.4332208024568,142.56627365645463,-12.400734658236239,-110.37864597606652,138.66681772498498,0.0
2949,-1135.0114295443518,1237.8829214275036,-630.1959849384244,-1659.7523259158502,147.02336033521942,-19.527735458691307,-107.87503041974723,138.38711796866187,0.0
2950,1412.2540581912629,-49.60952112617617,-827.5956480022436,769.2480042958683,141.41706630723922,-19.099558455398146,-113.93422587996098,131.61167924950348,0.0
2951,1257.0295389726266,-1973.7704927267812,-1251.3377370501569,-266.02079276225567,153.00168567205222,-17.808063562302372,-104.48449658547543,123.75164269670086,0.0
2952,26.80656464239729,657.809348309551,-460.30165598821867,1157.0500102545723,145.71501905859242,-16.981321543457764,-110.94272730036116,137.11434989764237,0.0
2953,-1633.3313155672593,2129.489608629397,-1576.4945030407357,-2933.9760336412182,152.68935354002295,-17.315057179912763,-97.84237473607605,131.1299879010697,0.0
2954,-323.4996738475337,-427.7822008486146,-2138.958170900213,-572.8907692638882,158.11055725112712,-8.850367515038677,-96.8234878752317,118.18245416546978,0.0
2955,-904.876643368572,1072.5941473497103,-847.0318917157907,-1043.639344690342,150.65634651632487,-21.109302773474194,-104.87734141140196,140.54225090739277,0.0
2956,428.585338469019,-949.239833813113,-1801.0327529643575,-893.7675508720152,149.260785801951,-17.35521190085071,-106.04415559707122,133.22139772990587,0.0
2957,-843.5385916721508,1203.1107959914782,-529.3652020015683,-1039.8505359447731,149.70406278120694,-18.292230963442364,-103.2872444933067,127.7801306794451,0.0
2958,1855.5552085562613,891.6998349389926,-550.8655112724742,628.0450582371,157.4093729522616,-12.236937188891034,-104.03942361701625,127.94459653050127,0.0
2959,-660.574780290073,2793.8311774678295,-1533.1818570171233,-1699.9780302159616,152.30921539702567,-11.146205399391857,-101.26257814634587,133.07716740791219,0.0
2960,-1114.1435989354534,711.1782799626568,-2195.8507918131436,-1451.6076223542796,156.57439791150037,-12.493144571897094,-99.48786340173793,124.52810247353807,0.0
2961,-33.33273676692371,-2039.5294111602796,377.58346385874734,383.67006821683935,151.5191143769834,-17.946087072826945,-102.782516225892,123.19013345009446,0.0
2962,-447.78592364570767,-617.713539081206,444.51525168543066,782.0825605686789,149.9824813030061,-16.908370615127875,-104.88880890391594,122.8628137153449,0.0
2963,1669.7441527990359,2220.0087867920406,-684.3213184606452,1666.5073110585931,148.17268172679766,-21.010475101870046,-111.97123844478105,138.85609171405088,0.0
2964,-833.2300520420773,1090.9791511775534,-1904.4637719698458,-1213.501359792054,155.10464134100525,-18.708451136251668,-101.12168993639033,133.45780888930756,0.0
2965,1294.9992342802957,190.33296251464708,-1433.0292084077182,83.08018611536393,156.49310512251648,-15.937075003258066,-103.27771195650928,131.08381943283032,0.0
2966,-1486.9541888269416,1554.900084662404,-2227.675773228302,-126.0141430238146,152.25497047069,-16.7645233956239,-103.25715981267653,132.70122973383565,0.0
2967,-918.92539609585,781.6129972645842,-859.8122199826938,-1030.4506787686605,154.53451471773246,-17.727956258696665,-100.85809835297017,135.3915960926898,0.0
2968,42.80093650663016,2161.072125966943,37.220960339810006,1534.8005003138298,145.88354654207868,-15.384189889125647,-104.39487181875049,132.48745367420943,0.0
2969,3038.219713473136,-1129.195652066764,2783.674981674837,2954.537480560511,159.06217999317522,-10.926462159642949,-101.19896377912772,135.57905745001625,0.0
2970,146.93128370423116,-464.1500479498715,-1513.0156890737362,-367.37893910827336,144.67269288588054,-24.549449399879485,-111.41445424899815,135.22370218039512,0.0
2971,-197.66338366021907,504.375472872213,-580.2694543286476,230.78811606510018,146.50469198767982,-19.761212052930556,-109.95708233647026,126.5877646414501,0.0
2972,-1794.9701944621306,-117.6808837500578,-1361.813304791055,-365.7746693272377,154.66108318592669,-8.131107456832954,-108.19701034331793,125.6762603841731,0.0
2973,-2115.4529854438197,292.09663679598236,-3804.8153543088033,-2398.0615114845505,157.7065880490193,-22.456993734575136,-105.29265338075932,131.62065905236568,0.0
2974,-61.929209333290935,320.48455636893544,-59.597018833546464,543.7096069946932,154.07570008572674,-17.857081766881056,-94.74789664150823,127.51458983243131,0.0
2975,486.8335694781979,105.52955876426606,856.4482150324054,1767.1113657689136,148.4903354884725,-18.049292464149932,-105.68556109596813,136.22838171872246,0.0
2976,-0.7146017626619816,498.5582108513985,-3605.947797038966,-1235.1919036809386,159.43860275010582,-20.24208717251887,-89.21259912820707,118.39039846937567,0.0
2977,2516.9354122266604,815.7499038799118,-457.7060085523026,1008.8026286878832,146.14297692637297,-23.14616435342848,-115.68172265454731,141.22513688378075,0.0
2978,-764.0794939149313,880.648182392815,-230.70003269217463,-574.1668256543044,154.571712563059,-15.364938250978225,-101.57661029000423,132.80192881865756,0.0
2979,-1678.645226431785,-639.8309798799983,-408.4953238796329,-1356.4520226772013,149.972029910591,-11.354020129396483,-95.11220754179264,120.56620027250894,0.0
2980,1730.511408012043,3250.172705522421,-1208.6880901723762,1130.8831328893334,144.22132722630292,-16.950954584729878,-109.09125834437211,137.63155666016988,0.0
2981,-1794.2632665479416,728.9306906247372,-778.2471037510238,-2292.065813585331,158.7211902556643,-13.444911270046688,-100.95730246543545,127.14033092902271,0.0
2982,1973.0746827997275,1724.638103766174,-389.8442044760227,2023.5059469632756,151.08295305943898,-20.8154908957881,-101.47748817542288,129.2383700134913,0.0
2983,1494.5197810546053,-378.15485401368244,-293.26437438589227,573.8499154081555,158.7183573725974,-12.444257216782702,-107.53871020037231,140.16391598191993,0.0
2984,-11.090460130887504,2371.7918827741073,-849.9577321029403,1038.4451627452027,154.6501527013159,-7.339912207611627,-106.42905629415421,137.78746969946528,0.0
2985,-1189.198166454476,1237.5019789665935,-1067.0058467137812,-1765.9323930523865,151.8826738260136,-17.347574136407868,-92.26820783244946,121.33342150357298,0.0
2986,-841.8089675056202,-289.0508752841732,-309.2597249331231,-199.47768089611534,146.78443015368202,-16.839376214448205,-108.76182150517832,133.65064550316734,0.0
2987,-2198.3404520919757,-113.8272387619647,-797.721945849174,-2461.692921630928,156.35294413701797,-11.755686412223088,-106.7254604782189,137.0340124406838,0.0
2988,1677.8038240362653,-1258.3728100185851,-771.0919905276764,68.76506930349949,147.51432493434444,-11.026298358701501,-117.86701310386695,136.24885821086542,0.0
2989,-1858.2241123978756,2576.251934243351,-3017.759340343279,-717.540486980139,160.7998584249711,-13.98678574821925,-96.70621572820339,120.82814376805726,0.0
2990,-545.9597745991935,2093.9173284491408,103.96718773057763,-962.5655277534808,146.10601587489157,-18.911252066893013,-100.67079980302339,137.3458327551174,0.0
2991,-652.6499891014508,1544.4253918081554,143.1690161834046,-837.308261050362,153.06899249291703,-10.609415407421618,-94.94405996963201,130.88796513297552,0.0
2992,-1362.5408259382564,780.5099561890494,-1347.3474559704723,-1822.5088736600762,153.05042367249294,-16.419566363444275,-111.65318259732015,138.46679648039563,0.0
2993,-466.51737397426115,-1761.1358529409385,-838.1257486666551,-966.3195938444868,147.1519067010382,-16.75673830604866,-109.81697106445274,131.30961664485724,0.0
2994,-397.6190816872836,236.49845585323246,-511.3529884110952,105.99886835512108,161.4419486919213,-16.984815492957473,-91.57934594133843,126.53714560063528,0.0
2995,-980.5692324366886,840.1838177293084,459.3117224586257,-862.6873304277727,156.5399945012865,-8.985569944867322,-100.8887476857732,128.88407222220016,0.0
2996,2833.675763185982,2412.479577170322,2155.1001680593904,4015.579303281813,152.39173352500092,-19.32322134365884,-104.78821370583812,129.35622892315786,0.0
2997,-1071.6484176108925,-492.38452618012883,-998.9863357996703,-610.4279975551499,149.60847745283826,-13.020942535397259,-104.58789869262891,137.07083079207862,0.0
2998,712.0415057695798,1158.384238684464,336.8435689758866,1599.6593599298094,145.10355867674926,-22.806327142825403,-117.7958606066035,144.28122300254861,0.0
2999,-626.5415452195404,447.88268796418174,-1865.0377312986034,-297.454083418538,160.85772731012648,-14.539628530147185,-101.33361221921793,125.07663393779804,0.0
3000,-389.85805526300953,20.420118985265823,-495.8388566241166,450.9812709694425,146.93752505802144,-16.432666150807492,-111.06565396217293,132.65685377874615,0.0
3001,-1328.6437057539245,2326.346905979314,-338.1643665833014,-2335.359757349509,155.74849517815085,-7.537048287942948,-101.42409554915149,121.03258377164667,0.0
3002,-928.862786699238,1421.5527653294298,-493.673225735522,-1384.7581395198808,163.2171557071705,-14.906007297954439,-91.45060109591647,119.16109584616927,0.0
3003,-319.8997244981114,-445.8314881651013,-96.0582093412803,341.31887045648205,151.31688550385434,-17.928805803173535,-115.07990775520564,137.0100705968483,0.0
3004,-1036.732514547611,146.14514038433785,-1174.9767333839252,-875.9656157496383,154.79419168856336,-14.303430173826714,-100.67496180829852,116.5589071447606,0.0
3005,-499.6440832262978,176.79188046031078,-865.1569784894124,13.252469402971979,145.80872154673256,-13.379269930306835,-103.03564027887853,137.54725305220322,0.0
3006,617.2896474468527,1382.3291883954369,-93.58193828410107,1326.006618664561,154.16153890932605,-20.146775778416277,-107.53094643565869,132.61535642737337,0.0
3007,-205.4927753716346,-556.0479394797753,1558.7820148334022,1095.9628933766783,152.63767057590815,-12.996593172026317,-100.13411734615217,127.70432453856,0.0
3008,-936.6248029730817,948.3559571326693,-674.4121902846673,-1098.6383769375416,153.92680926335927,-15.38277227331909,-104.4125532097463,133.39482732940354,0.0
3009,-3979.8127261088184,1063.377533729042,-3167.646831398639,-1507.2955909968607,151.9490592957145,-12.608159483327071,-102.88049465365204,126.83935709443496,0.0
3010,706.560468819138,-1514.90843808435,-939.5227073579043,-126.61533194206469,150.94832565825155,-18.234486726482277,-97.83766072084886,127.71093077286163,0.0
3011,1503.0274881760818,-508.8834422668785,1789.1342276097403,2241.228131242054,142.356014869306,-21.268595883438067,-115.85411608585204,147.15593106406573,0.0
3012,-737.4211138087217,351.68707568542527,-686.1250638723164,-496.72229874142715,147.27246965652154,-15.489957720802996,-105.6233578693004,125.61110723306467,0.0
3013,457.6659626449285,1076.5351924174895,2514.903264172641,1364.4730297027704,150.27274360760015,-12.260583951885001,-102.9030594560737,131.7436366546024,0.0
3014,1368.0934326646527,1299.3058049912681,710.2509695856264,1952.641739788154,146.72482796719748,-20.201930150880504,-106.46112573063944,144.32936906709656,0.0
3015,-1235.9159101888672,-360.3445017918745,-3264.5856092221957,-1180.467231753619,153.8709748460663,-17.247464727213465,-99.68770224174727,128.51759422595478,0.0
3016,1627.2292454116773,-353.33948561277833,-913.7055747784243,364.41389961697007,151.77254269337058,-15.209070350349613,-110.93595714668832,133.38176498157563,0.0
3017,2203.4545995694134,764.6796236876635,-690.6682398172047,1404.7111974119434,144.35987807419744,-22.035017689065874,-102.12768347901752,129.45114489910011,0.0
3018,-479.4057401148173,1594.5079483849977,-2149.931264582094,655.2340955833406,143.76217694333158,-12.874129434494723,-112.12800129462268,138.25728875774234,0.0
3019,-446.9871148118406,559.4241396631269,-739.2310238860615,-261.9913215219286,145.67948807547253,-16.96286255381892,-104.1920951935714,135.2771901491185,0.0
3020,-250.12510598748793,-14.479736739329873,-903.7214640926268,376.06672826148906,145.7486440470271,-20.074076882978435,-105.8455353452232,131.10813034941577,0.0
3021,-1481.9340898823798,1014.36736961095,-2454.745067479717,-593.4549563771268,154.68186423319946,-17.943278987142136,-99.18631667551041,127.5822576521883,0.0
3022,-728.119351096194,1042.368736369863,-539.393460138231,-879.9013939226367,148.80920075924465,-12.481763208907703,-111.48399217856398,131.180386956672,0.0
3023,1472.7456567942345,-806.6766612837374,-917.3822026980803,155.63004870209832,149.97739738210282,-13.213210196811769,-99.09296219168907,115.06867738824099,0.0
3024,9.627536467393327,1208.0727443277344,885.0214168776205,400.5346793479477,139.840572395797,-20.073226678548917,-112.70146931143887,136.25221734822097,0.0
3025,-300.28579950844534,315.35965185330105,-464.48230421695257,272.62466400935426,148.80165518350194,-15.540662854355519,-114.64713156017987,142.8372393520672,0.0
3026,-659.7131847295368,1711.4504268657147,-451.111587294837,-1037.9693775085059,143.77922485139055,-20.758762442002595,-108.33886357152223,137.2851987598364,0.0
3027,-1678.426197653148,1650.3302111782912,-1577.4550975727564,-2570.2812842878575,154.52488880657543,-16.92078746582513,-105.61491139930664,136.5546360464069,0.0
3028,2510.422154220216,1809.9278887450846,752.8671820096915,2818.0804686756615,143.8034480625534,-15.087335305333674,-110.21712136205042,136.31681134648437,0.0
3029,62.92883483706766,-1408.0063068463935,-640.7410806358351,-350.5039234702384,146.6829284704162,-19.708914187979527,-109.58973169644756,133.36598310178815,0.0
3030,953.6829359613392,1214.795939335552,-107.8380693722143,1540.2669222279512,157.31484481099662,-14.408642823850428,-98.40972856901612,129.2373233892584,0.0
3031,-25.314864571932116,1112.716962947358,-2006.2341995219351,28.168615990557043,157.89653399857627,-16.484428583667178,-99.11523133040446,124.45791081295255,0.0
3032,-1086.1471047924144,604.354202474066,-1627.0799934749116,-1343.0440004133511,147.16769172935318,-15.98719220787549,-109.66097115477187,137.87883538099868,0.0
3033,-633.470170049043,730.2284001059727,-442.98011238076856,-455.09887537887164,152.4069302947684,-12.06627696157308,-99.49210412583435,124.48965054284832,0.0
3034,-788.7928373471193,1427.2864036079186,-1133.4244749171082,-1151.767727442529,152.73682270318724,-18.894704588170583,-101.34692576098928,127.5171595574024,0.0
3035,-1507.4830254851477,414.39785029967993,-2343.785510309191,-2050.586856804308,142.64497545263688,-20.046635412318146,-110.9595168099816,138.72885756976996,0.0
3036,-355.09677864399,255.72457198178648,-1410.040368650815,-40.06157251422109,150.3396353189379,-18.767756796782848,-105.30802948722075,135.61341819701258,0.0
3037,-1088.4801409160455,-67.08752988496286,-688.8678866071182,-815.8410960055649,156.93415675489274,-13.370839399986869,-109.01692614358608,129.78355066354717,0.0
3038,-326.7902721513851,473.89455614929557,785.2613838177692,2155.349911117037,-152.79642290886454,20.871034707211926,99.75423990316156,-131.98366922834117,1.0
3039,-1479.1912652281203,-313.34570153267686,-1301.391873544506,-510.66077740934924,-152.4932776982752,18.53319182783144,100.67895959873559,-129.3473660123677,1.0
3040,-1034.8179589858423,4.7229369083364725,-2919.5116404420082,-602.8918438381517,-149.50561432833362,17.89979637602587,90.18349022623673,-115.72311542107558,1.0
3041,-920.7104950085777,-15.36016026579704,-360.1246348503541,1373.678158050926,-148.58205928120233,16.742103568831322,110.9654000272041,-132.30859664387307,1.0
3042,586.3994394223394,-422.00927616463696,-165.27819238680823,1413.9861051324967,-148.721398308873,17.995223129555825,100.63370737324016,-135.208837830743,1.0
3043,-341.9840708521513,-192.6842984395419,-1955.6223981944129,1235.4503959766248,-145.81653899265268,15.266442489644897,99.68848287539484,-133.63588695120947,1.0
3044,-637.870967192544,-1479.8698323750239,-514.678121212932,1140.806224989278,-145.0241530670817,22.467797078284423,108.778189379328,-137.17707977303817,1.0
3045,-1035.9484967369444,525.7048342731965,-482.79062074155115,215.96326047718546,-159.4526656068779,12.105377218280818,104.28921559590464,-129.97692596065679,1.0
3046,-879.2044667099159,-705.7163901099655,481.2274532804414,2557.2212638626143,-152.31225038543099,16.039370895627528,102.22813985104582,-127.01346332698765,1.0
3047,93.02536657785178,-1960.635783502488,-985.9560410450907,-577.4076375886646,-158.0063856073282,15.38991779485744,106.46653302271822,-130.1792239893275,1.0
3048,-1361.8755426676482,160.9591773280289,-1417.73156932344,1899.0258733906144,-158.84387181731373,13.484120945556882,94.96514896432004,-121.43321434661364,1.0
3049,-1986.734812543835,1026.1381376143586,736.6882016578066,-1610.683608461254,-144.56487952632017,22.27317630178365,116.40974300305818,-143.66884875660563,1.0
3050,102.57460807659639,-127.98781167123316,-1058.5619458618567,-1564.1320488021233,-158.46925532692325,7.753562642427482,99.12033462116597,-120.79895624955554,1.0
3051,-133.18762887147722,-206.95958426856396,-461.68464017459104,2095.2118360505187,-148.48995657871708,16.49481899616019,104.9663984349732,-133.7827817775719,1.0
3052,148.76414177231635,465.9816311321896,126.54630679704397,-3321.2629569793767,-150.9481043214228,7.127324509159784,99.77535862988766,-132.9681634274736,1.0
3053,-1169.4167349168333,-1473.244822496513,612.682972003469,505.5641011135203,-148.94651895459873,19.527277289855316,96.91762564936585,-136.9795321070392,1.0
3054,-1876.455506951934,-1106.4642727817393,-2621.50741905833,1847.847608201061,-148.3691581967494,15.377816572675036,102.64191909572456,-130.98930367807404,1.0
3055,-1500.7128963388818,-138.4621699666341,-1266.4926122054264,1890.4238256657602,-155.4213363480113,16.057360945788123,98.03062683657294,-122.14642775489784,1.0
3056,-1018.6212669924013,-1225.738416924081,-2413.0843520109415,-1317.1895157094898,-142.0201932191197,19.270284609261846,115.56648491458593,-137.67543173512456,1.0
3057,-679.8697014872434,-191.64637622573258,-1892.6506175685945,337.27054674213264,-139.36109923766065,15.928394425658245,110.215354545848,-136.43484074179702,1.0
3058,-454.3053243561971,-726.3899243865616,1492.244961250577,1984.5350177771547,-146.69378275743915,18.23734167327894,109.9781186468395,-139.08466331972883,1.0
3059,-558.6835095483186,-1449.0806817548932,577.9661188179372,841.3507592703552,-154.86197361497935,14.199308168691259,101.9172640781627,-128.90708435542564,1.0
3060,-1488.1833228987414,-30.669132305225453,671.9517614523061,-1956.2529476228638,-141.33953495692245,11.34910311998549,112.42178626439457,-142.00804915556222,1.0
3061,-1139.8820414970946,-239.98349480682154,-1291.3728182411585,663.0673804563795,-159.71748413045603,11.34950324385224,97.76010694452022,-126.5848487274984,1.0
3062,-390.946555019831,324.91800072504145,-154.1182826182427,1042.9196053216042,-154.69052095776826,18.261119988412997,92.8935540441092,-117.466823821316,1.0
3063,536.878225994308,-756.3293528789538,-1019.9467035285896,-985.9427013240771,-145.22850549271018,17.585104684368897,106.26761461377812,-126.86530537626382,1.0
3064,-591.057461980542,148.97181096492622,597.1062752281491,1130.1717817914173,-151.25316097651776,18.19223824064858,98.63460703599125,-133.100403340202,1.0
3065,-1671.2768246651399,-646.0909890974291,-1572.2577950480238,1262.8382158901716,-155.9798557214341,16.31727252291147,102.54322745136814,-125.19244258136015,1.0
3066,-2358.82573264781,1525.0746740804198,330.4747441902043,-2638.846157022433,-149.2784002431865,23.49048625774731,101.67575480988674,-134.81509922299296,1.0
3067,-1046.7472425538563,-1463.7086473312045,-2153.443926226862,174.17440870457784,-148.53345234390528,12.082620878629363,102.27318838775844,-125.1498474039728,1.0
3068,-1895.6871231852147,-238.76181306754222,-1911.161102094687,-370.8338103210867,-144.7462710150623,17.31484254089668,112.71638311673318,-143.50249265856507,1.0
3069,-609.2880958423209,-1496.0948884106501,-2.118853327015535,-704.034771680176,-147.79008659857698,20.53773049904279,101.81634615326553,-127.1850413478901,1.0
3070,-1713.6998359439535,-773.8469840527097,32.94970181876173,-433.68031633767475,-150.3037768605214,20.23743979450331,107.03679516021649,-136.58076494187208,1.0
3071,-2582.6583642573523,705.5635221071916,-9.663576425179743,97.2393285357987,-149.84268220933018,14.557838595130617,100.15436948596835,-134.2631835205409,1.0
3072,-2269.535193787398,-497.34697877403244,-571.4111430001321,-1681.5806204965693,-150.10265329490147,20.62962512488767,96.5861186671742,-128.63158122138495,1.0
3073,-1869.2346007409644,-850.0872461606692,-2075.399994652521,-70.40371519504758,-152.9062498886139,11.404435875363955,102.34140786406985,-128.83072703548285,1.0
3074,-2049.1798004711663,381.4700332213818,-1526.8277448193417,-1581.1568524107565,-152.37488923899662,13.485287111789162,101.34533163700735,-129.19660528219822,1.0
3075,-2040.1693405173403,-807.6187084165482,837.6411314568984,-445.90351167182854,-145.57359969782243,17.925361531854666,107.66979661771562,-138.9277180140316,1.0
3076,-1746.7003052751218,-1163.8013909291067,-2546.2305243677624,-273.4705399408817,-158.23256192803012,10.024023370375332,109.43333994885137,-132.21589865127171,1.0
3077,-493.52176893649124,448.6317666536317,-648.6925313402577,-1914.8548004206384,-145.0017300196689,19.51950996224093,105.82620863321695,-130.2009355181708,1.0
3078,-1858.1871946088456,959.3471659190357,1500.6401832759989,-1153.5742512808583,-160.18299551703126,10.571067608574555,99.15598903335663,-127.24024002491095,1.0
3079,-1162.7904558385558,-925.0003545263903,-882.0138407468207,1465.5078818798752,-159.45737652503834,15.689699102239754,101.36109137236426,-125.5262977883494,1.0
3080,-165.16334247935805,-1268.283159126548,687.5567650830363,-711.4862210191606,-154.0013193730888,14.758070133458228,100.3589795230123,-135.48315588280136,1.0
3081,275.88765510914266,-2026.834927702309,-122.31621783401619,-1534.4722098303193,-149.07294557140736,18.76615246947247,105.85313428950744,-141.6910846463632,1.0
3082,-932.6830894634154,-648.7311736358564,-1639.7655161829953,1746.289279417571,-159.66006579531393,19.071856313612397,98.15819974435135,-124.7660222791887,1.0
3083,123.66622422693753,-1044.4900310177477,1250.3497503591127,1443.8332643066817,-151.3747409245141,14.256941139335652,102.76251864330023,-134.99458219713298,1.0
3084,342.44116641907243,-882.3197972305318,97.14287968376414,-486.0940612502909,-142.8440346561951,21.00346523373517,104.96866115722767,-131.32980146710807,1.0
3085,-21.81353259346225,253.85255588108504,-631.2543135035507,901.4131448417968,-137.83976327016342,18.925347094165932,104.42634848683608,-140.6918450444991,1.0
3086,-1786.2038005143768,-170.2000070127454,-1442.788257949958,-855.7547507368969,-151.67907170374224,18.456422708866363,99.71332812564049,-127.65755620580012,1.0
3087,-1668.9782493955752,5.3978697411705685,-1369.179044608891,412.755043285103,-150.65556980559,18.71819865537087,107.00902499525618,-132.5249027334461,1.0
3088,-335.7672042885239,-1594.0359311314244,-785.2109479948656,434.8714316258764,-152.88658038740832,18.890411192809534,99.84909466048853,-128.1064433559198,1.0
3089,-1161.7258974221936,-1122.9189256159482,-1776.572692226498,220.10197161752083,-153.99309253152848,17.07242065296799,101.17410799746403,-126.61132454493469,1.0
3090,-501.1275216085015,-749.7464083653924,-1653.3829075166045,1331.4665919802762,-161.2934870603689,18.16759078068302,102.39664233961801,-130.1540987925124,1.0
3091,-476.121335638052,-1999.592242801386,901.8190597838961,665.572891982705,-157.26947989710146,11.556486214038493,98.22814508697633,-131.97437632152,1.0
3092,-4151.0815893605695,-381.24566028688616,-3699.8569756642883,-419.5497757600163,-161.2812802022254,16.520870091131325,102.36591360498814,-127.47241202582181,1.0
3093,1098.5741986129772,-2208.4179400369,-741.0175530181467,-541.9697517400496,-164.46685835247482,9.590704963535789,95.90569648217148,-132.71357026765287,1.0
3094,86.33358465759507,-714.1575314854132,357.44087363139846,2325.792857289754,-154.08339950298634,15.058467547006057,103.54322037483382,-134.02292272416585,1.0
3095,-2522.6908950855322,422.56981102795584,-1416.4059542702043,-1548.8048938322704,-160.06990190173047,17.337835543949364,98.3097595938474,-133.71140193052418,1.0
3096,-934.2678321435933,-1313.25322285787,-2452.0977271516867,243.6132444681145,-151.83498147366186,18.910833185756346,95.55878964796163,-121.30989238420342,1.0
3097,-485.93298922320054,-558.4027831753536,-709.6646904988798,-2043.6751173175169,-147.0002626654482,16.417067181022485,110.28851865724845,-129.64967050382594,1.0
3098,-613.9210709394846,-477.99694296785657,-1445.7742526302095,1703.9115491292791,-156.52290393056808,16.711454367295527,99.84671652227105,-123.15208437961316,1.0
3099,-1673.9446319831604,-319.43550923606995,-614.04129496672,566.6830884174242,-150.82309893129857,20.51066270917194,113.87950114563473,-134.63012158642118,1.0
3100,-1551.4438620435442,-1650.3653927497471,1043.5672006827385,1498.7646745450456,-156.80980561437158,17.4544845858332,103.92469759210002,-127.17707696853152,1.0
3101,199.04433719289133,-761.4481494270626,1177.0649515805321,-8.578013139659202,-160.74907048882392,11.959509855916973,104.6168258830597,-134.95613794032965,1.0
3102,271.08043292116076,-2371.698089639956,-427.0631344192889,-221.15770351203213,-149.8177318300404,13.828257399848013,97.87526009795003,-133.2166547706195,1.0
3103,-446.44247740578817,-810.8439423114324,-1417.0214829951549,2949.177069404373,-154.20782046606925,22.179541835835245,99.08930564126251,-127.1934765817025,1.0
3104,-297.45570004549813,-591.001333449522,442.0577362292282,1354.60772690814,-152.04969913669987,15.636055636773062,102.81722743187834,-115.52219486559986,1.0
3105,413.64092054235806,84.34914446384441,702.1410539944998,-1827.6131645118012,-152.93782991481152,16.2968263405929,101.67923872008015,-130.50682026648502,1.0
3106,-2055.8569448135036,-1147.153893399835,-2921.315448170495,-587.3581855748597,-151.08481751113953,19.863263198245242,102.7082600300457,-133.53287025861496,1.0
3107,-858.0456345255994,-210.04164901286876,-1172.8969141922028,-1978.7795097783048,-149.82428317750808,15.35881549903576,112.15250045762721,-133.55196189007484,1.0
3108,-714.1156997507063,-929.4911593195894,-1156.3155639338952,-5.449643734724452,-155.2925071135594,15.793462452240341,96.66570101779635,-122.52090559070861,1.0
3109,-1791.301228644675,261.2951703548205,28.66383022738137,-251.64406734440104,-152.29819030802477,20.753080457088444,104.64700260108043,-130.3652292600118,1.0
3110,-142.53987038835854,-1402.8054082688259,-1556.189899202072,-616.1462564639813,-150.43348308065268,19.89657502428314,104.52913278926101,-128.4924817565534,1.0
3111,-1665.2268994596468,1207.3946208135956,538.7450856890049,-3249.14203028096,-148.9750856836489,19.232677543766005,106.11404622094965,-126.57101918996922,1.0
3112,-2327.565462447564,-645.6003865801243,-102.32173795376966,-532.4130945750803,-159.44636859396007,13.369624309917517,98.78094000374024,-126.87144096302175,1.0
3113,-77.16110697462106,-2549.1762850920527,-1634.5936270659247,-176.24728597645299,-154.57363001441055,16.17678004879257,101.05273430414964,-132.91572400204933,1.0
3114,-876.0792365435329,-971.2700577377375,-1554.8713462272622,332.55157917227956,-148.7249392943909,17.42861208611256,103.46558022051319,-126.26976014003007,1.0
3115,-62.34380420990012,-352.3362927151742,-164.93620013784178,-1469.328787637469,-153.42908794648383,16.069153298829605,101.75012018439746,-123.27668965188877,1.0
3116,280.16961080645365,-1049.2476657363006,-834.1303192180383,1439.2439171483807,-150.2992130493858,11.960593652066148,101.54303004588598,-130.04484343490057,1.0
3117,-1096.228865769811,-587.9936232666505,-1343.458025796556,127.07766030263345,-151.2525552985971,15.95972808058305,104.84334849230704,-130.79677905172895,1.0
3118,-61.75961051674078,-1126.450198841824,-1229.6882675044208,-1076.3836669585548,-156.67960324495974,19.869289897989177,98.98827324146028,-121.97507753326242,1.0
3119,-2964.7101035009805,432.96909698078684,-2435.4227609207346,-964.635439520452,-154.4127394153563,18.212872631651027,95.20074733579673,-125.6207232881134,1.0
3120,-956.3624730741344,-1126.4531168294498,-2082.303307630376,1067.7820514778384,-143.1190654743277,14.064403324985621,109.76341545825623,-141.76657259947234,1.0
3121,-477.95149354646236,-11.053119458016248,336.1071386866955,147.26141482751933,-146.4778620761244,22.39440062947489,107.85930231386924,-131.92138700261364,1.0
3122,-576.2396911002655,-1505.6391183398032,-274.2468959197706,-929.5189864284334,-156.32500832180605,15.901314263678197,97.27233434455674,-130.71572011839558,1.0
3123,-154.93711304494005,189.26436111814138,1563.6738280447441,-745.1491565993377,-152.2202884398024,14.307529276313357,100.54754714968742,-128.00501678715506,1.0
3124,-303.6033938515192,-49.26556257555974,-990.9279335355926,-1941.5901069405288,-158.01282726872958,9.561301733217231,99.19751420991976,-125.8858103843998,1.0
3125,1313.9312985417912,-3133.103467781164,-454.9869249614889,643.8147762070669,-145.98685114732777,17.342074226119173,113.18772293211507,-141.41877034434248,1.0
3126,-703.6870350873858,-752.4257629682821,-1757.6816222055152,811.0525593152685,-160.64186037543203,17.845637177029502,91.62843189918337,-117.26377312111622,1.0
3127,-4868.984673435032,1585.4705088029352,-3173.6125481305944,-2234.090920149603,-142.46936243323714,15.141532941262488,112.92403085601129,-133.4653455363564,1.0
3128,2407.464451247916,-3484.2326292137373,1069.6309460912576,548.2691866849655,-146.40979137127263,12.855615003744578,111.18949391202788,-140.7375107972847,1.0
3129,-2238.944007019186,-395.73605875959373,-3381.576248671839,-1660.8889690241324,-148.67570788670812,19.379528513682487,106.19684577555459,-134.28338909459634,1.0
3130,-403.94637549486066,-446.16360771629775,-597.01994737222,-2383.1331554429876,-150.85742976507117,13.260170437705376,104.38665413711638,-125.83892552472551,1.0
3131,127.64477172145602,-2568.1086167140097,-412.03927052475717,920.7151098347272,-146.27004846554905,21.26233433155405,104.66190505566591,-150.83689615170698,1.0
3132,-548.6954294710356,-939.9228199462563,-320.3034909441132,806.6846061724473,-152.0672192853136,15.515983309291583,100.31668410436947,-130.22969666721806,1.0
3133,-538.2483269613026,-1394.4033712254159,-552.484122278913,853.549328491377,-149.5708881220456,23.761381059381073,100.15108479368381,-127.54234781000697,1.0
3134,-248.2091154194091,-765.8572175042051,-820.8301531408981,51.608967449365785,-151.30706826605092,17.41491312350275,104.60217942455913,-122.98583363626227,1.0
3135,-466.0564989310821,-867.6316939482687,-521.4536875449998,932.6597362164761,-156.53074079538388,12.629943018940317,99.37980907896089,-122.36405061786323,1.0
3136,-759.2945968861496,804.7878586604913,-1048.2015068156334,23.851187739397307,-156.56790360218278,11.893813501926058,102.02984324592846,-128.22137996449675,1.0
3137,-1918.135442986905,-112.21180771668864,-1037.5235652609556,-1776.5158640301502,-144.57762917194654,22.226335225667853,120.61221319176863,-136.03297228364778,1.0
3138,-154.57237429424114,-467.2916521930627,-396.9844441622292,359.5708790627621,-143.15165283103056,15.640909063308921,102.98417627072867,-133.7184251509693,1.0
3139,-858.2725418974717,82.18972745847533,-1435.384789695898,749.824462999637,-144.10813706251213,14.836389317697048,106.8580487963064,-132.91340225149276,1.0
3140,136.5008785514972,-1067.4224094444057,191.71447523265988,215.1663107560923,-152.87694538263653,15.641019312247721,103.69151427460096,-128.40818379041315,1.0
3141,-715.0160152845517,-1271.7892912981754,763.5644673746712,1615.4116445505274,-148.07204522501155,18.81042349065833,110.51431511128688,-127.28668781940806,1.0
3142,-1040.473891063301,-1713.7020854943598,-957.6149941281706,1035.4793405992611,-149.58527200979722,8.601836736320262,112.77068657268677,-133.80359675015697,1.0
3143,556.0758896498339,-444.59817720428384,1132.475977029308,-281.2633479867833,-141.66236819374353,10.379588465700753,107.71743894524086,-130.66666697226535,1.0
3144,-76.247407436435,-1732.7956320171843,56.37626385308081,94.67291325893508,-158.42911351573747,11.738018377429354,98.94711164542011,-131.86715052109628,1.0
3145,2130.7621806262373,-3420.0887908921213,-918.9388345945488,-422.5113905518737,-154.33552152529734,9.967238167723242,98.64755829442981,-127.44216669864787,1.0
3146,-368.4482890433724,-1771.9990533628302,716.435825916652,805.526429866827,-151.9458006797722,18.456519699481237,101.63993275600826,-131.15204586473465,1.0
3147,-429.22772773006534,-49.53214840152722,-881.8794858505086,-217.92434440673705,-156.42659828196236,13.5439332244874,99.4906423762633,-128.40180222962272,1.0
3148,-105.11408429324545,-2167.862923241629,-1629.1001801603693,1226.2109017935666,-156.66955170245805,13.00040780479269,102.37266820766769,-121.65444153495717,1.0
3149,-1764.647133551924,438.5176174299198,277.320774764104,-686.2270643408019,-163.49629838950082,16.791393566646647,93.25967954612572,-123.15801755115085,1.0
3150,699.1967815741219,-2307.0290567874326,894.9333480973823,-708.8601369648218,-152.85794242349579,15.307173902580953,108.92075955374098,-139.75030918037538,1.0
3151,-757.7385600532814,-347.9140331858563,821.9181546532853,-682.2298280144237,-151.9394043111064,14.196777408534953,111.46212787760092,-132.91272318428008,1.0
3152,-1966.0282786032146,-879.7358417744576,-1855.0105120160863,-379.7487119685892,-148.38224501767772,12.096503932346804,112.41789329544305,-141.23008153105772,1.0
3153,-714.2606509674323,-114.72552236772636,-2119.291173576851,-236.33606200814464,-148.0115416445494,10.922815895892587,102.7335860990188,-130.6548710889497,1.0
3154,-2361.9243752586895,-155.2111346444812,-813.172395177518,-1511.838619801629,-153.105723078242,13.259643242916614,94.70747251484877,-123.43772606859343,1.0
3155,-613.9529218097073,-1124.4635094667765,-694.3438277330421,-805.8109246078805,-150.29795774389422,11.06413888087177,97.04216086683584,-126.54215240183066,1.0
3156,1053.957632179015,-858.380140398126,740.351436317622,-407.11907358773044,-147.2359303744185,15.573443012141432,104.05630945335254,-137.57839486667802,1.0
3157,-448.3501633747402,-849.9536457846052,-656.6343005147377,-73.50104769812185,-158.73422086531693,13.29582438506544,103.85707102747784,-131.4081209103788,1.0
3158,-733.13757988437,-195.66031622805508,-466.1261636663544,1021.8252065906521,-147.4708810865729,17.70334089454665,109.34708835994921,-129.73710355276364,1.0
3159,139.993259057999,-584.114586058229,-74.02739358009647,752.4426781637,-148.7389221589238,15.12634651718626,117.35218806743262,-142.79870975285007,1.0
3160,-215.72962615367933,-1098.8938675472048,17.327336262520433,740.6693187886445,-143.75975496196867,16.96515535439745,111.25177193437551,-136.33576864629217,1.0
3161,1775.3784881963275,-1398.713381556979,429.23297297045315,-1655.2060910594835,-155.37844450743665,22.753930609387673,101.93504999481658,-123.51539760327165,1.0
3162,-1872.9337525823087,218.86294796727472,-3401.650505212919,255.28540080798686,-149.01644481495643,14.641518096846225,102.03673795845728,-132.18413069872813,1.0
3163,-117.84242981796095,-633.4509920015639,1174.9370966385566,2230.2083317407582,-145.4585448271543,22.268818854060953,101.80393048257429,-131.30246166773472,1.0
3164,-1639.2551296137906,-699.0968513879965,389.91626608836293,-299.5165757118253,-146.6802707923421,15.491462891771425,113.48255319867837,-136.53785384856303,1.0
3165,-772.8101702469012,-728.7895411246708,-2203.705154849147,454.4370254696315,-148.677882753707,12.809202408356093,112.55091135106548,-138.00520794561893,1.0
3166,417.0241700781974,-2029.3464468419425,-1531.8586252439682,238.18284693441214,-147.43189352450256,13.984480178706875,108.47795997319398,-141.26725381164192,1.0
3167,-1140.1478507117947,-208.72273827960882,-1234.0249589020045,-188.1738254295114,-147.8286968405456,19.176627305464365,109.94713732792447,-137.0746060549137,1.0
3168,-3101.067673005415,478.7296754293079,-891.4343169316182,-468.81632071685345,-155.01145539478128,6.350237971839853,106.33108141475441,-130.35248395945402,1.0
3169,-796.5539926399023,-217.71191525796272,96.66452268003363,721.0630482717393,-154.26648222822664,15.346544142419672,103.33377154716256,-128.55192261505357,1.0
3170,-1968.5412038240415,-474.690261673808,-1202.1935621398031,1118.7900774085008,-150.78631045799776,18.808514999337365,107.05161912344973,-129.82403748076428,1.0
3171,-141.27853687243308,-1647.5518006964674,-1578.8337185338396,871.0476475140651,-146.50299437112085,19.63570993425262,101.55510169980401,-128.77761704078537,1.0
3172,-776.6316715248528,-356.43081654394416,1191.9043796089466,-699.0920038744998,-154.35035764438882,11.894079263055314,102.44071209850189,-137.91016935305393,1.0
3173,-780.0900689628887,-2725.698513529124,-636.5918470673487,72.48580275801271,-159.58406718326768,10.168963804777844,97.64027941494317,-120.10388404403108,1.0
3174,-666.9346407562517,-1369.4554574625986,805.804571078021,2566.0630847912753,-143.21482035916145,17.11800030722602,108.24269460037318,-132.61595155433284,1.0
3175,-773.0129150622219,-558.8186230086184,-1026.7608511238836,1551.1139339470767,-159.51797259267462,13.524617441074156,100.28459441076663,-120.50183886688983,1.0
3176,-1037.2238499626071,-16.404001852633797,-81.28148244215194,351.9805781557452,-160.24021768978517,18.368693451068953,106.20172293030595,-137.68887035358682,1.0
3177,-179.08852997642563,-2825.914184432996,-1893.0261963172277,133.8643860302896,-155.47443181843076,16.846725246087143,95.47048904520676,-126.63141430965922,1.0
3178,-1770.0204715035234,-2070.014798816848,-1830.7036907898523,-502.2419244677032,-150.14267526679814,19.83226514895344,100.15449138246676,-123.56453779093916,1.0
3179,1011.7605896792742,-2054.580311003766,-257.19306950798534,-816.049729668071,-157.62617024061043,18.348096169240076,98.50259708203424,-128.0686746771549,1.0
3180,-539.4807983186126,-1102.682084993655,-1660.868849517999,-1672.4150457981323,-150.9747910303261,21.224301801126423,109.65386621674162,-124.78591481594212,1.0
3181,-148.8248177128441,-1143.9547985552147,-1202.730333457206,-933.6494769652869,-146.92600988233147,15.553756913687266,113.16419545524668,-129.7098457356326,1.0
3182,-334.91602580686543,-144.36979927385144,501.7091845408961,2233.3623382645233,-155.29723927254182,18.363953953444856,100.88894801914563,-125.48441621379824,1.0
3183,-782.627541673807,-1052.7874441151885,-1116.2543407300557,-42.64716988249998,-150.16868523449767,16.28750732119008,106.12171768279367,-128.79118668967672,1.0
3184,-1220.9374276716328,-1123.617594852008,-2321.6047646744937,-995.951734899992,-139.2117479664006,14.668486645809676,121.60445055802697,-139.50032860407566,1.0
3185,-1736.9778874908875,-800.5110568827375,-313.7042266688671,43.483621014355535,-148.80151194240577,19.077492638675164,96.28449489653725,-125.4793630816004,1.0
3186,336.4896178651797,-761.3994866083947,-688.6434317534789,-1422.2121564226363,-160.506311247493,15.376942106942758,98.07511079138246,-132.50347181334928,1.0
3187,-774.4553463459107,-540.2006984569858,1747.7916911124453,-274.9112752798984,-151.88737217186141,14.076084821534149,107.67961573484311,-136.31720697974595,1.0
3188,-174.24229346099202,-886.8379519947997,-2661.3729462889073,-274.9058906780886,-152.1069177771958,21.097624979841356,102.41057237074112,-125.18164434940734,1.0
3189,-715.0040784216203,-1788.832729675322,-3806.523955401,125.15068030043423,-159.76637617678833,19.020564074902477,99.98303382415438,-128.6069384820925,1.0
3190,-2831.5355669415035,-98.22181009471299,-2012.4270215007934,602.7188208472164,-159.05749892883202,15.310399580812172,95.13713800194981,-121.14151479712613,1.0
3191,-995.6993032425657,-809.7264608846804,-674.4492504315907,-1897.0195607615385,-150.75039855127503,13.628656374873932,103.00717406140399,-133.76292533264666,1.0
3192,-2644.7254236014874,-0.2293943614850691,-127.96450047041449,-733.8263384250931,-152.44550222274793,9.858253796217834,104.6323809441994,-125.61594927596903,1.0
3193,-1226.5832803798558,-1815.6581672521932,-181.18152562062883,-530.7403059435857,-146.89993441083536,26.254141256732225,114.86528186587972,-135.95909598415116,1.0
3194,329.7086734682324,-899.8011280172966,-2003.8570692681594,1456.6102252512273,-161.63811234298888,16.974140306409815,97.90390953985258,-118.99465021109413,1.0
3195,-461.2077609443902,-1240.6535295008111,221.28360209807013,2352.1439819364173,-161.69792324781102,15.731072549522525,92.35966694039767,-115.42637570547359,1.0
3196,-1492.2506638847653,901.4670861855308,91.83702920344939,-921.2781905992114,-155.477826557406,15.856379116353041,96.3079962031544,-126.3752687963538,1.0
3197,-1098.0352043270689,-1277.8986692678009,-1381.2107170077231,131.5090887851053,-144.30823027324422,16.03331885023244,107.76538074402048,-128.16252078494085,1.0
3198,-693.3545905361642,-1744.3508673159442,-2115.788197278452,436.6005171063874,-154.11173208650806,10.880066780868562,99.46559978682666,-140.64808424076676,1.0
3199,-2016.80203884282,515.3141797075372,2118.2484789171262,-1860.6204598684803,-165.0848464617305,8.459339103508729,98.14339339287271,-121.92814536790847,1.0
3200,-511.729654613043,-2277.152520813549,-1876.9749222720154,-357.37019816948936,-160.69641347676642,15.948170963747314,102.21016138093103,-129.14102985104708,1.0
3201,-2100.079745238109,1155.338804308021,359.8473137388719,-2214.9222077869094,-154.6575646042288,13.296082965108482,103.95958805215504,-133.91479305350217,1.0
3202,-1212.133139310622,-387.03044631124504,-522.9857566504338,-1667.5339312610542,-146.14647471863853,14.976045557471979,105.49047574799049,-120.5617918617212,1.0
3203,-1342.7645376733108,-846.9309355780335,-1312.5272512099805,-2182.270996839228,-142.73094628900984,15.765974604139524,112.6630161043899,-143.64844979116316,1.0
3204,-113.94823399541744,-1501.0564912823488,-1339.052651719714,-200.2464194181583,-153.68147542801378,20.229045978413545,101.66478207839657,-123.51603709046611,1.0
3205,-3020.437833127956,1118.9876801935377,2183.84166338609,-1274.6380275634106,-153.54285922553453,14.928403410052946,104.8441715102324,-124.55537153422765,1.0
3206,-269.1869567479927,199.64350029490075,3899.2032509857313,-968.0822629436768,-150.8544347051124,14.241005915625797,103.76263196215304,-129.377791061722,1.0
3207,900.2258347102724,-1832.215120542769,-1611.2792889185366,-243.1446428448421,-151.24165594095814,10.570021666966706,99.52361435085835,-128.84495800053423,1.0
3208,789.5850009182304,-2965.009325429158,-2396.5686357335426,-115.60996733327326,-154.0804687118614,14.342963609119964,104.31933474486605,-122.05631013912716,1.0
3209,317.0322242674857,-2092.998640899869,-1155.110595286414,342.886464206342,-157.92735045417996,9.853705564656597,100.93547159859811,-127.35160813694026,1.0
3210,1819.567873281361,-4188.924815951755,-2599.0575024235804,-1146.383598426399,-138.04729340469382,19.539002713113906,115.55968195687423,-136.83453650391007,1.0
3211,-121.05113819428018,-1586.980045097543,-1145.3560266518666,2009.1984148001818,-155.84009660385527,14.466352742597287,94.04132004919443,-117.50936531222246,1.0
3212,-115.93423780283914,-955.0212568043681,-885.036478402323,-1425.5992124070249,-146.6614131136466,11.302715745438725,109.22149695122106,-139.2271984690315,1.0
3213,-1837.8482300824292,-1152.374891733105,-1927.3183782477695,94.17741978055938,-157.8564910554423,18.425887963435947,93.66654771982155,-125.47783591337239,1.0
3214,1919.4729728122861,-1441.2839325892826,803.3450597312537,-532.813331030432,-154.1338525767118,13.9353968512213,102.76087394247115,-125.55048900474583,1.0
3215,-916.35791059199,-1740.6979109838019,301.25876186166187,759.1202915245715,-151.0340844108213,16.309947423532073,108.77553206874464,-142.265516705891,1.0
3216,-981.7642821359908,-919.3498453223414,-2826.7696558801445,1082.6888501264286,-155.05125544465295,14.529303859189158,93.99220178706942,-123.84598597976424,1.0
3217,-921.5260477340466,-1342.8152569383342,-852.2444488308986,1009.1762854439052,-155.64134046670418,18.425746081027523,96.58287334971108,-122.38275268204022,1.0
3218,-986.2454014384831,-775.5528471729423,389.4248978154427,-1779.1390946470933,-145.75023075771955,17.988753212063212,105.21993340980099,-129.187526945729,1.0
3219,293.87055920112607,-1437.8551321152675,-1712.627380890121,-748.3125375319706,-159.61131261301546,10.121058175846564,97.34867328152687,-125.01390679674982,1.0
3220,-461.28430935371495,-1029.2289164362574,-2019.3482669125585,23.306134898363283,-146.71431835343742,19.209622489809362,113.7876442156446,-140.97357005536327,1.0
3221,-1225.5961190629494,-360.46380641290494,-706.6303404918913,-347.9548088726019,-147.37403680453656,18.627795968412443,109.76844782411644,-138.05525595476504,1.0
3222,-223.78018027216189,74.98247923455975,1534.6610017567116,611.9262856944929,-148.30180164085488,18.89954302741137,104.02982728227964,-130.34646409173342,1.0
3223,479.812385096352,-2484.61175245294,-1524.0359653264163,1012.3581941453649,-150.53844518828424,20.690742049177317,102.36771743893232,-130.37984931551355,1.0
3224,-149.48485446938523,-718.8135109950866,-661.733629185401,1168.4321712369162,-145.99163962323172,18.014102635359045,107.2125184636941,-135.07383901594474,1.0
3225,1435.5352433442624,-2728.0115736953144,-2181.0777893556537,-799.6471735314601,-148.62908594115757,15.244273446992624,116.1098024089627,-143.57267038412797,1.0
3226,154.4338238670896,-2202.830200024996,-312.9413011718696,2025.0716064117146,-153.72815568528816,13.445379087470547,102.68088063248327,-129.42485598368827,1.0
3227,-890.36484474667,-1425.8575877187693,-816.2674031250098,-814.4489865284133,-141.74212424901256,16.06751513117633,110.51499025710272,-139.85927581142926,1.0
3228,-1465.1237542859744,-1003.2952595813423,-1481.8834332550455,52.75206651478664,-157.19019996610254,19.19150857312128,94.89315612661312,-121.79883025705047,1.0
3229,-476.49035744668794,-1471.2308896648763,-2019.914392882805,878.1807877727591,-146.05346480481086,20.03514730022696,102.70048205514873,-129.55790655182707,1.0
3230,155.11085704073506,-2380.364333525163,-2165.603922882119,731.7160503934535,-145.96257795289375,24.96612799854084,107.47901288664781,-125.52791640322852,1.0
3231,318.73933093857084,-335.14227501480315,7.853459692684206,1366.8148795381685,-154.77422003862847,14.607423188596385,98.45136710119257,-130.62868371486803,1.0
3232,-664.8511827246045,-1760.5852172045295,-2217.519373019743,558.4005220165815,-146.6110035561706,11.449894814216059,110.96158553525798,-126.91058014267058,1.0
3233,-1831.6451213564396,-1839.4358059436788,-260.11245695226165,2348.293485332157,-156.13108441837096,23.297303328529896,104.2021767530569,-131.6993348904167,1.0
3234,-1942.626737201393,-877.3660691903409,-2785.5256462319785,-29.48496993281198,-156.35388804762613,15.625685821509235,100.76939153174456,-122.61701779115855,1.0
3235,687.9122673364845,-1561.4239552627296,769.7628369170255,435.68940916737847,-157.80995289844554,10.183327445095927,94.21042531643597,-125.44110118886564,1.0
3236,-1797.8181050200044,258.8384428429427,-1275.3174188488322,-1459.8674932650874,-142.54703226289942,20.93092902809381,116.56040555045061,-142.8096597050495,1.0
3237,118.94633466683531,-1664.7303747781177,-144.74079450879663,-1933.0182247814273,-147.4182571354184,13.407899228724013,111.73881355036532,-140.15777572660568,1.0
3238,-1350.7620435450187,-747.0040670731653,-2102.9495367367367,-977.706978471594,-158.18041842287212,13.143585842210783,92.60221534852796,-120.2552836119348,1.0
3239,-1232.8770193549512,-1330.4301727368877,-1931.7177648686372,474.6135920271,-151.47796883901742,13.861398353726347,104.53955795254876,-128.92420782110574,1.0
3240,-535.0825549561935,-434.22926355956054,-699.4365701527282,849.0526722054421,-153.51263803655837,20.6898819808255,94.75380322180291,-126.2367506349913,1.0
3241,-534.9444471112819,-172.2744297001023,984.7650990141778,410.91799419460006,-150.56000578349054,14.073273171217567,111.06021292652937,-135.2506410903268,1.0
3242,-1728.9917385515787,-674.9959128922785,-1302.7743730695229,-1245.7761696430543,-150.67636384717485,16.399121987021882,99.81094962939025,-128.19506230344538,1.0
3243,-1265.6698789794175,-788.1632249056469,-1333.8017208286847,-1105.6327158441698,-157.92438945766318,19.187863047406935,99.02630437812246,-133.87825321439354,1.0
3244,-1176.423959551223,-620.3799267748667,25.335464480834503,1820.9276879462109,-145.8898953741133,24.01174739441278,116.11745571621789,-144.0570449410179,1.0
3245,-1846.3103214691585,-746.2889868191062,-1689.9349779404079,-335.3150213023354,-144.93978955066754,15.267568778773017,109.9181384600528,-133.6955550718803,1.0
3246,260.7218362702068,-1269.1665869109468,-2537.9069527472875,-74.30596171467278,-147.4805635652639,15.51934190845851,109.57877280245823,-132.21144291775448,1.0
3247,804.0161263733721,-108.98690492476278,657.4544501259094,667.2355295331758,-158.16649272479856,15.57689878165827,103.92017040115869,-128.7241103533371,1.0
3248,-861.1991165751667,-888.5752552455415,-1112.5208581702339,-599.3302117870273,-149.10946150459102,12.146976606911092,104.47479476082783,-135.3798447540815,1.0
3249,-2395.237637912457,1944.9350981013804,1076.2023879462415,-1666.1931829022908,-141.36585222462776,18.130575271565085,115.86502373709094,-141.9553079803486,1.0
3250,-1236.1452246428794,-214.26890576498025,971.718317672166,167.03186759382342,-147.08063106649763,13.353808246062044,106.05248527965514,-127.54738938589475,1.0
3251,-1280.6513755915469,-1071.0348485613808,-1515.3156302501395,11.32427910545999,-144.89514689558567,19.506640567278534,103.90257677103087,-123.15899083432525,1.0
3252,-1760.8496793949628,-1334.9916516168273,-1208.9232276577138,31.80114695085908,-150.33903212863734,25.533254099352472,106.0644779342642,-133.04102165420326,1.0
3253,-125.9715363750312,-2144.0045185939775,-991.6557499573855,751.7163166013158,-147.55941398210803,16.888276564907432,113.34176634073549,-138.00249768151195,1.0
3254,-2095.1948622477216,-251.98465323067717,-749.8723101044313,-268.3921084576712,-157.4210199954204,10.67395851083354,97.0977689975379,-128.0344568321525,1.0
3255,-1215.1216059774047,-397.44452632410537,-1318.1753887237833,-1083.7175667793526,-154.91367359977804,13.741692993515903,96.07077215011773,-127.21943214835426,1.0
3256,-481.3260286143438,-1351.626624408075,-1691.2184776797021,152.1178928248518,-157.3467387646502,19.920268244516308,96.36847801681516,-118.31725137386687,1.0
3257,77.75342425024043,630.752792919854,-366.0316163995936,-2023.5468838899806,-147.45111375816498,19.400272945734,103.26815303050873,-132.5062177782732,1.0
3258,-244.07100869339973,-2015.5064646639578,444.1123987459591,1150.1920366644522,-149.53867474714502,15.305694086966735,104.05901438994397,-126.86003862944648,1.0
3259,-1566.221072811258,-1738.806132243952,-1007.1195716969764,-126.67332950019485,-152.29748737013756,13.286398890299763,111.62284964042561,-132.93566377923256,1.0
3260,-647.0218909007812,-440.5202083078682,-1029.8323561761201,1364.5599863029706,-154.4398693231899,11.585615875226555,102.3139304461752,-128.7954256532657,1.0
3261,1025.7239415911833,-1004.8165106119575,-523.6705469597622,-1371.8815439733814,-158.08118123941102,17.669420419759945,94.58528187548656,-122.7498490790265,1.0
3262,1340.1943348524608,-2193.3802910986014,-2489.1290604006194,58.82538083303969,-160.33522874818362,13.556429067584926,93.55397096572825,-128.0761887460419,1.0
3263,-2424.7335497656527,78.4129672840006,-987.7345351048031,-629.4497546867278,-155.72977353139737,15.072103071674068,104.37416926352535,-138.1486694706745,1.0
3264,-752.0267670881391,-1571.2459068077214,1465.6886501978445,1128.9273964994943,-163.203445781413,16.292501933530335,92.59189519669623,-121.98328430468197,1.0
3265,-31.108615938736474,-1158.0705943765345,25.242373716306197,-391.3204219083698,-152.93541063472074,6.647923074441094,91.1457968782729,-122.0949415522899,1.0
3266,-279.78643097992176,583.6243599717864,199.5096887657524,1615.4046876180803,-148.04658929433907,10.026315059113095,107.69187990212336,-127.68577678937461,1.0
3267,-1346.6664234904254,443.2843484811956,825.8235100318032,-385.8107162218378,-155.5475018681861,12.53882570930104,100.06296764375757,-129.28634737075888,1.0
3268,-1119.0448461867552,-863.9646877462321,-1384.726894053865,-1044.3850554477601,-158.56216792077387,13.705422866409496,96.73341514648365,-130.31110188158783,1.0
3269,-2470.1856610286136,-735.4826370755312,-3398.7193695530405,-961.2724943358434,-145.77692071731352,13.371621593088065,107.31069990637486,-139.29370170992846,1.0
3270,-2188.6579911438284,845.6184571474746,-277.6777701357519,871.8610547167789,-144.92612049495054,20.482756611348613,115.86155658113299,-136.243459168198,1.0
3271,-401.10604499404945,-457.9803985211152,-123.23912055258033,794.0728106150658,-154.42505777842007,17.000600001157153,105.91568594650994,-134.44577540364844,1.0
3272,-413.5037877084771,-364.1074800409603,-497.12305009905697,-741.1935652080856,-156.04913245371426,10.643947891240213,93.70219255449354,-122.25196543427397,1.0
3273,3670.5065534864125,-3308.29784437109,1404.073360838025,-1832.6853783606564,-145.7117005354954,20.902677881331815,109.71578107348093,-130.51077404965815,1.0
3274,-637.0215926221506,-2064.135723044704,-545.7174232406662,1476.6990138455092,-155.4967901864695,15.658647227664146,98.45594231667262,-135.18879921710754,1.0
3275,-1442.9563556963863,388.6911776655586,-706.0705651679286,-1548.2714505373585,-158.99401641463953,13.96177774249407,97.49664013270598,-120.95745432853278,1.0
3276,-3386.285731213914,1776.4677942025505,-1712.4490503766533,-1768.7325312839787,-152.27131174124582,18.853503842550026,104.87821294695657,-133.5350883503046,1.0
3277,-1688.6095596288465,1612.8798056249923,352.384015813189,-2045.1174264915715,-152.39293256593925,22.066250365692415,104.73847661821051,-131.2106223444253,1.0
3278,-1216.1497882418637,-1386.2386479185504,-2640.4213299134926,-626.2193671625182,-138.41897913415784,23.878625037078,115.7491628582572,-139.5517381744128,1.0
3279,-1625.6869514107561,424.48907776450625,-326.2912719939456,-1158.594038332533,-159.2957990001343,13.166411153592755,96.5290586625091,-127.35046636502318,1.0
3280,310.7777226865727,-666.2324122940594,775.1998653035777,-1167.619024574811,-155.70551651120783,12.580066297131308,102.99209961092812,-133.3975232247968,1.0
3281,-729.1888772411631,-29.41624994033939,-1748.1551756506733,650.972316376877,-155.44613673433295,19.055826585203707,89.49642001980118,-124.56272886998926,1.0
3282,-107.99546743327475,-1231.77958555556,-206.64221242482327,1114.3256564732717,-162.9539478419633,8.451321586288739,91.71716652346738,-123.42499745370456,1.0
3283,-642.1804572936043,226.9446928453955,228.79108023117806,1556.1445399970385,-157.18903336653128,17.469944870416537,90.91879313325421,-126.8484710395902,1.0
3284,-2710.3209250193413,1934.3055567078657,-17.588251664735864,-1981.4295797323173,-149.39836324182122,15.670693598206876,102.53248240371168,-137.22475225318735,1.0
3285,-203.24858777042152,-721.7952914497554,88.49851779941127,1395.8950391167518,-157.54229109051528,16.11964678641489,107.83102020316619,-134.57837744845517,1.0
3286,-782.682442174326,-1539.28738109466,-701.4975804103578,-772.5523112199129,-149.6944016750627,21.55680011039965,105.90701345493912,-124.86221286783909,1.0
3287,-1937.8315332207158,-297.192018739858,-1542.762880513709,-359.634193267267,-147.43156227761898,18.033170631796175,107.82936901697882,-140.55218518947086,1.0
3288,-253.27039179931353,-1572.1167235330577,487.66908953020874,1305.9215087398852,-158.84853450939974,14.132323298586982,98.3748007025467,-122.41572770658009,1.0
3289,-1239.7100350507894,-545.5346411130395,-1278.6905550025301,-379.7028904590619,-145.12129500773327,18.790044585522946,104.84312450382036,-137.64849830536528,1.0
3290,1332.6037144046575,-1896.0003103816737,-892.7420138197758,-1178.516679894886,-156.36464063591063,15.005368327725588,106.20643592297074,-127.03966899198863,1.0
3291,-715.0895143004041,-395.8438690538578,1448.1661808000838,1169.5843104557057,-148.85665011629567,15.507723513312667,110.16883820352692,-143.53106689640802,1.0
3292,-1206.5670539815426,-1809.3962027899784,-2613.35971047827,459.1281215684947,-159.86375069056763,14.002783109727146,98.76557290379283,-122.18215089181632,1.0
3293,-1312.8490761899639,-658.7646470167356,-797.7969227209246,-598.7195916804803,-153.5470507292677,15.737868820569933,98.82763112722114,-116.12770473140512,1.0
3294,-236.83268125296922,-78.43919633450304,-515.4887010958715,342.35360373684665,-151.60113874423322,12.665273364606522,106.87658996374162,-138.7183857107515,1.0
3295,-287.2794135535667,-178.0338999060969,-1471.4786840925103,-521.024282660495,-150.86908646695704,10.807903455625564,97.38522707085585,-119.9207649529785,1.0
3296,-1785.3921640563783,1402.0977853237853,933.3837378472506,-67.41142779466837,-152.05547448516276,14.47614555049256,97.95697667157242,-124.75616310163132,1.0
3297,-2342.387201524308,-1324.0612653141623,-3029.7518525240685,1600.0284915551247,-148.10148397965585,14.157533217132533,106.81680539285058,-137.89884905926905,1.0
3298,-1356.3256078403067,-297.9177766456166,-1742.853399631856,-584.8196230366277,-147.05458438454514,21.394843770279824,103.39496350747781,-124.77221325944825,1.0
3299,-808.2475438473997,-490.625037918705,592.7196436574476,-467.9524484794654,-159.4752657947907,16.30519656206751,99.77975371549502,-129.86472688328874,1.0
3300,-346.623523762316,-601.555881307698,139.06309625220126,2637.8975038835656,-150.20234655068262,15.500802298007137,106.13925420632033,-130.65426479731536,1.0
3301,-268.11019053144827,-729.8804448161112,-204.1735507005722,1138.9914837577473,-144.03383601801767,14.898597050851349,106.49859239672794,-134.51917051104786,1.0
3302,-1189.9440582169816,-1187.6234025146073,-1892.6628011416121,-506.41043769264945,-151.07875553348129,13.127544041539428,106.0142918377368,-132.9311547055664,1.0
3303,-511.429160680663,-354.5441480512214,865.4332825942287,465.32510870943514,-152.502696518336,13.768991697025912,103.70070137919453,-126.8382276570893,1.0
3304,1856.9493609418025,-2327.62458430869,1456.0010184761284,24.381082053638437,-148.42047910251213,19.979555915815727,101.20658080628293,-133.2228843803311,1.0
3305,-830.8629631606088,-950.3657840040557,786.2564892479807,-2264.6034995578593,-155.68764528940025,11.415715297159137,97.82150206372333,-120.49866900740967,1.0
3306,-968.2393019611475,-2058.009113551712,-2626.795803100187,242.99658589040467,-155.77467777772821,9.66462812058641,94.83785537099797,-119.99283153294056,1.0
3307,-686.7026595798588,-631.7718549329022,-2626.226771694036,-682.638247584406,-162.9758708620109,9.127735961956903,99.99938501068551,-124.14205402333806,1.0
3308,-975.2062654496799,-644.3559531348741,-1648.3156775093323,-333.4021046519537,-144.50126713904115,19.44099560204456,115.49578865530565,-143.30916478232606,1.0
3309,-2294.3866787363922,902.0508236033545,-1281.779878852625,-1363.94382962121,-154.42812725688154,20.94228654529686,104.69406862629978,-122.59396773423772,1.0
3310,975.5871650048781,-2368.125353078625,-1210.5140706411185,441.0897871075914,-148.6814181068878,21.25850547329108,108.02236924237938,-126.88963911758955,1.0
3311,-789.39650375712,647.124768532485,599.8894415522916,550.063575728468,-146.7988336238902,17.96638684353248,118.0509356379971,-142.3769909077187,1.0
3312,-574.6031150132012,-1241.428357498282,5.442331915345189,-1418.7573031314164,-144.54813230626687,19.440826475382,110.59190433733065,-138.35947512271653,1.0
3313,-891.9317870693627,-207.44393499734934,-1994.998256388708,-163.3909911753999,-157.023800528414,7.5050213676132,98.89620388703287,-125.77938653036408,1.0
3314,-370.3130642134514,-2186.851110581977,-934.7899263156704,137.89909245737957,-153.38695509097923,18.419753392747676,101.4974786605148,-131.0896065565406,1.0
3315,-353.18011243279443,-29.051799496025453,15.669267320040936,-2011.1901263528853,-144.67840750825536,12.143565178843522,109.6296064972768,-138.73172277538956,1.0
3316,-413.97411593614396,-88.21416496704309,-632.7254284835662,1625.5655771088668,-144.98840481429744,17.07446509207399,101.60492071021649,-137.90134626112356,1.0
3317,-1505.0317511625422,290.00449081712804,-1859.0220843135778,-782.9576723660772,-149.57676678649366,10.266719478761868,103.36901781579338,-125.18004788101226,1.0
3318,-1321.5599965476695,-301.46896700677314,-1176.9578894296026,-153.6299935479423,-157.6446682810037,16.82228568307898,97.58822728147331,-129.58904190871456,1.0
3319,-503.7110822408998,-1469.1535512212768,-58.70280457821922,1083.594019639887,-155.35953793536154,18.899286790183982,95.87601703819006,-121.99013153930737,1.0
3320,-310.98383392771274,51.23923045957287,1531.4302750947952,-620.1480404457328,-160.48443850414742,16.195735411580007,104.41330043114776,-126.75959992733591,1.0
3321,-1073.1161663119015,-1534.5774270927534,-1038.7541530277722,1306.5985586528338,-152.42793168592414,10.879310264841827,105.66039904709218,-134.89599856072803,1.0
3322,-944.9902326212748,205.45852261121368,-1499.6833335295778,563.5258720359973,-145.34270163215305,14.050320775280154,104.20140576412632,-125.7247207606963,1.0
3323,-2292.631881676639,1745.671018833702,348.0285799800455,-1001.3370481708981,-165.26977127430976,9.87138861619571,97.02399463102255,-118.2712049436683,1.0
3324,-1109.0839616020519,-1505.1092396568417,-1412.2795557754819,715.5373286343114,-144.33662170627875,25.63841114990747,105.04337415841904,-135.26346761787133,1.0
3325,-1331.2688916280235,-1369.4034502375468,-3144.925728456065,-1318.8173172080153,-159.54824389488707,17.199107082185723,107.04016650396376,-130.93027772777816,1.0
3326,-1340.7230428263497,-177.8108840164,-487.29371632574436,-1205.8773545083175,-151.7327824862902,15.357249825651468,107.99138155874465,-130.04985575727486,1.0
3327,-487.9231918350229,-221.82364248149696,-1691.4807568942908,718.9831074376929,-149.05030943193,14.170454045338644,107.06936279505571,-121.36375310315164,1.0
3328,-694.793212197488,-1039.7898535271959,-111.71200832281667,-1739.477078236739,-147.85034658734455,19.384376000150255,102.99456917648682,-130.1762550391478,1.0
3329,-497.2495188684312,-852.2423486791683,-2712.7598943320163,-931.8896818113609,-152.2601956854621,14.38553842086803,99.65101198184983,-124.27137666838982,1.0
3330,-1276.5323803661174,-2667.5931473345504,-955.1963156737896,1423.1493737518335,-143.8274572865124,17.25687894269948,107.42498371819771,-129.86071415577243,1.0
3331,-1029.2455075979294,-909.5994584410308,-2083.923061903988,-3102.703715317666,-153.90602159570446,17.081287644967027,90.46335763983137,-128.12382606418464,1.0
3332,-1474.4230003749128,-1234.9296384176555,-580.0314501386491,96.00769531788484,-150.0046904167577,11.053441585005203,101.86413055603518,-134.83688876098526,1.0
3333,-476.7760918571684,-878.7178361642785,173.66515383123968,1135.3048680809263,-158.79720627651827,11.431065096328208,98.54839105941201,-128.79678730600705,1.0
3334,-705.8104624754992,-1141.3554049144711,-1425.5568718341842,-882.3053295989148,-137.95047859709118,23.397275834081505,112.84486758294507,-143.04341250976006,1.0
3335,-815.5260881944113,-1030.1326943305803,-923.737280343771,508.72878902775386,-153.5830319133232,9.370382819578873,102.40867932844822,-134.281599434505,1.0
3336,-500.5995156355234,-391.49919808578136,-369.59840146803964,-2455.256297253051,-139.45755452321941,18.62533661108999,111.34612820499045,-149.98234650079903,1.0
3337,-487.72869923300084,-107.82015383079423,-402.17288087774915,-1769.0451605672745,-152.59048826422293,13.345236742378342,101.4126445028989,-131.59529441768032,1.0
3338,-367.2661165029072,-354.5790180127864,-534.9010653245736,347.5767771927757,-154.5805722344802,9.322657991321854,100.74201044542143,-129.46046626723626,1.0
3339,978.3585010762279,-2195.5792198731715,-1391.3010526857163,-1366.88730472425,-157.75173659938454,5.405928241674214,99.26854691087928,-117.21219139926319,1.0
3340,-2081.173917937765,789.1137855123525,-2566.161517697207,-1531.1824824816338,-149.30214273987298,13.711860636491277,108.53925536669814,-135.2557049757132,1.0
3341,-1084.9138538685945,-1930.1153838808773,-1543.658279606291,-173.4339199593607,-151.38190368614565,17.82374390592787,92.50977353298188,-125.15688117014766,1.0
3342,-0.36159900205112727,-1275.2852741481556,-278.2567510932272,1359.3714713977513,-140.15543635070213,16.46943761322599,105.84667603646523,-138.77320857430465,1.0
3343,-332.0526644050893,-1667.4968313366385,-720.2121150374641,-1596.1894250964137,-147.79523369041607,14.660839838025398,108.23694416373053,-133.62948332686267,1.0
3344,-427.6428796988058,-461.93330210088305,619.5251945762818,-525.0053571650897,-142.86361176648379,13.78394544582931,112.5598451885762,-139.53935388391193,1.0
3345,-2460.012167545778,996.7499525760184,-901.9069981656646,-1578.3477572543475,-155.00461410677985,17.0750411161667,104.41743087236489,-127.89690689896915,1.0
3346,-1301.4634610246035,67.7100009817683,-2339.120890236937,-2099.437962431806,-159.2960124526104,11.360758487300783,91.81764672518236,-117.16563241615277,1.0
3347,-1818.5523813835173,-1602.764154524046,-589.3475337507989,586.5383135721798,-147.87112593739127,17.177288229472623,106.83115002092757,-137.79685455346208,1.0
3348,-546.5007351290052,-1151.739222871708,-762.6867548717868,-186.08686752802828,-158.33071752955496,15.81176211467985,106.44636510977705,-128.453243805374,1.0
3349,115.29757304019124,-870.7764409492945,675.0697760416707,1168.1376309143247,-146.06367786811506,16.45312909908639,111.87056699439127,-148.08087806535784,1.0
3350,-779.7607246374728,-1606.9459790762942,-2485.5318926675122,-1769.181143318166,-154.79757185487512,12.793645468207764,98.64621549430184,-126.94534886511181,1.0
3351,-1367.6042688661616,-686.3861934985181,295.5117578365399,640.7086679422343,-145.54056999019957,15.089112455692037,98.80099277287309,-136.0916476199597,1.0
3352,-624.8814461276583,-284.06455464718306,-596.8150230820174,254.45294788550328,-155.21701188625306,9.24958424669601,95.47706579090035,-129.20376906684047,1.0
3353,-117.81742815583775,-1864.6967471857367,-241.14997805116673,2713.740804407172,-152.4880022777909,15.4676511857631,103.94930720743247,-127.39043535573954,1.0
3354,-1494.4081594793,-1278.180708892364,-146.79160687757852,2021.6780710364626,-145.82477391610342,14.482926845518893,104.18212473946484,-132.12949625485587,1.0
3355,-313.30857501613787,-393.2112867914938,-678.5540562756515,-2226.394555864087,-144.337173671819,22.476702379146978,116.55618169460149,-134.8664784705665,1.0
3356,-808.1221217367427,-1387.6376838195015,-1896.562604549342,-125.0783850381883,-145.8677976204511,15.816842130714564,106.23475366686311,-137.56833226409736,1.0
3357,-248.472949952693,592.0994686405539,-276.3921685756344,40.172378840556114,-150.45719159545757,16.665596586219053,105.91513686603656,-134.19936935775084,1.0
3358,557.5971691686294,-457.6823179392663,-1329.9781533546914,1864.3022729816214,-149.0730396366034,18.602728099314437,111.7519731992585,-136.64672495102639,1.0
3359,398.67823821639143,-619.9594682558112,1184.6803780098096,-1624.078164772019,-149.93291157600166,21.76451911517509,104.8481108539057,-137.10371295943835,1.0
3360,-700.2980496797126,-1829.1413590310024,-50.13257696855122,771.8464737649844,-144.592976601938,21.340923130402224,106.28754246989959,-136.6928152644177,1.0
3361,-739.8286126198554,-464.4723257375494,-805.0988667118763,463.47173558958497,-151.0611468902816,17.9963907498475,101.19649939491234,-127.62650433942127,1.0
3362,429.6602480777425,-1870.0240848524813,245.02543140497335,1795.5437118352984,-159.76075225811573,11.009272520667222,102.524404751368,-127.72903557137413,1.0
3363,-127.7850147224241,-1217.9234946589345,-1457.0214888792036,636.0140078512894,-158.7393652981723,17.500033766083014,98.15908080688658,-122.32621570206642,1.0
3364,-1119.8909647436963,-1620.9090109334293,-1918.7123743250513,640.7688565776242,-151.51819233998995,21.299127286491224,99.54742430902854,-127.35096853531627,1.0
3365,-3194.8811683159215,898.7878380540261,-1905.2317686862266,-929.0460739224184,-150.30276714313135,17.14521868637659,108.69285177410981,-132.56968565650075,1.0
3366,-696.2034489755804,-1437.851810390879,236.03080376169063,1156.8970793238473,-151.56647757003722,15.361416439860587,101.96791919333326,-126.45788216544872,1.0
3367,3.2092686484863964,-2366.1222523884385,-2350.97019057323,-259.2341217578667,-149.4048975818985,18.527675376783446,108.51649899141759,-140.0149711959644,1.0
3368,-258.664429339062,-1345.5161225587583,38.3250821167175,-493.2236480542153,-153.43594660925382,15.34789523349529,99.77175796709267,-125.69322635002605,1.0
3369,-899.991805694667,31.988644858879923,-1207.4143854500908,1965.791232043027,-150.30792989433124,17.08883253785584,110.49225315968991,-139.07444668145328,1.0
3370,-1009.5197398237403,-1003.9350414391425,-1677.7686138865238,-1278.0341790090517,-150.55001881562572,19.276954918792867,103.60844872569234,-126.73996955068202,1.0
3371,-2599.2538613681945,329.43546177596187,-447.8976752715399,-1214.926133609143,-147.00472479489756,15.104745626936849,108.36460873677325,-125.83791881154663,1.0
3372,1038.4705607059655,-2149.7692272359523,0.13420804808493836,-825.4851628057423,-146.98239275822223,18.742456587670098,107.27803236565366,-134.61331659154922,1.0
3373,-1222.3148438771964,-1966.1973588963263,-1642.3311055683023,1127.950864360459,-146.01644699085983,8.765941542533334,105.23910632503282,-134.10104581385124,1.0
3374,1683.826992808027,-1586.3131430730816,-37.54717502591463,-419.1310819052363,-154.65957271407854,20.49209399959814,99.14797934713033,-122.36324452731776,1.0
3375,-115.17126993571759,-1303.6403184863025,-263.3648337644774,134.91818542431378,-146.37151079937635,21.811765107293304,112.41471804378384,-142.31877964716574,1.0
3376,-780.9997049482135,-503.76093640855686,-1408.2049891122458,1890.4234085806822,-142.21281858797147,11.527669669478364,107.26740709929334,-132.88805741207307,1.0
3377,-867.9007553758618,-531.3542805495701,-2143.955689533012,-1261.0058663964373,-140.45018352383985,14.303582691546497,116.80940906205353,-147.0317786729101,1.0
3378,-1604.6491522949466,69.14006069145438,-1630.4315386616483,423.70486584572717,-153.90341182476374,19.871892001219074,102.40068137064804,-126.19367911101502,1.0
3379,362.7973955950179,-2383.659403318951,-1964.2600467632203,-119.0232797738064,-154.91643189643068,15.248711174386987,104.13277428505057,-135.86407230190716,1.0
3380,-1640.321746400787,-1187.9394467485472,-3127.6606763762265,-1914.667390650348,-144.58163115991525,15.591498706748428,109.36267591154112,-132.35163111573618,1.0
3381,-871.6444632184811,-595.0247223341855,-1295.6312430073415,-827.5810553081426,-149.91093071143206,11.790607572766378,108.86656357708277,-133.11374718797066,1.0
3382,443.59351061552934,-1520.4400004704062,550.7824333363533,1574.115430999104,-153.78166512938589,14.279483969146868,98.64703681456463,-137.43456534243344,1.0
3383,-839.00049550299,-81.75148851803822,-1252.6368422647477,-250.39035549116028,-152.28011532843527,17.23189695646261,98.70302621054707,-120.80017115368632,1.0
3384,-1631.1300230823017,-718.8568465000362,-682.224889817422,-1686.1251385914704,-147.27596725903234,16.85190933120108,113.23442177730206,-143.78818813677856,1.0
3385,-887.3330561659765,-389.5404008955464,-542.1118841125603,1615.7172669349222,-156.28285517015217,12.55955449728678,98.32380269702874,-132.32525597379833,1.0
3386,66.51081405649138,12.072529639623008,1067.8574888292517,1024.324165241127,-162.0591879250546,11.976844470577582,103.10796324909218,-131.87425246635902,1.0
3387,-697.3505128330027,-1576.890692105327,-139.30965277492137,1489.4352397102791,-143.8420063913593,17.603941508875483,108.18316109044086,-133.3990519606249,1.0
3388,-1206.2115066233675,-1152.4408699726957,-1187.764540240338,1046.5660577475967,-147.80578201611138,15.237330134576231,118.53371286303016,-140.08437675514193,1.0
3389,-729.2766218773479,-1674.087224162928,-937.2079660975244,2287.611689790099,-144.43207223982043,18.478245263325253,111.31261288379937,-137.49531222325328,1.0
3390,-143.874216666196,-1011.6302940633632,437.41156761090963,-3188.536234833319,-159.17940147183447,11.978196426180979,88.9239394628591,-114.16755202410452,1.0
3391,-961.9556036601953,-406.9205391604388,-755.2996210589882,461.37798803698604,-148.37367055574714,22.236722090178066,103.59180196413605,-137.93817604038466,1.0
3392,-976.5433741198995,332.3722126716,-2691.358681456645,-322.001066563234,-151.8709001886761,17.115569545991164,114.95092529990184,-140.99153492574249,1.0
3393,-1329.9373438515217,405.70396845202004,-1365.0962173592193,-1301.0603638272821,-160.7947145744596,6.467960474101643,95.32674215396574,-116.78906913174127,1.0
3394,-2930.017416810347,584.8428631002548,-789.2212189537224,-1842.5054038391277,-148.2906316818246,21.10380226609226,98.31185688302183,-121.71403467104614,1.0
3395,-850.6062314952964,-1213.2503267001487,-1643.5202947119972,189.1521951460065,-150.615335125101,18.449066278673122,105.66486324583823,-130.7916326129538,1.0
3396,-912.8672240785389,659.3852258526235,-552.4399469352551,-2499.3490192924114,-151.78057932057183,16.16701266721858,115.40640197790654,-145.35291008446976,1.0
3397,-916.4305381121767,103.51245698160832,-1058.7721091805524,876.457206284477,-146.9387909942329,15.082311877135954,105.12168865213054,-131.32458289787195,1.0
3398,-1840.510520609175,-961.8397663720579,-1885.572338171345,-1524.5891687322116,-144.50519265047137,17.43048050775262,106.44660318869921,-139.96978353172938,1.0
3399,-367.36223335961836,-810.3218932486142,-2630.5017179072875,-352.97219686173787,-155.2608706870692,12.35753198884623,102.92470840476304,-131.44371501038597,1.0
3400,-2177.5386205742607,706.8130927487164,691.0179456927052,-1598.153301932315,-155.44779708110983,14.846201757758895,107.57426153035087,-120.8039883287318,1.0
3401,-96.73702299428882,-901.0444220742515,1265.587915304577,-735.6389716751244,-162.96913705967322,16.991184862964015,91.31933289648337,-120.09818125777147,1.0
3402,-1177.2092685199755,630.847300868001,-1412.05682758684,-16.586853772332876,-149.09481598761096,21.85909182485748,98.46136605425826,-128.20716277732012,1.0
3403,-944.7819298709644,-127.9110985985085,-199.70522933389583,-762.1678819133122,-150.74258624881998,21.256082593848394,105.99352529374646,-129.3233465464361,1.0
3404,-1005.2509424433746,-771.6977412422916,-699.8664765584302,336.7740030388655,-157.75788551021657,14.216985636196329,97.95430369481953,-119.74242457845804,1.0
3405,-728.0882323498807,-1385.3940285475364,-1926.8196794211312,265.8337816514507,-148.07198782574852,19.910793165907155,100.11439844770555,-131.60111365775563,1.0
3406,-1081.118050614456,-598.1694891082539,235.60790931201134,-395.23957928074367,-150.12755844620673,18.558947709695502,106.90117215391871,-134.54136746863037,1.0
3407,-945.9561075217372,-1104.0233722536348,-107.55300364298658,-386.3426192420218,-152.50035828021623,16.224612566247306,96.26145891497106,-128.97801304833374,1.0
3408,-353.12463836088347,-1700.7432353069155,-1835.7989730853378,390.1947847155237,-149.72912118483998,13.73706325966135,109.03551369473547,-138.75678588830675,1.0
3409,-1569.8565230326572,-1083.19362815549,-1581.0978903123466,-73.60771131547102,-163.00367895188998,10.553268365926236,96.85156206391392,-115.26912669150849,1.0
3410,-113.94401191665983,-966.9995581015208,261.8879471645345,1265.2304137912927,-149.17570356376658,19.0140532590787,106.00163592109062,-127.81524217142254,1.0
3411,-1266.133683324398,-382.6183628687505,-1035.0856848470908,-122.54774679084444,-149.14027514825,18.158384321801897,108.35066720349988,-135.78442498024705,1.0
3412,-897.244754959755,-1065.263096627697,-789.0909381358814,924.6139753042523,-162.62462231952998,8.661363581745775,91.64123930756392,-125.77246591045096,1.0
3413,-1307.0905705515424,-34.854067283253784,-915.3344520184517,-1580.5223705873282,-153.73584587118975,20.164238618715896,102.8675432201823,-129.86354198952495,1.0
3414,-597.5471040889831,-1469.4870898351319,-1414.8366581657215,628.0871200401456,-149.35294099101066,14.534122981858776,106.03826438702349,-133.79336397720547,1.0
3415,-1383.124503284765,-244.30812286275767,-2576.049699058134,-289.071655705706,-161.5179430627603,16.242170472904224,91.90759085334179,-125.71827489724465,1.0
3416,107.96995838232239,309.20291081097463,1649.5269245447214,-408.0317843281845,-153.53780105679903,16.44767773190488,100.59801684589935,-132.08822836106543,1.0
3417,-550.34557826271,-1986.181661979567,174.27408646741694,201.92924341990346,-156.43303347778516,9.579791181588607,93.94040112102545,-123.2464499913242,1.0
3418,-3345.7837153881806,2369.8599516631402,-494.08107556700725,-2125.7793914040553,-142.17719714310076,12.908628504490402,110.56691878043033,-130.4647607344161,1.0
3419,-796.6607369249929,-1549.8617332474196,-37.41945569628125,1872.3178348135189,-143.85156172246658,21.10785008149822,100.73718388030439,-123.73463466340613,1.0
3420,328.51479708327236,-1257.127730462421,-489.1731220850393,1630.8502780620274,-150.5557411958114,18.761434430697157,103.08567141412645,-137.95078019998988,1.0
3421,-542.8690243352995,2027.801017691005,141.4159351540143,941.76605279455,-142.52980824526588,15.826012502270373,107.7747148129364,-130.1406091628627,1.0
3422,-2223.641733886595,539.7964511316515,-527.2187640478825,-1481.6250012809464,-147.90096658800817,20.430635213031607,106.5851633418269,-133.3040692447978,1.0
3423,-728.4006071117215,-1887.2411069732195,-395.4720314508982,858.8499442177081,-153.585087499615,14.772009850154493,102.14785826845439,-130.56214362993572,1.0
3424,-1444.6678416677705,-1323.599115871453,-440.86420636770407,1022.878613751308,-158.96271942340096,13.165662054917021,103.57630841708516,-134.85323630763477,1.0
3425,-101.09157577717104,325.8143325324091,-2238.899603432006,1371.8964871567648,-158.90053019637972,25.66358804532081,90.91001724252227,-123.04033000697495,1.0
3426,-537.3986663582078,-359.76126105638826,-1957.8923644911686,1069.9974138106884,-151.24769065096768,13.035564841891546,102.41195461296695,-131.62283258839074,1.0
3427,202.92237203190163,-454.9968844507312,1040.221290395028,-1131.8290497993457,-142.03350167794522,23.418837594390556,114.2149052598377,-142.1299821105632,1.0
3428,-947.7552277177342,-1646.2635433012229,-2266.5250273497686,98.36284269431643,-152.03564056469685,21.723336117391813,107.63818365521327,-142.00779963896338,1.0
3429,-922.1111371827498,-2142.4840561634437,-2580.444429926051,860.4924774940513,-149.75666054349406,14.234297416822962,105.78085773753695,-130.755783621275,1.0
3430,-1764.159952767006,-22.61710139382952,-967.7797989490697,-1425.681966851455,-140.60380171050429,20.916575976517926,107.18214826036204,-143.90674661207234,1.0
3431,558.1663156476739,-1589.6397214464234,-1472.9981892080273,-1064.0800426301494,-153.66048924055065,18.827097039511933,90.36784821563529,-126.58099116813833,1.0
3432,-278.30599545385513,-1007.9666376790293,-367.4517366168302,892.1102712141654,-153.26208802303546,20.77169716075927,100.35285920990171,-124.56789809703234,1.0
3433,-572.362159538083,-160.3178832939422,-1418.092774638697,-653.6299829162335,-157.5861670157472,11.933210715339762,96.80537661348458,-120.79261334044493,1.0
3434,-1975.335010435568,459.3731499501039,2082.4756414109943,-2032.074328654337,-159.2598682619387,17.298445369092736,100.38776272206755,-132.62717328670706,1.0
3435,-213.3874146338755,-1202.8257401244184,-43.25231984461827,665.264027998576,-150.88273994178448,11.53823640007935,111.08239532065043,-134.43284872404934,1.0
3436,-168.25257902741265,-1570.0368717414858,-960.643266495712,12.911299495331486,-153.26741642818257,11.662085203418066,101.99500662715003,-126.30124479085454,1.0
3437,657.5868386905987,-1654.8446970846094,-2203.593978588973,1043.203876993751,-157.06485723726195,14.343392359815276,107.03133968219889,-128.54906063187093,1.0
3438,-623.2648164681831,-1213.5211040491545,-661.3250834628394,1633.5831350506799,-149.61035794692154,18.854539690648085,111.00128469511347,-131.35519309765198,1.0
3439,-1435.4274435392642,-50.41648643571326,-2041.8443207436937,-1853.4385831729314,-136.84203784442983,16.976117574008505,114.74732132056052,-147.29394662795698,1.0
3440,-845.2730979864837,-1554.1223536548057,-330.34974311884264,1420.9990528410306,-156.71812127945148,9.93732358978562,96.37746280253621,-128.42773098058424,1.0
3441,-617.22738251017,178.47545842762653,774.782588349733,-806.2085698896271,-154.03602476695156,10.388661242844893,102.31313385354773,-129.57503949647668,1.0
3442,-314.7167095507585,-1445.633162196152,-448.86779064603684,-1273.6368177327074,-152.07229977280699,11.245491684523593,97.48436604101232,-123.34871585961987,1.0
3443,170.2804899601094,-1372.2895775919733,-556.6127203324778,-1186.4321578235301,-146.03590937231232,21.375079203782636,114.26415193832388,-138.66675142015475,1.0
3444,-4.496163826265431,-1704.3428926466363,208.17806236564326,233.8010496612747,-154.96605593569112,17.40650369991425,106.7253232059269,-135.2295466644945,1.0
3445,-403.43308827767925,-1210.6492344513463,229.18931415168663,-1405.9343635465639,-152.1173146280438,19.09805814541255,102.95242674979087,-130.93637618575022,1.0
3446,683.2399996380763,-1456.4799957479315,1262.096572786468,-549.2585855428728,-154.24804016985738,19.987433683556066,108.10376597541159,-131.03293842566737,1.0
3447,1110.0930510627602,-3255.512426522387,671.3140336548938,753.9028377505867,-151.058409465582,14.81224524981409,101.05241204955644,-125.9050197483198,1.0
3448,-826.6531208127051,-101.24296366244103,-754.7301908934897,-705.4445703929659,-147.87559067978967,16.83769352964222,106.01025301048394,-128.31408487902843,1.0
3449,-638.4371946421641,-176.04733080938044,470.3761215084418,-928.6387645514553,-145.65193416477982,19.78708048943721,109.21278610972934,-141.3892584011411,1.0
3450,-624.3963545831381,-1698.3473724265123,-1499.6985167247306,-559.1022129163891,-146.98254390817263,17.91184698013337,110.94349587812441,-132.2041071200994,1.0
3451,-2339.293453041183,211.29953317973704,-2951.688517014844,-1207.7181215712726,-157.942825346407,20.462518928132567,101.96586768114813,-127.49671248729891,1.0
3452,-2003.9736453008072,-399.1144514199823,-2.231116140700984,2247.767627184203,-150.26033825864994,21.577314209911474,117.82484588181842,-145.19799192984343,1.0
3453,-4.407960788581988,-1530.0088652047802,69.74663603392501,694.303596529992,-158.37321955526411,13.294724859411776,97.63789450190558,-125.24366127476253,1.0
3454,-857.507785887944,-1527.2148488284754,-1102.5797664761826,1825.911363361113,-152.61801433707444,14.607091381009045,108.1655952844312,-122.51289830550265,1.0
3455,750.6582828962852,-244.01691557759372,2600.902519320649,-184.62900264520158,-150.44676906998205,21.423970554458208,102.06269285464269,-126.98348710078852,1.0
3456,-916.8403440300312,-38.18735820664202,-1292.967756378033,-1031.8704787453212,-161.45999199751995,17.43488791822038,91.29667683510026,-120.21347157442658,1.0
3457,25.444863106197236,-524.6442733838721,-1218.6539343130528,751.2796289470622,-156.7448980558033,15.308651511414034,93.71890266080422,-125.13880835417567,1.0
3458,-52.771830882394475,-1058.9329734583464,-71.03662865394314,224.58426425130102,-154.9258165394271,15.68571809458719,102.65814965392067,-129.76594414239247,1.0
3459,81.0614165544555,-1462.7402656388308,-1317.5320768431638,823.4316177961119,-153.15839658364996,14.267053434075558,99.83077303673144,-124.94984914430118,1.0
3460,-1141.2645173232534,726.0658040332587,-636.4352205711973,728.3823601606962,-139.20027491282406,16.055037942290895,119.08919633103235,-151.07014496349646,1.0
3461,655.8105969295443,-3243.059383128899,-1608.9666778861804,474.90867028607624,-154.57333692111968,12.932493213178654,95.23342989565414,-129.1526971915901,1.0
3462,1780.4620064956791,-1133.831135439169,-308.8624734116677,-168.30204002227595,-141.21030811535812,20.157218092979857,110.15660936800522,-129.9303279580745,1.0
3463,-2576.620018582238,1469.4916205142495,656.4239667776235,492.47275080119437,-149.21284414031317,15.219507358122183,115.64273748463788,-139.43267033760162,1.0
3464,-339.7814787657833,-1411.865024540391,-1095.2072002207553,778.7673288338859,-155.8958572788671,20.63287260911801,93.80655578356289,-123.23394836835998,1.0
3465,-2429.1517642225995,1309.8265548797312,-1014.4129439380458,-1680.3617699999877,-154.5426742615991,18.680044695630016,104.90652976238039,-123.68928843476048,1.0
3466,-201.53260489130548,-1789.2184273981043,-1281.8292725676163,1929.727157334078,-163.02421728799695,20.200331267471586,84.67817543188637,-115.40145826207622,1.0
3467,715.5500024742829,-827.1360264409965,-1067.368301207818,-1202.2554321828777,-153.20973170864522,16.849603088878897,102.240952988283,-125.023400996295,1.0
3468,-1325.4221752641035,-1087.153038430124,-1366.6110861669654,-45.98996532874067,-159.00472964062882,13.856618870953916,95.35432624554717,-118.72734088554913,1.0
3469,-1492.721484635823,-641.7492587320377,-1509.2322964482632,-427.22203545893757,-150.81708022723686,14.590419564165192,104.78025638618941,-135.99468321293313,1.0
3470,-984.7625897700805,-1258.6932003300217,64.58560324602509,465.4220310168401,-153.77672069507065,21.18042044511165,105.69935854188195,-147.24135117734673,1.0
3471,-784.7742349488873,-1527.5757451194943,-501.1433977244601,936.8350303065456,-150.66481650264674,19.38779008134939,105.48960918864145,-135.74410148760126,1.0
3472,-116.49083459129234,236.97115947,2560.0419850312846,-1472.4709313100477,-144.05496888508287,25.12307576775067,107.44211736590714,-138.13849639899857,1.0
3473,224.76431148958628,-459.5059217539272,1333.4960530491576,1910.5388723072888,-154.66003495518007,14.868320724262492,103.27381582868338,-121.42169660730144,1.0
3474,-364.48231325341806,-491.1439858138976,-736.6690080707245,154.62079403828557,-148.89221934757308,17.669677664316584,102.53207204533071,-137.43782492680805,1.0
3475,-2920.4462261592685,-910.9936918515889,-3133.7835025846216,176.28883057071474,-147.1490274525965,16.513757556309322,112.6688875808007,-141.7960656742929,1.0
3476,-2121.069504729776,-2343.20496987859,-347.424040680261,-205.46287032867394,-150.94038508494813,11.17656250550474,100.47167115060962,-131.84484361764547,1.0
3477,93.32653348397119,-1657.2999184863208,-230.69908798810306,338.04385213657093,-150.17825169176433,20.32502813802294,110.51669831356219,-140.10108468094634,1.0
3478,520.0137292852537,-942.3206115461198,303.0813730026814,-44.73209224778599,-154.31538501401727,10.407423041931168,101.21665798417519,-131.53987653123986,1.0
3479,42.88356063844323,-1403.406687979613,-1375.5966314940674,216.09856571256432,-151.63548717212316,14.607816483440551,105.36439005079453,-137.10281051650907,1.0
3480,-1742.2010079025185,-479.36932769855196,-1633.5671893176348,1190.213208958148,-151.24307771638854,19.363066862419572,103.73679962837782,-136.33808874626914,1.0
3481,-937.826008505625,-971.2457863041791,-1424.7501684937306,343.7377161149499,-144.74643818471742,20.980854191012913,116.48527556114536,-146.58012483329003,1.0
3482,20.049914081803998,-579.4698465756691,455.8074352938629,1805.0077292908782,-145.57941140206,13.040778990818477,96.24022091186893,-128.36381867119596,1.0
3483,-1262.5760657215237,-1552.3954300190865,-1549.7554045627473,-115.23941972153578,-163.75269467408515,17.846250285592795,96.55838726978007,-124.43379816624875,1.0
3484,-822.6871906488741,-398.9989514435244,-654.5988729291679,1778.1527790519538,-149.6960470434599,11.688977466157272,111.26189130581109,-133.09441140099568,1.0
3485,-589.5453762811825,-2053.5845642673485,-1245.7690533192379,528.3508003573946,-140.52308292549156,19.81847113402722,119.89183355997139,-143.83488376382624,1.0
3486,-986.042951723724,-1292.8763711901522,-2632.3946082773086,987.931818721844,-153.34459114343258,16.583618889997407,96.67907904038998,-124.68360242678231,1.0
3487,-856.1031639940868,-1455.5457304098134,4.834805452809643,355.52469284980896,-153.45308994658708,13.776302134077394,99.85250008528902,-129.737528310033,1.0
3488,-544.5725306234115,-94.50906925629124,123.00169105394392,1245.1786836204794,-140.16123428628288,19.693811078132242,119.64212997965925,-149.3236599143874,1.0
3489,-1577.831717994848,-318.66241482011503,311.59952623960856,1138.1894144300607,-151.2018890947562,20.037902182497437,108.88496773968785,-138.3794915046053,1.0
3490,-1226.8389260152421,-9.929155208836482,330.5573504646729,1043.055385591334,-150.04811944004044,15.101536251738592,109.18226140883588,-134.25599094465647,1.0
3491,-529.054449202011,-1253.9675646838018,-388.42775507736724,714.0482611389067,-161.14921332075693,10.827495766003315,104.86076380913913,-123.37424326354243,1.0
3492,-708.328738416516,403.52441944010565,339.4664360162457,-1669.1755189377166,-152.70005267240109,16.243511578391228,103.78186692576526,-128.30181311309147,1.0
3493,-252.22405353924324,-468.61223274430364,-1249.9257985186816,-144.245877313106,-162.29465412195975,13.102685870538632,98.35485062176501,-119.956744541548,1.0
3494,-1160.2525896140155,-369.9235338128647,-1839.7168207960344,-818.5795741341431,-148.92435212480487,14.960742877250864,110.26164937183273,-134.74984669586436,1.0
3495,-756.9126634640331,-186.1858839735006,-1092.8939731437222,-803.4396629986272,-146.3047563854101,21.928344467592343,114.07481084720908,-134.16649289300653,1.0
3496,-418.1332809791865,-393.0659231907917,-2219.591546338742,920.0042950541871,-152.76883013933679,20.272460313540293,104.13986405576222,-131.38196482938665,1.0
3497,-61.237387162627954,-1290.6213421330394,-2973.0106790196246,2250.622791399718,-153.15769235766564,13.968563660200045,103.59987090045566,-123.40073019920482,1.0
3498,-2327.3753782648564,-327.3477775315116,-3465.3846355542964,21.861806326344723,-149.8529272099551,11.516323657801175,98.00850440853128,-117.23939919869306,1.0
3499,-1082.1700299319064,-46.96840551501391,-2201.4655965031393,-722.7904917016614,-158.92868802475087,11.45134121560002,95.63946919673467,-125.4022649802712,1.0
3500,-1796.1886708599066,219.778506584025,-968.9387086791719,-1727.7023562815443,-148.93125411133173,14.048960445176487,100.47678418618969,-126.83931640551874,1.0
3501,-955.1525992160606,-1055.581455601933,-1089.739736910368,215.61039332682785,-160.99247138404448,9.591031980150593,102.87105342833925,-131.69010240344898,1.0
3502,81.24151438824344,-563.4172658953436,-1682.5862335250915,1350.0412440418202,-162.13796857965275,12.654412918639355,96.78961753525286,-124.50717419245379,1.0
3503,369.02504501067597,744.261370451368,1527.4610688370028,-3438.196408096953,-143.15841919451816,16.988699750490568,97.15803553879792,-131.7313592109146,1.0
3504,1139.8870098040327,-2680.6212088854772,-846.6961673754631,-1011.4433759977293,-152.0834880293658,16.399302333072736,105.66089216859736,-134.8197937824367,1.0
3505,-462.945317065167,-1632.7951489288669,-716.758328930975,464.36173426775053,-155.90329984232292,18.917733718929007,106.04693953455701,-129.80513309248784,1.0
3506,-1623.8173394760445,-454.75721195497965,197.04848735453777,-266.7005375761337,-150.28237595623767,9.682259379165753,100.25071516285342,-124.48253498719473,1.0
3507,-1413.8999488837478,-492.9313824233039,-171.80234599748968,-185.103866375692,-149.60014207594915,15.512518045479348,105.42188156299213,-129.24570933042423,1.0
3508,486.26578033529347,-2828.949490522697,-2192.239057534051,415.1917736490581,-145.33441030695556,15.255011252566536,111.33858235841258,-128.841342289327,1.0
3509,-1224.8428210042516,-753.5173614834222,-617.3543518827595,64.74282173982806,-145.49812209886204,16.49192449355938,107.76710197267981,-131.82290213124807,1.0
3510,-1306.2077514066054,-2684.9354009829653,-2144.260601646187,1027.7099091968782,-156.36078245301923,17.912024918732843,101.99293639369527,-126.9425430622966,1.0
3511,43.69531462199644,-1979.3763465901218,-2745.8373735320706,-271.07154486593964,-162.30966973248826,8.878063587410407,97.72992728587502,-120.98640826683369,1.0
3512,61.04709783195479,-1117.1907756560302,8.794964049252785,1544.840700267854,-149.81840985968137,16.447196587585385,101.42444139320567,-119.93197160748184,1.0
3513,-732.131565452431,-731.4222575770572,-123.03815915518062,791.109268592833,-146.99101349669934,17.769475819997602,109.51545109014224,-131.49829910223238,1.0
3514,-49.86606332338128,808.9464250123268,643.6012603591516,1852.498657139051,-150.9956125273093,16.898355066109875,100.26360103094956,-132.642747264779,1.0
3515,1747.1903298963173,-3523.0499070344226,-1105.7857720192296,-1155.1940088224808,-152.81542225056864,21.322802360214162,100.9802041997797,-121.46532626721235,1.0
3516,-1680.073823252409,413.48169753659977,-1318.9290618528003,466.8796161291146,-140.98330695936758,17.794832263212673,114.96985782316709,-138.14734499497817,1.0
3517,-761.7498636844678,-1110.3622141046958,-887.2131641856714,63.67823499538975,-157.0329437397831,15.230244686729044,97.6956771780941,-117.8144006109257,1.0
3518,-903.8700160652857,3793.8861359721645,-2038.1241201652658,688.754285198419,-146.49129343991683,22.794491871777634,104.47226017028969,-129.61629402287974,1.0
3519,-591.6543253506393,108.62185626752665,-235.02810513091822,-118.34836769270792,-146.2521451764733,13.58700806309623,115.10424124048865,-139.61230696078863,1.0
3520,-2229.601333913895,-312.9167742813878,-1402.9073189980038,-1756.3426577471537,-153.97641159001597,15.052291981711955,99.51419522061678,-135.72995186258564,1.0
3521,-336.3317943831349,-1696.2780733008549,1431.648830486345,435.93412981932215,-161.928097428733,5.468916445283821,95.12114481812837,-123.5134511331023,1.0
3522,-395.9192039830051,-719.5494266827475,-928.3515278830773,393.8682410539582,-158.69501612476705,12.529383142069054,93.39896248348398,-127.23839787088643,1.0
3523,-234.11337567452424,-687.008625782826,-61.45757739839773,-1971.598002667869,-158.20974110572197,13.543853757900498,97.23611209900326,-115.97190668467428,1.0
3524,-1057.8982548021868,-468.62528143746846,-1255.2046256682006,-414.007644056528,-151.29799690561757,11.954559620741612,99.90686145451271,-124.82342050177931,1.0
3525,-233.2742560443285,-1546.6605202883477,-567.1426698263402,1416.2269859029655,-153.80201128278514,16.316451660304256,94.45362934188626,-124.46501848312167,1.0
3526,-1464.0010421981356,-1001.6476119055709,190.78547469479983,-350.6934809985424,-146.96455263794448,18.15372335704725,112.78727184430014,-137.25099848941633,1.0
3527,-1665.3320221114075,924.6275630557127,974.9334657452237,-2053.536155851812,-146.31333874273508,16.830982418328304,105.76399457862448,-136.61217169278785,1.0
3528,-1723.3354227352672,1696.9292480572726,326.2369649340875,-1899.8829917314486,-155.21004581002015,12.759607793305596,99.9215443957785,-132.64295143630997,1.0
3529,642.07361063575,-518.9038585045021,1482.8875546054571,-1252.6122148717727,-146.85858613828105,16.579751910268435,109.8960204407587,-132.82741670367847,1.0
3530,-1443.402690134851,-692.7004408792294,-731.7587686231079,-1235.5146573892866,-161.90589277720767,16.023881605556145,85.44506265501613,-116.6457819072363,1.0
3531,-1770.0075062987394,-110.42136819755461,-2546.349066848601,348.3953815934723,-151.11786818188133,13.931895235792346,106.64086444128773,-132.1708029142095,1.0
3532,-2007.8601069509234,-297.2606283583719,-1656.8987219198837,-10.599547656731156,-154.52862069060848,13.316436528732433,108.071050313694,-133.88275925895087,1.0
3533,-1346.508047420865,-234.1825191244738,523.9041107395082,1512.3983891220785,-146.3613709382781,16.084731791170523,109.95778053248684,-137.34750025318422,1.0
3534,-674.1333346607674,-2640.2881557687315,179.13562006663904,1165.5587015213257,-152.61411597421588,19.85655980776861,97.1251926479472,-119.734517269153,1.0
3535,1921.9086786224507,-750.5136108099141,-370.97659576120583,107.0696333723062,-145.43439394743484,22.5548458074296,101.24078213308714,-125.40571875307585,1.0
3536,-2137.3883509564057,-1197.4215122782252,-624.2827334421946,-256.0536636076755,-151.74746935727015,15.435933763687597,99.38984580506482,-121.47010323562537,1.0
3537,151.4664686381003,-1561.1045187224079,-1367.7710710248653,710.4456349758933,-163.96306333149727,16.99808618626812,101.19818044850534,-127.2076365538469,1.0
3538,-683.1074325221482,-709.2953899903132,-337.7041155265628,919.6562848206809,-144.81882515092119,10.649552391538814,106.28870943878174,-128.57062103925938,1.0
3539,-504.0848085401498,101.6240359107149,-888.4301058014952,1514.8946321241792,-150.20990087573279,13.120653000312052,104.61931818687798,-123.92883535580752,1.0
3540,397.2481032510274,-432.8957278676297,-3546.7100653872676,1555.9609230953693,-153.68210627778925,18.60660401252307,104.79639309772463,-131.96143840763207,1.0
3541,-1042.479290293016,-284.3332825577855,-92.53939671641005,-614.2966670162524,-154.62610569422813,18.951094832438155,94.84688941091132,-128.88903279349356,1.0
3542,-1198.9596770915823,-962.300697561848,-1832.5308302338412,617.0380922306207,-155.95927183120673,15.431251571867461,101.68762918592077,-123.79294591360113,1.0
3543,-733.8349599342467,-1904.61135186116,-377.1706673157296,2525.40899160525,-144.27034190001174,17.36823003875862,101.71642431727,-127.74817704279927,1.0
3544,-1173.4621027275882,-2427.301183004038,-3787.957549797915,-208.20343153701748,-159.78326702524433,10.92535916764292,92.35054300741518,-122.09140558580897,1.0
3545,263.1145204666262,-2314.7001937956034,-377.98780662260674,641.1038714229346,-160.27798376905668,14.534265261436095,99.62957432771854,-131.08544811945376,1.0
3546,1231.9314809000125,-1876.0369095420162,2172.437742033588,-535.6208550956017,-149.9602309511837,20.067230123917874,103.87098346381697,-127.93903392363528,1.0
3547,-981.4882993416104,-567.8255569604493,225.96634649245937,-1310.9109547050748,-149.3540951810484,19.760863417057337,103.5687008047881,-136.51092078671658,1.0
3548,-808.8807238397268,-1122.3694677948345,-2201.1904939370324,-867.0427448386919,-149.54193867712004,18.756355696944198,104.4264155756157,-138.7788220304671,1.0
3549,-242.9022427125876,-105.42350819246961,1212.759707246084,1003.7965226624418,-149.24125944199545,14.158886242216017,110.71592134670445,-138.39275661803578,1.0
3550,-908.6914115736955,-905.4286975971501,-341.45953894528316,561.1459672933981,-153.3559180824589,19.97501928750666,99.22457371449119,-123.90521392753325,1.0
3551,-858.2543144309748,-722.1253119939689,116.08502541086212,1969.5518691548282,-143.184943631948,22.392684362805635,116.9528953688619,-139.64764632974686,1.0
3552,-215.07275124233195,277.6584710550763,633.8560699395257,734.9394425139965,-157.62661174970435,10.20493069480054,102.97010547199918,-130.6552116100976,1.0
3553,-103.80328036097632,143.15912681514789,628.9853202767733,561.4480921469844,-149.74247421284568,16.170221425548664,101.9159002773214,-124.72507351490492,1.0
3554,-867.0050399164738,-1373.5478070695665,-744.9779787534193,2198.2506795748673,-157.41011220464273,9.356750211711054,97.04161415875144,-126.84486607107064,1.0
3555,-822.3188394604246,-576.2287984913081,-69.6779154088038,1277.006578548211,-148.6794247143283,16.18140234286958,105.61893739934943,-134.0639551556603,1.0
3556,-31.04715425067539,-675.6072841295968,1248.7626566060928,1679.7837297533504,-147.00969793082163,13.243394859328214,102.38375737781084,-129.24739043065097,1.0
3557,-2464.5211614792865,713.0732444204284,-1147.1761305797995,-909.4790442766541,-154.47798118218472,14.938146182476821,94.89918169306996,-132.05092299939847,1.0
3558,-2704.241550999624,-293.9726852986894,-2108.835237566151,-554.0023296676603,-146.0346515340576,17.394156339679014,110.19182727198826,-131.71073174265257,1.0
3559,-1094.3919486951706,-135.45539809848879,-63.22131643005926,-271.0329322057227,-155.06753227797353,13.64255438695535,108.4652681566921,-129.7148325550482,1.0
3560,-1473.343308901518,-207.66428194941446,-1390.5830114168355,-1939.173735402564,-157.87739169430023,12.925513285743742,93.9292403048784,-121.13352576827467,1.0
3561,-964.6951145462526,-283.13782810326694,626.4782690597433,1168.6948309074694,-154.0003950915633,13.455308732267907,101.09666885550091,-124.32496871091651,1.0
3562,-3081.89242036728,1378.4652693673263,-1677.875925693159,-1409.4655556965683,-150.13452996944096,28.627769437515706,113.80372271472947,-138.84484070247663,1.0
3563,-2090.7391242540984,130.48978084884263,191.34500112902333,-359.66282300053444,-152.65585766386812,12.928805560539846,97.72228944294858,-129.65038522259024,1.0
3564,-480.2245398743764,-431.50684687342283,-1851.652053582787,1008.5590161362637,-154.43270641706175,16.646649808123442,94.64907878748852,-124.50963489400917,1.0
3565,-1105.7523593128567,147.2339894988271,-1837.3454857366357,-206.76309192231588,-145.16151557988832,18.34753191306927,112.9267537510416,-142.4679333874495,1.0
3566,-1564.899185459068,80.15988230931866,477.1346980317496,-1441.8984027267736,-156.29443389389357,15.122296511715625,99.2554213314218,-119.74115125391984,1.0
3567,-2.4298417657362403,247.28466687706276,-2138.6384775616343,-625.9188247917643,-149.6291292717559,16.24699995694948,103.90253304987075,-134.8023539391669,1.0
3568,-572.5020512686068,-1901.6464597216057,-1706.7246801100703,-4.919419662617209,-148.62557191047952,17.799862553095746,113.94053198657319,-147.5496074868884,1.0
3569,567.3498829701383,-1389.480513455907,-0.4455534497581404,1423.328218604626,-144.63439420955874,21.161507763331286,115.03271796741477,-137.35934499562055,1.0
3570,-1898.0694268594552,1058.2645580542508,-1329.4138746642348,-1511.3056942869748,-144.46145792635963,21.940129472683147,109.0705579541415,-139.94145939873744,1.0
3571,-1176.0476846053916,987.3069104997876,-1262.2105603829268,-408.2207444063853,-144.6780028185128,17.254368672735197,110.899630713634,-144.99137368649446,1.0
3572,1138.5095266411656,-1870.3823932378193,-2256.2464046444866,1211.7085612856065,-153.2372234383731,13.276211730988164,97.62253987211179,-127.68680578132728,1.0
3573,-1014.9449802869848,-258.1853551170044,-792.8138368257859,-937.0211565091842,-151.2021596012896,18.691891059647226,97.3290542955446,-135.65522273557468,1.0
3574,-407.85308589217993,205.04045736972472,-3020.878353468191,-481.364121144966,-145.53725268627386,6.732784288857889,110.92489062504822,-136.5850633515311,1.0
3575,10.942781174515714,-1620.6174988714197,-903.1326931113706,1120.750973591746,-149.33590162054463,21.976801865810568,113.64059827831254,-142.23967263337568,1.0
3576,472.55661286385066,-1850.1641275052225,-27.71327202267918,346.9651730695133,-164.17218853968762,18.057717105609406,84.11264768126526,-114.85105823603804,1.0
3577,-997.4410390295005,-589.1564324072584,625.9820829569362,648.5761053913744,-150.7322575994306,16.9801175969814,107.28612092655665,-135.53657358517856,1.0
3578,-2231.7341286026576,368.9025325881338,-754.8670892962651,-1561.2476621967705,-148.41381970925943,12.613288816129275,114.01837385900161,-134.23217676585736,1.0
3579,-685.4850411614995,-663.353627560132,515.5439493300422,2409.1896203138426,-161.74133410730238,21.598474166723665,94.60561166379644,-125.03493702926045,1.0
3580,-940.8157953334859,-1777.7238928412005,-2012.2451653110109,-734.637876284671,-152.3775813207671,17.850983799018195,98.62263903423623,-128.23094657859178,1.0
3581,-222.62390416465757,-2210.7812101069267,-2230.2580331675526,86.448421229592,-147.24604127972893,19.976548725247696,103.57303843788932,-126.20115884185797,1.0
3582,1174.1302068787068,-3176.037929886182,-1447.321973804794,-40.06171960050015,-157.97296981347972,15.244913537792753,97.19653505436659,-121.7392947961576,1.0
3583,-52.9709297984781,-1634.3922047323076,-2431.8827331323146,497.33637773122655,-155.43347610320666,18.031385030528934,95.81064075275526,-132.62173279470193,1.0
3584,-1276.7547316259802,-1276.441421985427,-2619.784721157884,1323.67036503699,-145.4995161631963,22.295240139725387,100.48567610120502,-127.86099161831592,1.0
3585,-1241.9437830450884,-469.0502020670295,-3195.2406692844293,-205.39197402455034,-154.20468065662897,14.063684162170448,97.6950263634025,-128.45844835701263,1.0
3586,-1657.9098964228165,-1383.0443049844143,-3251.181399779372,-612.0642666307507,-148.09125500445222,9.211320893476316,103.55127689552451,-142.34739009997932,1.0
3587,-700.0279661066066,-151.99764409818445,132.2311219849603,1888.1919200512161,-148.34908534971652,17.31133776267655,106.50073000938814,-135.39278603184363,1.0
3588,-3114.6408652013856,1503.0006535047946,105.85745809891274,-1024.6427938444597,-148.96320674602399,18.72626660601113,108.76502457270067,-132.21483105628778,1.0
3589,-1170.8686073249698,-471.8325524282157,-1001.5307760791299,-538.0151316306687,-152.0332599840268,14.089368776142203,106.98106946653634,-141.83666535713306,1.0
3590,17.311942183267604,-368.03737215444966,-2893.047508721689,467.7344230608769,-144.1227954454613,20.76495778478177,111.97528606434847,-140.71654102941113,1.0
3591,-199.9043166164829,-612.6215392965474,976.5265731773617,1032.3472871218487,-151.9101346314499,10.93745341454163,103.28721583849324,-130.83127176250332,1.0
3592,-547.494415356594,-1845.1616098361121,-223.70430721815032,-979.1147842838571,-148.59634470674132,15.99353169149443,106.34865468093085,-129.35883271091066,1.0
3593,-46.11492000202181,-71.70123593317321,-1467.9827411994781,-1908.3830773692391,-159.08723645947506,21.549823091491305,97.07614172145769,-117.24951325700296,1.0
3594,-959.3770042869475,716.6121886278139,546.9542538159172,471.7155097903401,-151.70949458281018,11.550395520955398,103.76140446788536,-134.8462663431909,1.0
3595,1022.3051940905167,-1505.7385018188568,1639.947031512867,1102.5477959428945,-142.48652680815667,15.356373216281488,112.68958286213253,-141.22706105291013,1.0
3596,-303.3201586653041,-1508.2095065672613,-1165.2883950752705,1368.5907760796024,-151.89932652641193,11.226508326902827,101.56592160137562,-132.49995965642944,1.0
3597,-1337.5598214474205,-1189.587820502955,-273.68586660791055,1439.1118928741776,-148.86612134569003,13.931269974792475,108.62448256238231,-136.3570040550297,1.0
3598,-3340.0387605719525,1812.1171418060508,161.84044517671248,279.45729523422364,-152.1159342274371,16.263979299378565,97.88840277392016,-135.9944710730328,1.0
3599,-701.7125366555892,-614.2018727316669,-551.3683133715871,1109.0838352910885,-148.38096703201197,19.49270036653067,103.4831631667314,-131.13194563893398,1.0
3600,-1664.1242830766528,-1402.9682186950558,-3583.168342215223,-547.387838305939,-141.73542334433432,21.39420265933963,112.34058801771789,-135.80928922602521,1.0
3601,-1167.2069587745452,-1586.1652226595868,-1244.262574970815,651.6671271696338,-160.59542506647085,18.484492911360178,105.04752760132862,-126.52544532302757,1.0
3602,-1174.483890336023,-1466.8134291379847,-1474.667190182157,646.5878631302915,-150.9932736775472,13.35080754860332,107.77731419184974,-132.88251751006027,1.0
3603,-806.9361932266957,-639.5227035617231,193.15824528422826,556.6779998214076,-151.92371706769364,12.933202686013617,97.5493726499503,-122.20419206923162,1.0
3604,-445.63960549592366,-1448.6544085873684,-801.5122002112445,1737.000954010647,-148.429329062316,14.062169889367109,103.22597533843307,-120.60828859880748,1.0
3605,-1147.6097026469342,-599.3038296087724,-1239.2186038567215,1450.3864088415726,-160.45670703832678,15.764675445550923,96.43970623255458,-122.70541390243508,1.0
3606,-993.8545690320309,-1132.5329869117222,-487.2377407748481,1008.0032603669887,-159.14987897397475,11.987288401674498,94.23049955800177,-121.66235286049337,1.0
3607,-261.28695743578805,-1766.0730892441727,228.1705454294633,-6.208029032619811,-151.7162115122219,15.306997734632832,103.79028385803188,-138.73254381329284,1.0
3608,-1724.8540586487675,-1003.172770345294,-1776.645356733321,-375.3179515918054,-154.86940965760004,19.30899038714444,108.76327566240727,-127.55088659631352,1.0
3609,-2414.764347562306,-425.9057207182451,-226.38459364981887,-1234.5952204201078,-152.4624967953192,17.7295759191334,101.65020010373078,-127.76797551041247,1.0
3610,-2806.6169103973916,755.4708109719211,-1664.5523005629218,-727.7038894031979,-149.56096524906076,14.690590137001076,104.77756567969615,-126.51997185017878,1.0
3611,-793.921678728447,1261.8360188919887,-361.6752606439329,1156.0268867392485,-145.2006087989685,18.784176948735613,115.68356145204025,-141.2873422427798,1.0
3612,500.08399632027954,-2158.5736816743038,1494.1496367792772,2267.633795475606,-149.39442134520814,22.37140936409714,108.15646840633893,-132.25616149259955,1.0
3613,-403.81633776578644,-506.2937118742746,311.886117253891,-979.9012299021352,-155.09005633428376,14.735633486136546,114.3725749127017,-134.10152127109515,1.0
3614,-97.58016145238415,-3043.9452720734203,-3338.5049813263195,-612.0921693192851,-147.3496490048003,18.127321901564958,104.17259625054149,-138.3608795420809,1.0
3615,-1180.6452141232296,557.6678269084649,-1636.7068804460325,582.7691811269044,-141.56781898410898,22.811472618168345,103.46203519821303,-142.14453052651712,1.0
3616,-984.4641377592208,-1250.4375272682287,1673.5284751136492,2107.557717747636,-148.99135342391443,17.36692920964538,108.48692392074108,-129.56132559504638,1.0
3617,960.4869700907267,-2072.587367814847,1258.1827636254166,-57.63542767069744,-155.9178231162116,14.28776019384801,96.6874718556229,-128.65315433814118,1.0
3618,-13.088545653358107,-1519.2668041358177,-1133.4306715100442,2116.7110122209315,-163.27863265182168,10.068282501664704,94.20417324171733,-116.64488177559176,1.0
3619,-829.2971540446445,-1913.4730801432381,-1804.6496501875868,1579.8820614546287,-154.72262168975078,14.739651087581944,99.97382719172543,-126.48193479667859,1.0
3620,-419.9123377303487,-246.2041186085349,-1225.940563427899,1551.0972449097985,-158.6299631699477,18.157447118857863,104.00193483645384,-133.0015229023813,1.0
3621,-1917.0877677126084,880.2742593004011,530.81980940929,-1147.8558342602103,-150.41142839621529,13.07544488821889,107.66682949463366,-134.93157367500993,1.0
3622,-2190.7275860009886,74.64243700424117,-1030.013108865906,-669.5263746715477,-144.99113362515024,14.77110054323692,110.1244342950165,-137.74104885435986,1.0
3623,-2654.3434243561373,886.9112958078027,115.38906386948554,546.372221828,-136.3665651429713,19.374052031623243,106.86692701062555,-136.97607897941054,1.0
3624,-165.48958540254316,-1266.03490403407,872.9990321650805,1510.0715223263376,-152.82597708408983,13.555652207418607,112.83385758282566,-134.88330645734464,1.0
3625,-659.3750339909803,-170.05674492984167,-663.1501376857551,2120.995982112889,-147.50025526030115,13.053520633850452,116.23010841655599,-135.9172645120436,1.0
3626,-702.8411770282524,-2443.304882394847,-778.0291126079991,-381.67856177839093,-156.58147856039733,15.048841341460435,101.67450957080649,-128.1876704300156,1.0
3627,3103.152772229635,-3392.2084805426784,-1688.6697941731572,-1129.7037477682857,-149.54211002755454,14.209777618346568,101.88026099213504,-133.74102684716559,1.0
3628,2228.603803631691,-2809.9453879848206,-902.141666528397,1044.358931384788,-154.80191103638347,17.534037102505852,103.69549531833214,-125.87129682028612,1.0
3629,-1047.8524964233543,-1306.1258386003883,-666.549959901786,765.4973532870099,-159.50858730099714,14.15188665711645,102.93740589218129,-120.95078364460743,1.0
3630,-263.30600823813,869.993258977068,-460.7300670507597,1545.28272954171,-153.54032341933183,15.790823976487882,108.83216422111374,-137.60847916127412,1.0
3631,448.05970201682544,-430.45736958113974,-411.00638339675436,1724.2341954566837,-152.24318608077112,13.325723185238203,109.91050792111949,-142.61968031950926,1.0
3632,-771.5469747410738,-393.8266418715405,-315.2108370077328,-1409.1539344343962,-152.67022756895986,15.401675135381925,101.65004750044237,-126.77794261940879,1.0
3633,-567.4552892274771,-234.09988741036486,-399.8822803894056,-884.8085330071302,-148.74087329978545,10.266864841139903,116.24369021974331,-135.52082881251727,1.0
3634,-3203.8435201424127,364.3398856852094,-739.9728554414268,-1389.4672660738388,-159.31340185036584,10.87434465417115,98.41589714762645,-123.6581078483379,1.0
3635,-623.3367283892571,-1393.4953750365537,-1326.0922936992417,-47.414399584516744,-142.7880742955345,20.311959378724605,113.0799471402664,-135.797198410386,1.0
3636,621.3033280873029,-1613.1270054754066,-1005.0194011458423,-1752.2009537345448,-161.61974338940465,10.120335740322648,93.21033771632969,-119.47026369922412,1.0
3637,-393.6327904823875,-1473.5989586421197,-2537.1258088369245,482.04506139853146,-156.93459388311967,19.364511250356383,102.96386920456924,-126.84771015923367,1.0
3638,-634.952226364935,-662.1460731483136,-191.14572843757668,1594.1889282868158,-148.92104329605985,19.87831717871928,106.52113095657634,-131.59973875515422,1.0
3639,-368.4524717644596,-1460.6475603476492,-2450.4572429202804,74.07288158441992,-155.61018586555554,11.789412212899746,105.87083535619169,-124.41909986239892,1.0
3640,-336.6421305406793,36.094628253134566,-704.6394451671132,-279.0140160629652,-145.29176976857633,20.608290149000602,109.72082332721168,-135.3456958924256,1.0
3641,-872.7033518558795,-409.30339738053897,-85.0276753772596,1768.928587886903,-148.2404038010859,16.15060999899455,99.59763729476846,-137.8505786097248,1.0
3642,-547.6327704180667,638.0030299604003,-1164.6998536547092,958.7723730622026,-153.91922306752846,21.76902209459527,100.72731341481834,-120.88090069693392,1.0
3643,-1178.1953184880474,-667.0821467680377,-1370.0400493429308,-54.292261393763496,-150.82316014700774,14.69231558278874,104.68238807144456,-122.69994654716307,1.0
3644,-363.2405368037297,-715.1541685538734,-1388.0945256098398,190.69873499630683,-158.28814245677947,12.147188456876044,97.15050924694202,-130.66734849627647,1.0
3645,38.34514920047838,-2866.303976702184,-2024.754168671667,1207.629511573905,-149.77229806267903,19.792245422608342,118.32635097479344,-139.76927032990815,1.0
3646,-2590.5049539991496,803.5623672529972,-2731.3309906093614,-96.84091377344663,-152.58986441376473,15.890574823517765,104.52305813243409,-135.77132607323088,1.0
3647,523.1437852904303,-889.3792534464251,-1164.315251674162,-1400.429233063074,-136.79076573598746,13.201052832745265,113.43423981021493,-143.9397033910242,1.0
3648,-1057.1127432411538,-1790.9840562796192,-22.72749315658188,597.0364927794445,-155.70777835546633,17.149678020080113,103.3145296835063,-124.33506377462814,1.0
3649,-414.8933104591531,-12.811398050587785,-379.67308388997935,1280.7526709123238,-142.78605938648263,16.0604679801555,105.35067688037643,-136.3673900066832,1.0
3650,-1002.0217370938982,26.933286006988176,-2052.1112524847017,-1129.4716901695897,-155.0884392186097,19.519658535841895,103.11112778325975,-129.01756264774326,1.0
3651,-1550.7683966532722,-486.64845228682145,810.4960543713361,-145.70172288506808,-160.6745631699093,10.596428030915652,96.95064240634227,-119.4066212874808,1.0
3652,-721.4678777902197,-584.7590516149339,727.1015323715345,1168.8645868422632,-154.77710652462545,18.717131884003397,94.02209218727879,-122.52744511905343,1.0
3653,-890.2897308106071,-8.811293572015567,701.7345576187771,859.3936183244493,-141.4543270520767,12.496523555215415,117.33034103185582,-137.47703635171305,1.0
3654,-790.9419585681379,-847.3112748993765,-2132.6988734658753,209.35378590190646,-152.5475344433294,23.016592867587857,101.16237266509843,-125.37148510373814,1.0
3655,2218.369986325809,1548.9096992677016,-199.2100061313817,1760.1586920579693,-160.41852924614386,15.839992014591793,99.80775889282639,-123.95342998990623,1.0
3656,-627.3997286586751,-1837.899974970004,-1949.0092717976402,1454.499965654465,-162.6952195943311,16.188096969603833,98.66566203119804,-127.73518821075112,1.0
3657,-202.48324436986292,-670.0826827708961,-1314.2931561858386,1686.371659773208,-148.14495680847807,16.85753573125954,104.79629634853097,-132.7410724926167,1.0
3658,-359.79989430122674,-1680.4660727651074,162.22745000892007,1913.4094118042567,-149.68404146037773,21.549831498074667,98.5776723394916,-128.3723104045051,1.0
3659,-1341.4208152765411,-314.6272177174757,-3752.996520718312,-553.5309335260336,-159.14873269464744,11.377701680457836,96.11344040181376,-125.45084657762365,1.0
3660,-693.6044177027774,-772.077141055298,-853.4255550379361,-1013.814129233339,-155.3639384296982,17.749161231899507,93.24748779513277,-129.11095208232297,1.0
3661,-45.910662738671945,-1378.1218825278884,380.85464893516377,664.4255232727816,-147.7219122430696,19.788592002841014,106.41043628705684,-140.2938738359241,1.0
3662,-1236.2383984337985,-980.619664116474,-2755.769879940237,485.714500029244,-157.50634465538894,20.143975753004113,102.20563999776631,-122.89625034165819,1.0
3663,-179.0230729273985,-2185.167488423573,-435.7737053158764,614.1367717530961,-157.05168971346896,22.5451581842917,95.76747525829046,-123.04515894085709,1.0
3664,-1499.4360425216419,-570.59478330409,-1984.1188886998716,-853.2734767762358,-154.8902529724838,13.561818303217981,97.90146407713314,-129.1394555693125,1.0
3665,-743.8797805625704,-48.68642337728784,120.64603600693864,25.123651193397222,-150.94753464591977,18.175941969659153,107.8566788834332,-135.5723422675329,1.0
3666,124.03445610528226,-274.0503511431291,847.7820353088492,511.4441911288699,-150.98564054797777,16.131299530905178,107.28837115985539,-127.40363789609573,1.0
3667,-453.15562435803156,-628.0418687262103,-90.23008086414328,-221.90052628574875,-155.5566173490242,8.736299150896013,97.67108650875866,-135.16562380655125,1.0
3668,-289.8816714098626,64.2590173286826,-640.7554389470155,1835.0124980976575,-154.4832966672131,10.609454534935503,94.71742062586549,-117.252253268072,1.0
3669,1704.3720753059777,-3540.2175400723595,-2026.730789082995,-431.3293465251497,-145.21962660378853,16.16410668165215,110.64908701699153,-134.05192719265378,1.0
3670,-3406.5514370129863,252.13824013394915,-2151.5931685566798,-765.6881017698864,-143.39014363973828,13.034651599117014,111.64644432465379,-139.3427377384828,1.0
3671,435.435736639269,-465.17426983110374,-1417.0581152331067,-342.81690587195095,-154.5491098458039,14.22873011193234,100.47076697697064,-122.99537267168402,1.0
3672,1184.4388356290444,-706.4729953786008,16.06862789275444,550.6019398766718,-149.44795080376917,8.863822154698907,101.58338896124961,-132.23013019803312,1.0
3673,-1214.028875267525,-1054.112308664283,634.2768924152338,302.27486785466886,-149.8753004538225,19.535716809404292,104.63850253094272,-126.91725769404385,1.0
3674,-838.126879019364,-1199.242120648689,-2111.0887944491838,-1113.0075748694287,-145.70528556601926,16.9000329711865,112.76938339374937,-130.69179426117697,1.0
3675,-1339.3313101090732,-865.7984766919515,-503.6835160298414,-847.2022505206444,-146.02052281983367,11.640222754236305,106.3318918510088,-141.34708690845898,1.0
3676,-2979.072862565379,575.3806620283593,-2320.756914006091,-1891.959745581934,-151.7928886085888,26.405502974642616,103.4306499300645,-122.0080134314454,1.0
3677,-578.819321193123,-897.403891706788,1092.106318936107,2475.585527243709,-148.32281638053755,12.602735278079349,106.01332143086822,-128.24813368068652,1.0
3678,907.8630828909232,-2465.377900809049,-474.398337713713,-100.08636089806315,-145.21204529168028,18.648756814778924,105.28903468588861,-127.00676758600864,1.0
3679,-716.9233158622538,-1211.8209309191643,-314.82726075413933,1167.7222710670985,-152.9584574295194,15.533856264120532,98.62948162116213,-126.96525399468297,1.0
3680,1807.5828072489142,-1822.0634183449629,-559.9954261944508,-1086.4743541279636,-153.66558133247395,15.691450446942412,97.59590858421349,-130.5224579114746,1.0
3681,-1107.0221988465828,-895.2289621320078,-1183.8902969481073,224.12446050711878,-156.93007938447207,15.61638548262801,100.14947447689964,-128.32974565319248,1.0
3682,-394.2509386703281,-962.8433139221099,275.9760075759082,1148.2804461584176,-151.46939039077574,12.168919357920327,102.39456696149604,-122.0806083794284,1.0
3683,-495.7710548259563,-1829.0424888982639,-1005.3779141936043,1520.077506068792,-152.85280128668307,16.612650661419927,92.54903494482177,-121.37093742077546,1.0
3684,-1226.0015122765305,-1027.3658741712047,-3826.5408876730453,53.61311285176974,-153.25786567909014,15.00953176770097,109.50029942545493,-128.0348436340012,1.0
3685,-1421.1341151057834,-584.6177298828169,181.7812422521041,-720.0965851920728,-156.7606329731587,18.026383622350412,103.41864564416151,-132.00700208086835,1.0
3686,-500.5868919729064,-278.65662907269024,240.2203754412374,-973.7613384532149,-145.15714969626572,23.80257159195271,106.06565498611128,-125.07636204757038,1.0
3687,-1145.5542210347708,-787.7094486506869,-990.705480293235,1254.2340848013737,-147.29486983528076,18.586098590541354,106.00126053130789,-126.95991269254417,1.0
3688,-633.3799378764528,-164.57945622594337,-117.85129965650859,-1316.8590489532494,-152.74031973953544,19.389734889494605,105.76436067681404,-139.7545130364821,1.0
3689,-219.96703467571768,-568.6575482263827,252.71036114695573,1829.64137596294,-148.57296871960799,22.948297527189396,108.84080066575345,-133.28913596689264,1.0
3690,-510.86955582881876,-1324.9779731330214,-951.5359406514374,-890.0474355136012,-150.03480841084922,9.951608262680146,97.0588953904158,-123.49156422483023,1.0
3691,-1063.1773143413732,-1560.5877354760364,-988.5169775681666,-162.24453437581144,-150.08560909903852,14.59995967009697,103.71137202234165,-127.62552784026963,1.0
3692,-94.04245892806553,-1450.4873318287357,-588.9473589747142,155.87700051347696,-146.59490125298012,16.779514374180266,107.20226332006986,-140.78626528975138,1.0
3693,-1252.0310736362972,-417.7781144505087,354.8508228796099,1036.863991831521,-147.46702718017923,14.361093274821739,101.10770859160016,-126.27075824466826,1.0
3694,-970.3002235026951,-1152.254847270437,-136.72566673244438,454.7757606972497,-157.08321600601306,14.424430661163152,91.78477256253422,-118.10614744742189,1.0
3695,-871.0521686918403,-505.38212366036305,-654.9504209068681,1277.9905443352839,-155.31509683433242,16.607261210609746,106.38671740726257,-134.88543087221532,1.0
3696,-535.14668429762,-706.7514201499235,-851.9261615154747,470.01182746329437,-145.65295674733488,19.51676785126293,105.01929486837946,-138.57996861755302,1.0
3697,-1483.8180634342336,-1047.2557548016564,-1751.1873563826582,-447.3103954685596,-152.56683199851375,11.358549331356414,106.65052906912555,-143.37236679307182,1.0
3698,-795.4193962124558,-775.6283197444758,-1695.3696164086161,1385.5843304818168,-147.63794682285462,19.309607206063397,101.40300386501835,-127.768692283665,1.0
3699,-958.6083472856002,741.4354404675065,708.155588219506,1691.3567842126497,-151.04722354312116,19.49459423684742,99.60506725231185,-127.93852516699336,1.0
3700,-785.0089196305395,-1380.6083955436286,-20.11787530723129,511.6203064093285,-152.64850999307242,12.179397993558679,93.55734806250963,-125.76321371518135,1.0
3701,-90.89631100834224,-2079.750006030956,-342.04845578292475,349.7002767878795,-150.58324895251562,18.479448632745232,98.16783512813906,-121.17687495376052,1.0
3702,-949.6599675030193,-944.5711446198382,-917.7787890440623,-922.7053040534988,-166.69855880831633,14.380698612140504,89.0341944214372,-117.22631198889951,1.0
3703,-886.0326327678091,-1008.8950689215956,-550.4864211344687,1462.1065864373684,-154.2018550336437,13.43396471703354,103.9725826543107,-125.84414297833457,1.0
3704,-5823.158914899309,1357.9555145529816,-2966.7357819876793,-2715.372060357499,-141.0870462667741,23.85231167353343,114.40600282244715,-136.6744888422513,1.0
3705,-599.4661760693364,-1246.5837550976496,-795.5470803065548,281.28969240320185,-156.8945972993927,13.33859718284447,101.99265446552103,-134.3744313548575,1.0
3706,-806.7197836103358,-1748.1890635234925,-1298.225677714585,1260.7445536016312,-149.8339961713446,16.9556500276393,106.9861190132078,-134.23431114100765,1.0
3707,-2655.8030250124316,377.90025051514823,-2744.7203035480143,-1390.9424430092972,-152.67931742104457,16.099307450911176,106.83535674152705,-137.22599433696638,1.0
3708,598.947637266414,-1961.5203335167676,530.2695805395686,434.4978757752456,-148.02520562475843,17.326891978018207,105.04152493918065,-135.35922617382616,1.0
3709,1241.5616638904241,-1045.787020330595,-153.69104804440033,-841.4647066325875,-151.19654071880072,14.805268494231195,104.53260317659935,-128.88388998795088,1.0
3710,-2415.0456452276326,301.70287061765754,-1487.3831497888152,-868.5585732349193,-150.1909686415421,21.218965666841953,115.0674974849681,-137.16301830359123,1.0
3711,-877.1345266746818,578.5088884008832,336.9028078952882,-20.61966076414209,-146.80311659133255,18.793010306586762,117.54248620060406,-135.33500163039568,1.0
3712,750.7753190779817,-2766.8094591737686,-1819.037549424251,-179.79030549013987,-164.48759366721737,10.144210033866628,94.08738480100608,-113.69478687049063,1.0
3713,-891.5587371098101,-1884.956050239915,-1511.4690402029285,1117.397559882125,-149.8731747575846,17.841107256789254,109.3218082941605,-126.97827233675274,1.0
3714,-596.2840766722973,-611.6837724048565,-74.79004781235093,-778.2257651069098,-154.31430297760997,9.401254088699051,100.26741235331265,-125.15643072538853,1.0
3715,1026.897980736658,-2181.484784401359,819.903104067201,-744.7004023753333,-156.49624624840985,15.4789890076555,98.01409617495015,-120.12201971268848,1.0
3716,-1401.5338583987082,-1533.8832717908817,-851.7620235897209,-539.0879770434575,-156.05635968640763,12.861569062082829,102.87172727827598,-122.80170817907326,1.0
3717,-1577.0548086554193,-289.08207218821593,-1805.362422905073,-441.83819481085226,-166.28303283331482,14.866305824636068,89.23182224168394,-114.48586361838653,1.0
3718,-616.0827381429855,-735.202075650696,669.6488336384439,-1556.1964578817724,-153.2717196486121,16.561523393873816,99.40701255935842,-130.65837455252068,1.0
3719,-2520.2350364203635,1146.8908827583552,-578.5643307805944,-1568.9594711312934,-148.0310235295959,17.239946460237935,100.13647093899486,-127.37010552375058,1.0
3720,-1152.5364278633988,-1362.0420146853578,-1008.9887993040938,-704.5614230224805,-156.49255357548375,19.45344425958213,98.94796064539132,-130.9809949414912,1.0
3721,-495.8367749635936,-1699.4714438322994,421.4329391240529,-1565.7867048089536,-143.93644811947436,19.77245044657117,122.70960027209463,-140.88531005799842,1.0
3722,-899.0256820160515,101.05029930270965,1576.5076356441273,-1266.4704999246903,-147.64729245154916,18.222159633299018,109.93072550463508,-140.9617540625028,1.0
3723,-1463.9218440822458,-1629.5431706213833,-1638.3131481521825,247.2631571290903,-158.88400861169143,12.850752734505026,101.47763967985279,-141.53707574231822,1.0
3724,-1184.266786817399,1034.9970310396375,886.6447214168539,-1046.7030154171073,-159.240817889415,9.297460702743749,95.76544554039312,-126.5721593412567,1.0
3725,-1796.460791328694,-232.75609668780191,-2621.987362457658,-293.9690562673505,-148.49355040021246,17.37543264127174,105.87878868759441,-134.50514243181567,1.0
3726,961.8056081612917,-1962.3787920993923,-1346.9900822329641,-394.47968799205563,-159.5869680388761,10.472622172347508,98.31696216776187,-121.36494653032811,1.0
3727,-1261.2943095002813,-1286.2214184805773,-1627.300116329146,332.3656700058851,-148.70263043567826,16.0132584972157,110.99020071219742,-136.04945771942158,1.0
3728,849.2010092201007,-2678.871228664546,-2092.1857546250253,1485.2419342132027,-147.1356865375523,20.725691213457097,108.26290911810257,-131.34138787233456,1.0
3729,1034.2888773639986,-3390.4363475622363,-3345.058297531475,-242.0000534978515,-151.41601829816162,19.73679599901901,101.00520819060526,-131.9268068066759,1.0
3730,2411.619119669663,-1517.3305144567084,646.7506092071714,-1745.519886928017,-148.00676421332423,16.02715551604729,101.3445271759725,-125.40293464753755,1.0
3731,-2809.156724591981,-313.38611246882425,-949.7770468152648,-1349.5688821577319,-157.95941993977777,23.44393991694071,100.99160431327944,-126.57395195367624,1.0
3732,-1208.6236794147912,215.461643184273,516.4833838320442,797.2795989915923,-160.2416186622435,14.093245669902064,100.8097952109034,-126.44005453080526,1.0
3733,695.5846787813756,-1248.4596704048229,-1260.2301081611565,-943.0187301535275,-142.48513205606204,17.32641976294941,110.11026090581987,-137.46481322376206,1.0
3734,-500.5527228850089,-809.7217708512685,399.2162645216987,44.49307565221551,-149.84342479939414,19.723117290698905,105.79643638254731,-134.51218613083205,1.0
3735,-699.1645888589159,-90.62482688485855,-638.6221858094547,-471.3183517845931,-149.44154029746568,16.0408995974214,111.43336968884505,-139.73272366739502,1.0
3736,-129.39441141657568,-2130.038772276727,-322.6172099035657,945.4036257695095,-140.10417467361356,16.474930641931405,110.3096228222706,-137.01163629743513,1.0
3737,-1052.2681774370824,-818.6569768166628,-202.24387602737704,-104.3243651485357,-157.33731470310855,13.921237228127715,95.13770819933447,-126.14903984662544,1.0
3738,-469.01340014066807,-1312.6698619526776,-1651.6875180175905,-520.2163636828373,-152.74757651297418,9.412257254607463,100.25738721345746,-133.8893590639129,1.0
3739,284.43128348361773,43.496827295811435,1738.7857885969884,-1251.006238822715,-153.33353720481557,14.18655212801633,112.63543940688164,-130.54369271193102,1.0
3740,-1647.1718330854835,-1047.7311745158163,-1796.1057685862372,-568.3487042512035,-154.179972014381,15.125355049214667,103.29079528631277,-134.51126017641536,1.0
3741,-944.2783175862702,-1549.2119195105627,-1038.0834164433459,-862.9179802162914,-156.95983454287247,17.17961452185752,103.5730974303566,-127.67974126423059,1.0
3742,-1213.9886702835454,-1796.6588454849862,-361.1992743666812,-530.0558219164731,-156.68606490131057,16.405706122836143,110.97969966574082,-135.09967201340564,1.0
3743,-2236.6805918165896,-492.5078780554905,221.11123177056075,-1141.0616304609848,-149.0839396889726,12.02179310332528,108.7267821174678,-150.36097474510774,1.0
3744,-678.525968773759,-765.8120497445616,122.55158303020751,417.6619043385614,-155.37106720684417,21.905196785364588,100.0764833689099,-132.91610265920465,1.0
3745,-2002.504152926653,-295.76563002713743,-379.6623454906183,95.48394922158207,-144.27133558288196,19.064555325774116,120.77958520008575,-139.2007247240353,1.0
3746,-1223.3545045830829,-1830.7455561140996,-102.1418151744798,983.5729813395814,-148.8629456564465,14.179160817299104,99.3795362465586,-123.65365752520601,1.0
3747,-599.2844182975031,-1254.0352185064557,-866.2405894098683,1183.9243652606817,-154.95897972225976,17.918164185459986,96.98140288319294,-130.5433514188851,1.0
3748,-1942.7653520765664,-497.30699004323617,-295.1595372122264,-851.1011740884892,-153.42747103134528,19.30724522772284,98.22197888681221,-126.00897868835224,1.0
3749,233.40871612147436,-230.72890883335154,2332.645056094296,1831.2235121277804,-146.63211855420394,20.57658686383243,108.18339809581354,-137.1867360216784,1.0
3750,417.21248424446725,-490.66735146931927,107.80660098702367,-1213.760496002744,-150.1207109315522,18.560454609831627,100.5335914534393,-131.22675538871965,1.0
3751,-731.168664969225,-965.8015717558823,-343.205112391838,1067.1991524379885,-157.7968053715856,19.852298562287935,107.18956953857003,-115.15901720298888,1.0
3752,-3893.0571708046978,1825.3774649888853,-629.2194018883196,-2139.9672935845265,-159.7827779325669,16.13417243616491,98.05003699152452,-122.28773074149649,1.0
3753,-70.60218783034698,-1153.6308020123695,-222.83657112480626,543.5645234401056,-156.93177621917818,12.891304694178672,100.56307078608663,-128.67746685176368,1.0
3754,-1238.9893392685583,-1521.7171310399076,-383.51817916703686,-10.242080018069721,-144.86613124253608,23.90372175672765,112.32615176584444,-136.16046079891262,1.0
3755,533.3608237468544,-673.5672341327311,111.15798514916234,3184.689561701841,-152.48138313486783,19.596051918605887,103.73933758136401,-133.22399150041318,1.0
3756,-1077.9216265102957,-47.9760267215841,-1280.8765207516208,-670.3518176686042,-151.4708710336146,9.557422849698895,103.02073537562335,-132.39331783368954,1.0
3757,-1528.030878850396,-119.54678441463015,171.9425452888697,-26.325102885264705,-154.74428226763865,16.791623946299367,96.69226995728849,-120.1834804747452,1.0
3758,445.1701226117493,1056.8952705909471,-1594.6454081835316,191.91554753820824,-147.82974645030828,12.960063017352672,111.90998267193636,-140.2690601822216,1.0
3759,-2139.313386881344,100.18406438541216,80.39302273276945,-1987.8800109833358,-147.5028024004805,18.945930364122585,106.10586538972728,-136.69750735417503,1.0
3760,-2037.8076536496053,13.957970806231312,-410.3433857048493,-1502.3949910719061,-153.66081647395544,14.579881458985751,104.88479247019124,-130.48515922439648,1.0
3761,-1014.8762562691506,-759.6342884208924,-239.2824852936725,-1042.0161477508052,-150.55184032709928,12.22913404223546,105.98259757907344,-139.93520619030454,1.0
3762,245.27805198940843,-1166.1817132011022,-397.8403176989029,-1077.9718421011578,-152.50548331289855,14.907021508310951,101.31431289119313,-125.4757030781668,1.0
3763,-1523.5990325714179,2385.25845352319,655.3450289465384,-3014.543107222974,-148.67909628605636,19.101771331669646,104.66556685415627,-129.11415860249267,1.0
3764,-2163.993067245252,593.40834160781,-234.49152587686987,-2254.7837243488725,-159.59824175068078,16.567111268702764,87.27725739372511,-116.36509634397258,1.0
3765,-699.9940304493628,-799.2339238431599,-2767.5561431950973,2913.204894817678,-159.31627897044277,11.6319588680207,91.17094147520127,-122.79879113179337,1.0
3766,-294.30886443293986,-961.643129279409,126.08669688430764,115.6503901400703,-157.5095230086348,10.483729163118909,99.78873163638725,-128.15517569754405,1.0
3767,-2273.4249933354185,-8.930150462753804,-1758.8770796462911,-671.6482035291293,-153.18168291753375,8.106980444291455,102.01083692727057,-131.40323650176043,1.0
3768,896.9906566033469,-2005.4536063398793,-1138.6144437590335,-1106.8206816297754,-146.22575603477893,16.993768209224246,105.73322194898643,-134.04147440672335,1.0
3769,1911.4495557231471,-1853.4938091269466,190.99114945922193,-475.71800586377157,-158.94696057730374,15.868514747621173,102.56692286224015,-129.72760304813298,1.0
3770,402.9318504846725,2967.293113378656,-834.4109197718425,1250.1208333572931,-153.09249418049583,18.223505177074582,110.05569116851456,-129.7522170805734,1.0
3771,-1268.3605653116772,-1341.1333273033044,-2133.8388378485415,1632.8412923436788,-147.47857714329982,14.680737486440046,111.87985791920472,-133.67347055898566,1.0
3772,-288.72813864432186,-697.8770648992224,-1198.0458479158563,108.68577413856045,-147.31048264555352,21.64859569133006,101.95664431152369,-134.36359209385955,1.0
3773,-3016.022156883868,217.49320894698,-337.0039621609471,-558.0661074455926,-149.23162718900852,13.146518088783003,120.54210893454803,-139.1797047872206,1.0
3774,-1426.9278127892558,-548.8118991673257,-299.3209253021318,-642.572099275567,-153.42864061358713,8.490788219927609,99.19662237043359,-135.90382660344756,1.0
3775,-3119.4273166595667,2468.602692188944,-1915.365307124761,-1164.3406118980122,-142.45882496170765,16.026348002834943,114.68760207545698,-133.47906800341516,1.0
3776,-227.44536455121724,-149.6557356819285,-1701.5872977337935,89.17749439767269,-158.7651186151438,15.917042429197283,104.03676275476313,-140.69102166952752,1.0
3777,-829.7271967135923,-177.5401292815419,-1968.0720066733375,-710.0113826396281,-154.34663956535775,11.334456388595232,113.39683555683204,-132.58918257086086,1.0
3778,338.1642571645997,-403.88900900413773,1049.6638442742078,1269.0822564016846,-149.23881942186077,19.0658475229031,95.99036428768012,-129.2939671053736,1.0
3779,-1049.7427349307802,-402.3743748581433,10.767460773263037,1176.1440685948526,-165.40130266141483,8.11963638605075,87.82270449431999,-114.73230926753386,1.0
3780,-1648.7332314625426,-754.1654806153334,-485.9270068213084,-1530.8228313640807,-147.80663143660254,19.430398037059213,107.83986975005044,-140.6983658899841,1.0
3781,-1485.3289042227693,406.40065477804563,-2931.9458542148627,821.7645762652616,-157.57783610361363,17.08032156980491,99.13394957728204,-124.6502412852608,1.0
3782,-1755.7102163940287,-225.89182315769006,-1134.8238405222,-842.9002425640335,-158.65117973297234,13.338221622314231,96.25807152578471,-125.01728770693354,1.0
3783,859.4075062119439,-1118.9644464271091,1210.9526857090675,437.21396359388376,-149.62128825148747,16.145644586991317,100.84112837871379,-127.74470651239234,1.0
3784,-361.8232662674762,-1620.8160413089695,-1832.4445679324426,-309.11477260031734,-157.32434540289555,15.114062457014864,99.07883329584915,-128.25753693446245,1.0
3785,2004.5032368966242,-2513.1098466629333,-979.8336086657828,-2300.0944969599923,-152.76135022500787,11.115415545170386,112.91850206436578,-140.35213364331395,1.0
3786,-697.1950155071771,-977.1488292708392,541.2666914040731,416.6233168247632,-152.0282589388077,12.733723786401638,107.73819076109103,-134.64878721224488,1.0
3787,-728.3182635420684,-502.83370394980454,435.7379099806518,1815.3235121054645,-156.7238161164818,14.269856124695902,100.44419990393156,-130.23829731770917,1.0
3788,-1696.382340220681,706.8127041461648,2402.5036439401138,-1961.2120800102034,-158.65516633687665,14.86787611074763,103.15423766639546,-128.68873699048123,1.0
3789,-1937.138034642919,653.9549784661382,-2710.6033912686844,-366.29814594886034,-151.14813320131887,20.339432889849718,97.11384497980474,-129.39344732726812,1.0
3790,-1196.2442571637334,1152.419160064393,1078.0703403672082,-1653.3376885178473,-154.88450257450916,11.761121261374466,99.50029010072419,-123.15845566209737,1.0
3791,-1760.16432963957,289.7520097885738,533.5403943676979,-1266.7671269335087,-157.12901765679078,12.369330751326482,96.35739570842104,-121.39850810603203,1.0
3792,-1486.064024247823,-1826.961067876896,-1752.1333007534902,234.10588826660506,-146.74462985672974,17.41479664662534,100.39789728232807,-136.27662079478569,1.0
3793,-308.80865908140044,-243.54433843287572,-1447.0531210088336,2076.4828647601894,-153.0064535279551,16.701786123180437,94.59279908231214,-124.66609300127874,1.0
3794,-1516.9544648662297,896.4244209065827,366.42912958197235,-2357.8186288908337,-155.72481553321742,17.93799077191442,105.44363796877693,-134.41821421520686,1.0
3795,-416.40438461556505,-52.47077015897321,124.74637821405696,1532.890981195636,-151.316969571221,15.243928541924044,102.25509814474559,-129.10502340844727,1.0
3796,-2776.2390958271617,1586.797040341528,-470.7533721843681,-1170.1110589162517,-150.96538281673548,17.40456404655916,100.0714975268292,-125.4637806678956,1.0
3797,176.36842332095475,-565.3660609660433,689.3546651551328,1455.046939775983,-156.32154953611172,18.78777016834989,99.25496902208275,-118.72543795300636,1.0
3798,-1301.653695869705,264.9559275193074,-1889.5514396571587,516.6260756417349,-156.24322349970126,18.19152591524558,101.42781181277333,-128.87852808916685,1.0
3799,990.241237563186,-2030.383692557593,-249.78831918950695,-386.27113796549884,-152.44586274597472,14.387793456082004,95.12054209064519,-117.86948295030595,1.0
3800,-1494.3759661152492,-179.08019413443085,-836.226115885465,-1874.1519924424456,-151.96604450615294,19.27210987548395,105.25478999666977,-132.18793647784406,1.0
3801,-146.78017881802873,-487.0592218691975,-720.2066394176073,1441.154832538589,-149.34825471770725,15.868166036492493,113.88576012049529,-134.3589338202084,1.0
3802,-787.7143104230184,-841.6994726434739,-2340.696702732786,390.6100021775032,-152.57179588455216,15.561509087385307,103.91727631730465,-129.80800481667353,1.0
3803,668.7864971564138,-2287.445194599628,-725.000304928529,219.01244666022725,-155.5825354794257,16.302494993310663,92.22429547282414,-117.0108984634764,1.0
3804,-1139.6690071978894,-2068.903623729711,-1501.064598041988,1455.7432603717075,-151.43847685120508,18.998158613680324,98.6911227817966,-128.93746289206697,1.0
3805,208.93369931330562,-87.04714162069219,-40.64667586042842,223.34617073840786,-159.51061895890825,14.32641322450147,98.74530057905245,-131.50084835696137,1.0
3806,-227.33398637901536,-1322.4428246438513,-2023.7432724677742,456.48019026252734,-148.6777497433581,18.1324987646571,104.72743359442752,-132.54888895323268,1.0
3807,-2021.4356954849384,409.2217096065898,-726.7161529910751,-362.6732650268735,-150.77228688018124,18.854655558761838,106.29445437057127,-132.38174906749123,1.0
3808,564.5812485347681,-1185.21309224153,-156.48623806608123,-47.18380606657334,-151.66609903078046,14.330989810746612,97.49180012478689,-123.77312099655792,1.0
3809,-640.4046007830145,-848.0968938812711,-1807.620290153895,448.43880725350476,-151.40943132282302,14.887981628213355,100.24783779414233,-123.51470236868926,1.0
3810,259.2444802916465,-1498.6774148065647,-2178.769757970716,-707.4686734013098,-144.4652338149402,21.642261784442855,113.0601093515435,-135.2826571716732,1.0
3811,-1241.0123173369977,-75.24428162092981,-2643.2372331579454,-130.9214694868242,-148.68550148608614,15.787011954059293,114.70739931950487,-139.2440010031152,1.0
3812,-848.810359551312,-144.13508174052177,-1483.9740401069018,983.3910537823931,-152.09849577060513,19.920968583907023,96.26018171368129,-133.68070623229605,1.0
3813,1591.3132629448276,-3256.9741052184772,-1574.3791440004381,-501.0083285157842,-154.27011773155635,11.228170129181741,96.40481791146284,-137.79843685372498,1.0
3814,-678.4571545991101,-897.4393210242217,-1481.317596045528,1088.322211366094,-150.6654633031339,15.286338549924963,111.88650914269591,-133.61583119198517,1.0
3815,-1971.0875630873172,1394.1311282431875,-52.08488256711168,-1099.7816583319016,-158.96517497779396,16.9616123948966,100.27617750406031,-124.88798591582245,1.0
3816,-2388.1298666496346,411.09240589330295,-197.91150662458458,-766.5985058792379,-149.74919375981895,15.521733655840524,107.97119297632507,-132.49395263760175,1.0
3817,-1807.7722156196428,-1503.5667473138242,-3292.8059840727637,-587.2788926382106,-157.8207254074383,15.492556008218235,95.37813429493099,-126.42897873568705,1.0
3818,230.58184877601497,188.58242853697882,-493.3242025591097,858.7556470067532,-160.73126592743336,15.852562754672313,91.64816526907462,-110.56647615770622,1.0
3819,-1743.5897482713601,-480.018577590304,-1225.0890517241821,1614.2739659986298,-154.94363034103048,17.6954628611237,96.61648682755413,-126.09559492651054,1.0
3820,317.41755449496395,-2517.005139121313,400.1099716298186,2598.8089506022707,-161.36375476970136,11.524201771705005,93.85673832200591,-122.42203882774844,1.0
3821,-1306.1457227072358,-788.5880555727974,-1944.7948212557956,-1474.2473755735357,-153.36366522617178,16.71019895306534,102.50705674245367,-123.30607496785372,1.0
3822,-1645.9902715776236,-428.68882258418034,-1881.4108481357835,850.6386169454652,-146.69780169009496,17.244862185627685,110.77002651064113,-132.45637752599671,1.0
3823,2748.376866800828,-2215.73292316224,-191.4080000886916,-733.8199065111189,-149.1754382903223,16.46730271392582,101.58525062046195,-126.15450951492038,1.0
3824,-109.41766528028384,-2587.565168212398,-611.8953210014391,-390.45276830825645,-153.503608474495,16.58424070319354,92.65977851269906,-122.48625543302371,1.0
3825,1780.8625913723108,-3122.5045849546605,-1845.1953457905022,-589.7067840143422,-151.0749198357392,17.03371381687662,100.13577086579936,-116.20440787849947,1.0
3826,-535.7218519080237,-953.427448995103,-2047.3278887393749,-1407.295775205555,-147.7238337086099,19.200712509775514,96.9591761137456,-135.84760552069613,1.0
3827,-1238.041834621507,-689.492204363644,-966.860641079735,1030.5276156175978,-157.03762565400726,21.742976580308017,96.5672557932372,-118.48912828630067,1.0
3828,694.0474622199815,-2140.7867689946943,-2000.7567990888065,-724.4412832354523,-150.9879604762914,11.021393029434629,105.08396047502416,-135.5587113194064,1.0
3829,-583.4974003370742,-594.6581543872218,1432.2467120336,-262.5291749839729,-146.06551881300035,17.916346604755592,102.79255732252679,-128.9633897520033,1.0
3830,-325.2705969828577,-1083.1740302786643,-925.2796368212389,-1043.8974006718856,-153.84012191490558,14.355108278023389,106.2927467867499,-123.45843067834957,1.0
3831,-3.2772172730932025,-4186.8904437970505,-2879.03495331173,38.14190212041204,-139.11562438033144,16.559959523851347,114.49089645315571,-142.25294698371576,1.0
3832,-123.53451932449745,-2532.791617348219,-2301.5146412036875,1902.094232182218,-150.2580890994405,18.05816724682402,104.5654017681649,-129.52570397248914,1.0
3833,-672.6606792718746,-1251.2483321974998,-831.1060942465124,-229.64331144607897,-147.16279543499314,14.937856318612406,112.23251474718762,-131.04179964475827,1.0
3834,-378.49433640626347,-1492.802250680059,-146.5168445279658,1216.946091792402,-147.00677732452223,15.322537335956826,117.83648298620729,-138.95302087957745,1.0
3835,-1138.4856262779901,-594.8977188024702,-1949.6747309330494,239.73329961897502,-149.69075808968807,20.00010431899444,103.18539457037329,-132.69175402035455,1.0
3836,-2009.4031933895542,370.4819952441428,-1682.1459167179341,-3366.455778745244,-145.91713120737512,20.09496035911771,117.25206045338493,-139.9859043996898,1.0
3837,-1089.745182210002,-549.5376763340676,-1320.7845897778345,-734.2191757682813,-149.57566868144153,15.275947280208216,103.2480359312904,-135.57388872595064,1.0
3838,-1449.2600385795647,-1074.3032035966075,-2149.75653241664,339.8631764865984,-157.88612052768076,15.879075581012986,98.47217491956359,-130.385556592373,1.0
3839,-534.0322171295575,-856.0152656883766,-410.7016465337056,775.5184675973942,-159.00802823249373,16.705184132874507,101.81718846347594,-129.1531616944174,1.0
3840,-12.724476114909923,-1432.4466664674337,-1487.58835718937,-1984.7350634007166,-155.25750369418034,16.074983121784612,103.39909843654263,-129.42290018459107,1.0
3841,159.16580845645183,283.3945297133445,-812.1171441815317,241.72795337407806,-152.54051694544683,14.6550299225527,108.48112318953977,-140.07960193736702,1.0
3842,-877.2606186615388,-313.2775965592195,-1726.1831287869343,1510.1730891931759,-151.05768851240433,15.159291631431849,97.7779298338246,-121.62003793113425,1.0
3843,408.16956362944353,-877.5708270909846,169.165356298646,1574.9140911009454,-157.62187887274445,14.117443476000538,96.34835770965998,-126.69833459216508,1.0
3844,-119.4076508027194,-1180.175522919406,-309.2325653482267,727.731254468337,-157.65209253037762,12.993833995331762,100.80489767921213,-123.33895526931084,1.0
3845,356.98865526123774,-1824.801131446067,-696.3708475939096,836.994924028772,-154.531451176257,12.540824665479605,101.04262838003162,-131.36542294464954,1.0
3846,-742.3301313001936,-717.3976251402593,-1445.4650398123924,-1286.79637792905,-153.80996616146453,18.66166617272979,102.04478826989124,-132.27524306987098,1.0
3847,-625.2300982616779,-1078.6667574024154,954.9167138843029,-1685.5082975647754,-157.51138429459928,17.400629924300624,89.91386850283062,-118.14139299788367,1.0
3848,150.04176640530886,-1758.2000172132912,-1591.5228476138561,-1472.1413876314061,-156.01866597975453,10.333007896961615,98.99274017025851,-118.90491922546819,1.0
3849,-1989.2768401293947,-1126.1489537935715,-2771.2222693066456,-865.5899805258415,-155.11234687421023,14.976958805401852,102.90624087772292,-129.07290322636086,1.0
3850,-998.954719739202,-1477.214676936158,335.5813922530028,1170.3495521775742,-154.84567637099414,16.977086913598303,101.06465498627523,-127.44234349818075,1.0
3851,-1632.1122274452139,-1061.2041514381983,-1958.6925542921435,-717.7302284219804,-139.09715225550377,16.147527770719513,114.71454363360233,-142.14912563148195,1.0
3852,-879.0065152530005,216.70806409109736,568.4294370337337,-1128.5412733819091,-151.4474380789798,10.878145277073664,100.49386273417643,-130.7432698688002,1.0
3853,-295.65246972905226,-133.56560395345747,1119.194432759016,1465.1157738357726,-140.97370503770065,19.77835280239122,110.8342470274064,-124.96188521004383,1.0
3854,-1784.235470011528,1118.6203704942661,224.46610097116064,-859.855030731734,-158.6883379446086,10.475773026532739,102.09448976307755,-136.9141465552343,1.0
3855,-6.996860989978981,-1067.892707230114,-763.0863766003647,-2386.3515067087123,-149.87526205418172,13.914344049152353,106.2228851261416,-129.23381021885484,1.0
3856,-200.63029732777113,1041.3927315339747,-1360.637588025573,282.0549699547354,-148.66666944166323,20.38763112254861,101.21557887800509,-129.63892450291453,1.0
3857,-20.094341596218058,-480.19099414310375,-276.8607001744306,-819.2538150552751,-152.71935832114798,15.217781722262306,110.89956661068999,-134.9325826553503,1.0
3858,-926.0308799169726,-1193.3036490677193,-738.1100529240942,-459.8196777105778,-150.81848208725788,16.841824712619683,106.62747235811452,-133.33683664070176,1.0
3859,570.775692422555,-2271.9767143940794,-2805.2544447845476,-225.39982153307398,-149.4671227120951,16.17620888667114,103.64159036124174,-129.31470481601337,1.0
3860,-2540.288579627311,-275.571799564081,-2833.363410312211,1636.1423287556488,-150.9067744886046,18.41476396700496,97.17365420599877,-130.44841227561977,1.0
3861,-2260.155734977414,-186.19507771321523,-980.2227645870768,-473.34933271287736,-156.26180253334124,18.497754001668433,99.78299990236191,-127.74159271093828,1.0
3862,-54.11161403350402,-1299.1119938714346,-843.4575686603368,-1073.4924092639963,-151.74162240881418,13.373348259655797,99.75983486659383,-130.94405810501834,1.0
3863,1847.663941488198,-2633.9631191690446,84.12966507502844,-547.637511964437,-158.81277134787626,11.2461600815308,97.67669481347492,-130.7115548197579,1.0
3864,-841.184841373923,-968.3146709150449,597.7039001783997,968.649032785456,-153.51219586887936,13.670021784614072,102.40323200845137,-130.36958221111732,1.0
3865,-1112.487667747637,555.1948859624238,-20.85332390543969,1714.139895435771,-149.50572631722375,16.18659615245202,113.03300846433575,-136.91692310178763,1.0
3866,678.9398152984912,-2395.3322056100114,-3038.1730893312983,-170.95729845111688,-150.66722584070348,12.539443572204076,108.4081231332414,-134.6178768723441,1.0
3867,586.8517316589648,-2496.709138367165,-3004.1414996325093,-952.1932846065006,-157.7609667097298,16.208110033494275,103.10325506872157,-128.34841018735509,1.0
3868,-539.2318995609721,-398.32312214277454,-502.52986946805555,804.5944260586688,-157.5185998189107,12.595187007808965,102.40097041583911,-132.67779604457556,1.0
3869,-1044.4834072668073,-550.4966382033457,-1412.480344163389,103.0730057170879,-153.26074355816593,14.46821069042415,99.9114532322113,-138.09652248292568,1.0
3870,-345.3777117479162,-716.9787826651688,-528.6515437197764,2178.643953462324,-145.89916114159087,17.871451036675186,105.96665001114202,-130.91861093133375,1.0
3871,434.0676749061276,-2399.6445713778476,-1938.654264457758,-1732.167625084246,-152.4720555279497,15.909340380717918,104.2765573091501,-131.55915150340877,1.0
3872,-258.6370091757127,-1900.854666300428,60.22783532103841,2071.3679770112144,-148.04003095495148,20.27310066347153,104.96308457826873,-134.6009493306836,1.0
3873,-1014.1395493552417,-1836.4982953749063,-191.91269625399153,1612.933329300049,-152.83090446723276,6.8454439705124965,100.59425880057175,-130.40760253254615,1.0
3874,445.8837696272886,228.06304529487622,932.3041315486441,-838.4082979262482,-154.5128752424927,13.630123572557103,99.26578951814278,-130.2101121557193,1.0
3875,567.6747272390984,-3184.2766484329254,-2148.3925193806836,131.85964514036965,-153.74962021760584,11.5565450824393,104.97345521041336,-129.5445800031806,1.0
3876,-1332.5512797677657,-519.9666343839523,-114.7077618884572,-690.5438366079005,-147.62257061886683,17.51884605507936,105.0063059685912,-129.454718197394,1.0
3877,1575.031252998179,-3526.956162541241,-1261.0575650398898,237.6946206132787,-156.31769732103155,14.479191906968456,96.24985297992245,-122.17348637705467,1.0
3878,561.8860579615962,-1453.3002975462973,-375.6420431652909,-1492.4253352128121,-141.8270604914298,16.13785298832019,113.20806823355902,-151.49084607790343,1.0
3879,-1355.0504278687183,-303.9914158969525,-2045.6767355797258,-990.2335181074997,-154.67915520245595,13.919994241473852,100.43410456740234,-126.19273344425476,1.0
3880,-907.4290914563876,-820.759911480489,-990.7353946933645,887.5101202134607,-157.9184626582697,17.901745030017594,97.22650508667883,-120.0235234987694,1.0
3881,-859.7027732929706,-196.93436189515984,-1119.9233717456143,27.091295744918476,-156.3060787870272,11.725062377787332,104.37740012430774,-124.58036694962087,1.0
3882,-574.9020131381234,-330.07462382575204,-1279.0606176167264,178.84764104095441,-154.00397650467758,20.431438379002888,108.36577524096354,-131.45793795119047,1.0
3883,-252.38980503765862,-1337.3639413201606,-760.3137777237306,-313.38713329208537,-153.7294234449622,17.652070181996955,98.8124798556596,-118.06630773769109,1.0
3884,-1656.3367175130031,-851.700977348221,-2016.8369010262813,-428.95891808704215,-150.79902080502143,18.472875103954898,105.69632946897205,-139.451615531317,1.0
3885,-1063.7842455502107,-1670.1040845300324,688.5398698070873,1103.2326679293967,-150.75297674701477,19.039823582202448,92.58218488298917,-124.76231594922436,1.0
3886,-1739.992228748179,-632.6887493927098,-1041.5897281327345,545.9797632682943,-152.2251370082391,22.14203124935342,107.9269256504929,-140.46958725955477,1.0
3887,1126.6488607613753,-3016.497058303404,1143.6033725970367,193.41435863199652,-154.08986434542715,15.94858636418439,101.4395294317884,-131.0374111278329,1.0
3888,280.99608529065915,-263.91135458416903,-149.51140325659426,639.6216971108435,-145.507765524103,10.801612500234956,104.86441331901499,-127.00785222773374,1.0
3889,-683.5136500596078,-1833.2078976801047,-1238.561669992709,-1337.866415142164,-154.55785551694422,22.776151130291876,103.79748692066633,-123.5396929372834,1.0
3890,-718.4977670566701,-800.1019536562086,-730.0366276274541,2231.542708969514,-144.6283156775126,23.50470086946433,113.81323007428456,-136.45153575382062,1.0
3891,735.7921950755943,-2981.4350483015774,589.1696819689403,1155.8046394009957,-141.7407373193401,17.95368322949584,112.89394551005987,-133.50511582602908,1.0
3892,-2245.752154959606,1928.0832019955005,-668.3183527164953,-1414.6607101360005,-149.96191178423538,14.90632918169327,110.30630435303001,-130.4208579271902,1.0
3893,-3764.7682941586168,1644.738336558667,-613.0471515730598,-2012.2848692217176,-152.19209935473052,19.58699419411198,98.43662571265608,-121.699351635311,1.0
3894,527.3342367373995,-1827.7492003144562,-3466.0254326584813,-401.7767397608669,-146.61860460574596,17.73377284320535,105.52088726702729,-134.32006876190817,1.0
3895,-1597.5186637335378,-398.06055796621166,-2372.7679673919356,-839.7855438897641,-163.4777363724178,15.229672221108647,85.24688314785368,-121.13288600634536,1.0
3896,-379.2204794289018,-1023.9877887923611,166.025875631433,-649.156567105494,-148.8272851727868,20.33275525487473,109.99627498804708,-125.19063576485645,1.0
3897,-1079.425532173358,-541.8679737051175,-1017.918093482044,879.7578432139886,-158.72452518087638,20.40731028897546,100.2415260196799,-127.76972872244286,1.0
3898,-924.4522202405158,-935.1094023495782,-2442.615397788514,-256.46462568202986,-145.7065289369386,15.611658974481339,116.06384773709024,-135.3345874969351,1.0
3899,-1388.318782673339,-1528.4239232129446,-3170.4447562939563,130.2404177776571,-147.82025589134824,18.060847998889788,102.57116462913297,-128.66645006359815,1.0
3900,-997.3768286019109,-105.20762285575945,-648.2276796718356,266.72513214970354,-148.83528663266605,21.79873078559591,98.39637019478376,-134.78586195693492,1.0
3901,-687.5820464686648,-444.1174187914932,-951.2508566075205,413.0507476134171,-157.26279140675013,6.938350098666348,99.59439559298576,-119.94898520481635,1.0
3902,-1001.3079573064331,248.1901703014177,-2158.057139948919,1014.6421423286494,-157.38535209425356,13.90955896666004,98.82360619192127,-128.49598015046453,1.0
3903,-906.3982323656614,-1018.3019654691828,-1569.1348630532707,-709.3909854170224,-149.35877844434503,13.112309781533721,108.59485405542789,-134.3876775491942,1.0
3904,-1803.8731226227474,94.35653191346971,-1691.7842670994771,-151.8474220540467,-152.069992554798,21.973526506387156,98.05150441304632,-129.11818225178823,1.0
3905,-48.036775644159945,-1956.7690786604317,-1280.1720602756545,-1448.1298468985563,-145.19453842876297,23.11862089766663,108.34678559145135,-143.27959271551956,1.0
3906,1349.2394400613728,-1928.4574746252094,-1489.092605535733,-1341.9970958331396,-147.27633039469504,19.137113613306617,99.47611337935975,-118.77386584617628,1.0
3907,-262.0673236607013,-1031.060712479583,-757.0291249577372,-739.1906660484483,-144.74806803676506,19.17542599478126,114.02111703167452,-141.77403983821085,1.0
3908,-348.72675372333214,-572.1341335959077,882.4180030863097,-394.4777073085575,-148.1279926190871,24.6891974717587,114.28939380105875,-142.86001083583608,1.0
3909,-357.47630766372305,-1168.520966189552,-1495.0278999668167,11.20577679074829,-144.81941378167244,17.40489884420967,106.40859416656316,-133.32102242813318,1.0
3910,-3108.0530268804832,404.6934267964624,-977.2603609169925,-2158.716364519358,-152.71012918006303,12.334775009058646,101.62058949248396,-128.67650538733392,1.0
3911,-1249.4460318459794,-1441.0062512906998,-1849.291072655583,544.2499567253358,-149.3076026842532,11.852538509847262,94.41811285295101,-136.65016503759034,1.0
3912,-950.8980906155622,-117.32802494400292,-142.67212363452185,-620.7490435019494,-148.20095283467353,15.089228190063645,108.933693568173,-132.11533752738845,1.0
3913,288.2890872805187,-2609.2999311316453,-1055.6806045019296,-528.5606076485861,-162.42311463480928,19.647926331287128,92.62173835576371,-123.56061466574052,1.0
3914,-1541.8234914705872,-1246.5408219427256,-543.2594255019229,909.486610266383,-150.76747855105432,13.735548475601991,110.98850887982387,-137.4655123141845,1.0
3915,-917.3228802768461,-170.63690807904442,276.0898774216306,1830.05247046198,-157.74664114124,11.760996064738407,94.2208243904675,-111.9557362277855,1.0
3916,-359.6324414948667,-2333.7259354037055,-3044.4049532283548,-41.01255676293305,-154.3851218591852,14.790474200749104,101.14713665871932,-126.7555260429838,1.0
3917,-1230.9129220181808,1067.2752223238217,-217.76511050409843,-916.8536802200978,-150.96383294476468,15.730845365478812,110.02604518813995,-131.6310522785515,1.0
3918,-1081.0750652518207,-1048.5104800197148,-1678.5203828448225,1519.1499756512121,-156.048519799169,11.519691405799485,96.16280955843064,-116.8199223837079,1.0
3919,-585.8906936893262,-1422.9225309654646,-6.713704434092471,1654.6944155362296,-158.8344356448723,14.479227834479198,106.12593643749956,-127.42065412585251,1.0
3920,-2036.590908918654,781.9225931801943,-3079.536295805395,390.7327955713483,-150.98135820254436,23.220444179644193,108.99424550316135,-139.276542982316,1.0
3921,-1239.9144630560909,-329.7530501221884,-373.3071809870672,528.7009500932585,-149.47849026841433,15.26142089107173,105.26621199503768,-129.30919723293434,1.0
3922,-894.7198429667992,-833.1086306532065,-1582.4628130312688,728.5180242339823,-159.7638203647018,18.475782207177332,93.83756797962103,-126.41006896283758,1.0
3923,-374.5603702723595,-1504.2937975634948,-1092.5624575258669,-977.0374525666508,-146.91692926950165,19.824770139611488,112.12179933228104,-138.26780724751436,1.0
3924,104.58626338233645,-2277.654545830696,-121.96173416462322,2364.8161261058567,-155.45588820172,13.538544577562721,104.01639205934009,-133.3190662118604,1.0
3925,-776.1710553374594,646.7693415904644,730.3087931655762,-1164.3107857884581,-157.54648594221527,9.21321234782794,95.68848549598849,-118.38528857622894,1.0
3926,-2058.7976381211174,862.217496447279,1046.5047597142911,-984.3169158801435,-149.91724390999607,18.692076019680453,96.80513503837825,-129.19140951648873,1.0
3927,-448.77099743987026,-684.8796329195891,1350.388565201867,-292.461513379113,-154.58178944998963,13.791134693776584,96.6288096884771,-125.89023723748092,1.0
3928,132.5400413290469,-1017.3392758135013,1099.8875811479563,-0.9361639036119196,-144.21467500786937,15.325839169018277,108.79050739237604,-137.17000455410712,1.0
3929,-1269.410111100365,-438.7691823927836,-882.8197430343864,286.14230096832625,-152.2193801672134,15.695417787025567,99.23695917491324,-131.01526139998302,1.0
3930,-334.2245771479287,-2195.0174563802757,150.8333589284364,614.7968024107452,-149.48421247659658,22.268015566493215,116.41744779295479,-133.12707473595808,1.0
3931,783.7930238924181,-2269.954329127021,-798.7691758937558,523.5245230817596,-144.82762154768034,18.148189963852253,110.28964693505874,-136.0802782420752,1.0
3932,-148.43948720237518,-830.0811245305887,-1087.1201688490496,333.0542798173685,-155.13057380948567,13.877600629147429,102.34446812491854,-128.718524629597,1.0
3933,-523.4777240989176,-1318.609119507736,-2123.6735555991686,-208.92972716716642,-148.8211873372449,9.76957985215638,111.31036316988468,-141.49084381630698,1.0
3934,-190.04965753809262,-1081.7297557292472,1724.2897768271957,-173.59553082129148,-148.77679910011972,18.254235558237315,101.16792287330017,-127.85887148945272,1.0
3935,-1133.3968197493994,-545.884799510571,-87.71764251271884,203.7851344823279,-150.30689035215212,16.400627272967945,102.02903365419563,-126.17434479003906,1.0
3936,-3596.714308885108,344.8803944996912,-2664.2692189866875,-302.9744181742066,-156.4577260725078,13.00182141256337,105.95045298750705,-118.94851909563533,1.0
3937,-48.1855324953994,-1589.485310781052,-750.6668652412384,-1160.9505900743586,-146.8164701540458,14.450138292853156,114.1500955641706,-132.40975036482234,1.0
3938,-413.2134882097413,-867.6532265957017,1039.6442518942054,2170.306837277675,-154.11189255020793,18.078273897731567,107.81717742141882,-128.6288224624078,1.0
3939,-531.9762742744128,-2070.6964576957844,-1137.2184950647502,584.2237824314476,-156.29416724435464,17.785232970196056,97.12908565980798,-127.15989715242722,1.0
3940,-788.2233641389822,-808.098802508709,-693.0396729571638,277.0805637291036,-149.31612894684355,18.254090389672868,105.20405509819247,-127.51528964874625,1.0
3941,-573.3587124062944,-1572.0264245844241,-1093.463856499498,1180.114594698699,-150.471827072904,12.58513042966409,103.67905337581759,-127.77339836172924,1.0
3942,-1686.862484108518,-383.1676673046006,-1418.759048053051,-259.96006032656686,-147.37680110258194,16.65610797942271,110.44167227479703,-141.6652097029016,1.0
3943,-590.7752992698782,-399.81707656462027,-408.32318011593685,-1187.820544508577,-156.98092934390993,12.627696398217967,101.63157252593501,-126.40312835564723,1.0
3944,-519.5028589177574,-1343.8112076759178,-1379.1563421906533,2661.578780859976,-153.9102147607397,8.32707381061351,98.47144326398147,-128.63555854323113,1.0
3945,-862.1356833572922,207.36112848218033,-531.3927716082162,395.4835984374855,-149.35217741795205,15.435310168895803,108.97618943130333,-137.76187153166168,1.0
3946,-204.19383356268597,-2313.2449399114244,-1792.9287976621567,720.9614379952943,-143.9435029365996,17.38345919031731,107.11996664045553,-126.53452588648089,1.0
3947,-2166.796335279092,-83.04756744629394,-1134.270253033147,-1088.8209114208687,-157.61736002634333,19.445184262891253,102.42608746014231,-121.01955352267865,1.0
3948,-717.3272450793758,-914.5082194216956,122.44109587266139,-241.29693443725853,-145.47587882268365,18.016260249157128,110.01738287527118,-132.83985822227837,1.0
3949,-1243.057881685316,-522.6688747806086,-1082.195929148576,537.7802189722067,-147.33541575813655,15.145465651840276,108.88609534820905,-132.00594781550555,1.0
3950,-3915.2627667021375,951.4063560313687,-1187.2851248572804,-915.1464126951216,-140.6867385896161,15.429817014073004,117.05428474272976,-145.33322529948165,1.0
3951,-890.3106697108393,-433.15242188381944,1570.463284195479,-2559.2709336562457,-157.8799399140761,16.638368215843276,93.02998691619048,-128.30930828511146,1.0
3952,2269.7497512592568,-1262.7261950263921,846.1436064246665,-1073.623493770238,-150.57215923742945,9.441361009790434,108.1061791670193,-125.2535695269282,1.0
3953,-466.5490889723507,323.3578001931777,-1841.4247124979702,-242.57625150328533,-158.26329139521462,20.795211491114713,104.38715285944781,-124.7357019909482,1.0
3954,268.9325182841589,-2014.1651033785374,-403.3828288872286,-42.801705236061174,-144.32429354690225,22.491259889387777,108.63064860726972,-140.39238764201596,1.0
3955,-1303.7534712470706,-276.8817263851313,-250.11329333977613,-1356.3558195213745,-154.549874332537,10.52019380038979,94.83200299747507,-128.21830577343235,1.0
3956,-316.9671731843751,-177.5974492852382,-365.8653220325452,-1674.6053336185962,-142.77161186492796,19.163586842206293,112.87544048902271,-136.85721924553516,1.0
3957,659.2550868635476,114.31285866259611,328.3901258798363,9.982322721565017,-148.07187284630103,15.11806218871622,100.32767629663519,-127.86026421286675,1.0
3958,952.2164914775698,-2115.5193807392175,781.4983350477489,-174.3515713152824,-153.29059428176228,15.634499766512814,106.78656068979753,-136.65215490684474,1.0
3959,-429.05587960626843,-1812.3410169024896,-243.886298866709,2438.954170439503,-159.7885507162854,19.441937114350125,102.987595410639,-127.35409581161815,1.0
3960,40.906234692171196,-720.6424130924125,738.8055312326888,1379.429663476235,-143.85979866716946,15.260763392716639,105.91738567234987,-126.6455127551547,1.0
3961,-578.6874493620344,-75.50211339208136,-856.247825900563,-685.4297948192689,-146.4615955127832,24.59633179193165,102.66510471468841,-131.13063851502685,1.0
3962,-748.7966425824161,-1053.8383076592058,-2174.8200739930985,-530.1789405750649,-144.10607550501516,13.022272761188953,111.1190224219722,-131.6054867008609,1.0
3963,-617.9243994248267,787.8738309195945,-181.47819205104162,800.3205310657855,-156.04772990232985,13.581141099232871,106.22996834980033,-138.30000427876612,1.0
3964,372.5396273259658,-955.0264447845634,-191.31503622325013,-774.2547743525449,-149.8161825008746,14.407202210989762,112.09156596033465,-134.52141192564008,1.0
3965,-399.3339800874497,-2922.683856154489,-1166.6202718295117,604.9980585768405,-154.942947379509,16.385944061139273,103.27798192565714,-123.37377605684728,1.0
3966,-823.2925889773248,-691.9869752662241,-131.6478527280678,1314.593614536627,-153.28674910422671,19.683283489179843,106.03977388086523,-122.21126735795164,1.0
3967,-1448.5528548961825,-851.7011583355398,-900.9909090464831,1489.7823129308422,-162.41034984183653,18.402398249908316,92.28678878226256,-120.95086289262765,1.0
3968,2522.4537566838767,-3909.2570855018002,-2138.768203536472,691.9604392276839,-153.52737217854622,14.631163090175441,100.5150152505129,-118.03342452519541,1.0
3969,-1483.3551586932988,-1021.8841880430263,-2126.318179786956,-380.72325386335876,-148.16828482788404,15.034535487458523,107.60477175176413,-132.17041447174967,1.0
3970,-1176.5779389811569,-1074.4667415966865,-1407.799071585448,245.34884157496404,-159.53957129389724,18.67687600283371,99.2970413625847,-121.32539871271895,1.0
3971,-794.4020661451748,-1376.5526607806212,-876.9064243355361,-285.23803015249314,-155.51588710260717,16.757806640060743,111.57557071642363,-129.63371408567778,1.0
3972,-873.4856941275013,-395.91457243554066,-531.3836973813949,1756.883353182923,-148.38716336867432,23.770836141518156,110.07107782893128,-136.09121071444213,1.0
3973,-813.7288683947967,-1309.4347258732269,-527.547404438132,1425.8069101348437,-145.34744447280255,14.372353709147964,113.9799498589806,-148.3525689556617,1.0
3974,-1639.6472021545994,447.9346457456889,-140.50342716370062,-1119.0187708759304,-145.99642918148965,20.761709096898784,107.10724318901568,-124.71039614831928,1.0
3975,-2197.3861284806985,-680.3797050536334,-2128.1763987617683,1081.757821062186,-153.74459022989487,14.435585721115459,100.19632828710198,-123.50519310377148,1.0
3976,-61.507942276581026,-923.7074754850198,-600.8778802558385,2802.7881875724993,-146.26339037064557,14.649822069644276,112.59501701694462,-136.9105535314777,1.0
3977,1612.4037570744943,-1636.1228709901739,-1117.6348301074536,-980.8206030303729,-148.91912124866255,12.76928470910944,100.08021491632597,-130.3106130637015,1.0
3978,-898.2646924075794,-824.746816564954,-1620.6335722946226,435.5691218549712,-148.34999341732802,10.522791433474229,113.95507433182918,-142.94879987206525,1.0
3979,-781.4887868788535,1.7310016773390169,691.0768794294752,1027.0416483654271,-154.26167064748518,12.606783192305752,104.42012214590345,-129.9992885590638,1.0
3980,-690.5050050387958,1014.7820695941758,-1187.4465286395377,-1679.7694204765648,-158.68719059098922,17.087817566392467,100.75952702951002,-123.44995253397398,1.0
3981,-1153.7446157106478,-188.5182852626635,-1425.2239603955147,873.7377335514409,-152.85660762273233,14.509401791115216,115.06881540090134,-139.01740369069873,1.0
3982,513.3626939925356,-870.2520032915468,-898.7073657776895,-195.77410202684246,-144.63895293705556,12.295113163478149,94.81968090866374,-123.5348918899714,1.0
3983,-543.4867403962032,-1792.7267185828255,-1906.6033919563308,685.7254453216965,-145.38942178943236,15.038772484096853,110.3109944453021,-135.14498480589376,1.0
3984,-2100.7973447810527,-34.14308669498175,116.67806352227883,-1615.8923998328478,-152.72897422626295,17.09269380581763,100.78952612648364,-130.2431526557285,1.0
3985,-492.78828970859973,-844.8208759498141,-200.30296490004864,715.2260250399542,-159.4218046848379,12.373904039445549,94.98507142503496,-131.47857066271143,1.0
3986,-1722.7069537813195,-1598.9356919584127,-2410.149842040188,2648.0650197325303,-145.10096079205115,12.70870605323151,105.23017500943163,-122.19783508829515,1.0
3987,-1594.7737043985155,-2063.025997431533,-2568.901479146158,121.79708376856624,-153.49510921303684,16.466245829723476,103.50547191143909,-124.14288947117056,1.0
3988,-240.5214792903055,-564.950667582192,-15.9190603874676,995.9729099551672,-152.09100637274273,15.49401288997168,90.7795159600349,-118.31184623846585,1.0
3989,-1610.945746542072,-207.75603399752484,68.29154454540532,1518.9364860927928,-152.11220943681653,15.543396509656345,109.92261695166694,-136.17496907951767,1.0
3990,139.7761603850256,-1103.1229889445344,-78.65154042286483,-171.21581495970818,-164.02936883859658,9.061158310698307,101.16535393137791,-125.81059725491282,1.0
3991,-2410.1425054485985,-896.7568056748163,-1597.316121343332,-1115.82011206418,-157.49719140990237,18.217788404211554,100.50807090575255,-123.75909158305588,1.0
3992,-1663.5567147350857,-1016.4787215827788,-3046.859243606594,-760.8876607627792,-152.384497240039,17.149407839103443,103.77309039396506,-131.26592034645824,1.0
3993,-874.4044188436267,-224.23578203815663,226.55773487621758,1124.9089534213633,-147.65700150668087,20.067907307271874,104.6658093228933,-132.19262250947034,1.0
3994,-1758.593566293479,-1912.218478892561,-3005.069976500561,717.2088911903313,-159.84534868353865,9.233705945156352,102.45893836861856,-126.70654989149841,1.0
3995,724.2561560643683,-1293.5370803547557,-1080.6175591048004,-1160.5448524846026,-152.16476386488762,13.216203093793652,100.1856010320122,-124.1379800189775,1.0
3996,-347.420281081428,-681.8230851947017,-12.833631656749144,1080.2815988390691,-144.70116727278258,15.917000099517148,110.32338549420601,-136.34184900482742,1.0
3997,-3247.343159285674,244.66423181459174,-2279.2386409809214,-1680.7873482749887,-141.88864899728654,17.511930226310305,103.46553064587422,-132.1587741537058,1.0
3998,672.2867405509628,-669.4756735153901,-612.1804790207842,-2012.2788738441568,-154.05325560583344,16.16410194468508,109.46091952154102,-133.10015946045976,1.0
3999,-165.60736889003132,-318.8828565071728,-757.5217475454056,666.100791192824,-143.4132377710282,21.12563707722957,104.977088777899,-136.78718479640548,1.0
4000,-1504.4109815712366,-488.94917840266623,-1737.9279743627708,596.0944620721349,-148.68466120184516,14.187120337592084,105.05137158411443,-131.70841309139516,1.0
4001,-2659.7523635720336,-1834.0535378832724,-2001.740086015648,-407.22790034976515,-144.90697754169128,23.999635274156176,104.13010001858133,-138.4993655966262,1.0
4002,883.4392256614979,-1754.9180898308164,-476.9201499050288,-151.9052670037263,-146.4966141046464,20.022011950324263,108.13234703293814,-138.11121307027076,1.0
4003,-305.4826378200146,-960.496088187948,-1393.8141730817256,345.25718477020797,-158.62138798196315,17.944069905137752,95.50876136832352,-117.91078176568162,1.0
4004,-276.13443637755006,-658.4388652296491,325.6404550921497,-1731.6742961591704,-155.29348066156646,15.093753281799492,95.84508591614262,-121.20753149859857,1.0
4005,-136.6895054270408,-2195.747732349494,-456.7598864125374,1886.2500885451043,-147.06681440763947,16.610551771847252,102.33535112944867,-125.02130646188854,1.0
4006,-604.6989254794705,-2306.1550880778605,943.2639165421782,309.6610243481271,-147.21157479859724,17.96673012221987,104.6171081449148,-129.85119545830239,1.0
4007,-421.9956361119867,-1003.5035496626316,1663.8525033223052,1863.2581545476135,-144.3403842795638,15.29388591613321,106.82660290570496,-133.00022818453527,1.0
4008,-1184.9189327413874,-2346.1817724810594,-1079.8849932252044,760.4440742590708,-149.8372828302365,16.750271659086355,113.039699878666,-136.6493937150569,1.0
4009,-250.0830291708513,-333.6759712079301,1389.9380580830323,653.363113235151,-152.29926983035827,21.745780369023016,102.98895767784515,-123.45905114111319,1.0
4010,-999.1398628821563,253.9203534543521,-297.4240157825456,-1362.5217996740112,-147.3059056558961,21.415907402965665,113.01233556952688,-137.2234483891586,1.0
4011,-1527.5817713182535,1025.7389502569752,-2668.904149656279,-1145.9452203939975,-150.82728772453953,14.648325065923212,105.6896447796735,-131.19782206585668,1.0
4012,-1303.0863238380077,-933.4882021859478,-495.0760364008292,-1380.6375130446324,-146.59884570961574,19.182813773034503,103.89120753114449,-127.45821793829685,1.0
4013,401.1816402355628,-803.4928654151661,608.665555716045,1818.562333962239,-151.66312082751628,17.679299215862187,97.85948027400708,-127.41597638950894,1.0
4014,-4145.538048259876,2146.508947475587,21.225777712620562,-1939.4612045268047,-158.45035291653747,12.977391226626475,97.21438516577959,-128.97048847815205,1.0
4015,-870.0767776175076,-537.1802518076439,-1194.2191743792132,1742.4912528576717,-162.91654837745662,18.673577684232782,93.71859166038003,-123.7491351569144,1.0
4016,-207.70112856448753,-841.8554987569083,-1841.3917795384768,119.07446158136383,-148.94546205492043,16.01838106215636,115.3221344895404,-137.97533357907875,1.0
4017,-660.6538572125261,-403.48632235220043,1262.2124592269845,997.4723071326983,-155.8570203206669,11.469877272712912,89.71894460693113,-118.56138962485845,1.0
4018,-1129.5048914863971,247.24850769160653,-1178.622483943772,1389.833989432906,-159.57414113644364,10.297407022470367,109.81415214482271,-135.35486421344126,1.0
4019,-977.092340467513,-316.6358422716221,-795.6425528513038,333.8922460239312,-155.4163671499846,14.986362499058828,99.27837271540533,-124.73906985094881,1.0
4020,-126.09681857993287,-1175.6479332565068,210.95794291123852,363.6418975467753,-143.8778750936369,23.638394042653587,100.026101053643,-132.65824611144402,1.0
4021,799.6643971550182,-2893.902917211657,-1351.921857411057,-76.25446552571424,-147.72447220908595,14.610903333580868,106.49436829742278,-119.50897036871707,1.0
4022,-196.52020543224629,-255.18984032804528,839.7859829069462,-785.6940181530465,-147.52188740359736,17.6390128124038,103.96181330374576,-134.5804955583965,1.0
4023,1524.5163074331251,-2611.239511699374,-367.642592028773,-416.52721349098624,-158.15685523188878,15.612826755083338,102.0340177144752,-119.59892964924109,1.0
4024,-92.72202355325688,-1083.0331401103617,-987.4917167240231,834.9289588962677,-151.83713832961232,15.576953038642367,97.85319169770924,-126.73432977860114,1.0
4025,-535.8062530132436,-2115.453377920067,-1230.7744286217487,1139.1979927147358,-138.8748075234371,19.988828967744222,114.78326733003101,-146.4952830822894,1.0
4026,-761.3920553504634,-364.76054809347454,-1496.5417594642681,-344.7099511319532,-158.10073544050985,10.096219638028838,98.59492855177999,-118.15205369022513,1.0
4027,1810.3886707740764,-3124.353824885926,918.7382111268556,-562.2775665814884,-147.14652457185454,15.054714567738719,105.51367803498135,-140.0289159816612,1.0
4028,-214.62169171761093,581.3372806918969,-1058.8610178880422,-587.269313346146,-150.473915558985,20.087940264509218,111.59467877301769,-131.14946532588564,1.0
4029,-861.3825206063636,-576.1651567254524,544.0582117682833,-387.7714241790119,-148.7112656907967,18.879200309912154,108.29630772846541,-129.89140766641796,1.0
4030,-1021.1451079683218,30.048955569377235,-1605.316051322828,474.77861400021214,-159.47561401722015,15.180131150971727,92.85615443556433,-126.12413103293036,1.0
4031,-868.9035292683557,-627.0755164210437,-1704.2689574076376,42.950504141674806,-149.0966269397889,15.627832725643534,100.48838034649708,-132.36180550109376,1.0
4032,310.02166075158397,-2411.9534217467367,1740.7187800371125,1384.9954782557988,-141.53314400289895,17.96987348849697,108.71797733416734,-124.49686067329274,1.0
4033,-1572.9704873599787,-644.2753646391866,-960.4717549509583,-539.3572854745476,-158.06119957721424,10.605242356266729,101.84634379466017,-128.48398002510683,1.0
4034,283.1632138879002,-2358.6086400247045,-1246.642070579812,529.4070067568102,-151.89214852499552,19.883962784074562,106.28644858288781,-134.11130343649032,1.0
4035,-405.3790034274742,-1285.9936500872786,-721.3950625077796,831.8817483776029,-153.84234434829963,19.527486570081223,98.768126431513,-119.54007491403607,1.0
4036,1757.1611267079384,-2185.9717357201944,-1043.6474109474548,-378.24740096675873,-158.5360900867154,15.549744947551865,95.55722905345488,-127.56822223404343,1.0
4037,338.1786383893323,-413.17527895621055,313.5854761611714,733.9743688602733,-152.4093111952552,13.280497134579175,100.45860203137013,-122.894073740479,1.0
4038,-149.15993519591757,-299.2756716070011,281.7184742175426,1501.9684914581917,-150.1884070563536,11.635597307187444,103.91333435564843,-136.75044962042824,1.0
4039,-1941.3793488178599,6.413780275683612,-142.12628640809248,-476.84373049607484,-151.06200105781912,13.731594100777457,108.96473902604937,-137.98239068957616,1.0
4040,-600.3793195719053,-1707.7057763945124,-1339.3452134092897,1631.8827575549954,-150.97588840731615,23.080022627032175,103.45016977028662,-127.50701210044778,1.0
4041,-703.1522032470729,-1735.0504979701004,1011.4781119876101,1297.2336440344338,-154.30765873640135,18.483931227684366,102.87882207106614,-133.12252065467482,1.0
4042,-582.9514994680935,-877.3067328715119,-763.1037817899568,1618.705000777404,-146.31260733894908,20.64801953026292,109.62170276709305,-127.64458929226625,1.0
4043,-466.71456497102736,-2130.5088391202503,-1310.7370177754622,1695.491517767975,-156.91851860250299,12.611521321223412,94.19918998491201,-122.236562881658,1.0
4044,-684.4887833386209,-742.2538487234369,-351.073151455053,1367.8463310359014,-149.5559608346799,17.333231826363445,102.57574619713498,-134.61356252807582,1.0
4045,-1701.0740500877055,798.5201768859738,-1733.2728735002481,-47.11756863884713,-160.298864970678,8.823379446087134,96.73404964742078,-120.45909638937424,1.0
4046,-951.3692482793491,-1240.6860198761524,742.5302631929759,-589.8603337093278,-153.60492713566128,15.385089066456768,106.0034419938676,-131.2034906930267,1.0
4047,-1439.8211077687524,1920.9145687698576,-153.28326571381965,-1834.9860886534173,-156.15871390346985,11.741079420249704,91.01433531688998,-119.70197091644754,1.0
4048,-753.2962146229314,1051.4190550610952,-1796.5023679038356,-938.0865008677474,-158.55933795234986,15.365148388324615,103.25881984553531,-129.17593407235194,1.0
4049,-699.3946563110528,-350.04227834618354,1087.679909835927,1851.62138716071,-147.97656356429107,15.586827825295128,101.3561508160549,-132.5034778002648,1.0
4050,-389.33724313851627,-1168.5091324507928,-1125.7411662066313,633.0356717958,-165.17897128902743,12.754771879093532,91.74159281696873,-121.28924952239025,1.0
4051,627.8775575690859,-1990.3413869418553,-1972.8705412841318,58.23380829624983,-151.9572293769325,16.062846696327448,110.12707671120624,-133.0388051242891,1.0
4052,2004.065728240496,-3755.7654150315366,-1256.3082728085626,-1248.9181822177168,-144.43869003303124,18.095050454808927,112.24910302534207,-131.7345818547088,1.0
4053,-593.8331755030677,-158.38126795085293,-743.6412354331944,-1515.6102629527297,-162.2090949873403,23.164281353815667,90.14396034516338,-120.88837627302878,1.0
4054,-747.9236420736612,219.17933494763275,-636.8105545865961,1498.2348758699586,-151.2239748333223,14.330721514210659,101.21103057934896,-124.47635150607486,1.0
4055,-771.8032658949419,-748.5865329193564,-1503.291270251215,-952.3885081577639,-155.55034684787822,21.5293176480277,104.84079593837686,-131.9151880745759,1.0
4056,378.2502069255078,-877.7754458310864,1340.7582047007918,2338.445277864466,-155.23833771511303,14.940880857645627,102.3292808257203,-124.26280574975327,1.0
4057,-1224.8877333150044,-602.140923210098,-1470.8792535366035,1290.4526487918604,-153.0319049402284,10.872920304517525,95.78032211562899,-133.2334719498523,1.0
4058,270.88685762437865,-1118.8434036788838,268.48602037681064,-1349.6219184002434,-156.45476135070257,17.859088194383073,99.88658859133075,-139.69537648100135,1.0
4059,-524.4115822571524,-1343.7004058402765,-1164.2701588912628,-15.485857786254753,-160.5265895678231,8.520157375042363,96.25449969590433,-114.46930247309658,1.0
4060,-3548.42164257816,177.28754302333516,-1884.4557514866542,171.8733685087565,-158.57276021786362,19.033668680001778,95.90794670028403,-122.7397853634415,1.0
4061,-653.5989019603376,-1906.8797817381098,625.7648080326549,194.61748975439613,-154.62292491389204,15.15756261700229,108.33837896554954,-128.53141950415457,1.0
4062,-175.37453059683818,-786.9006517170889,-375.0855085591049,751.1728290779155,-158.66455711112593,15.711351971779356,93.213370548483,-122.60261495611056,1.0
4063,276.7164893321188,-579.4605588471247,-167.74435314925853,-1705.3811370620622,-155.3654943235835,12.445569321068943,102.66509639900765,-131.0086237650279,1.0
4064,-644.8682626329861,-397.59186821605374,382.19878378466575,1580.3166361315295,-156.4178550574872,11.962892221154851,99.08293498877192,-131.56621931668323,1.0
4065,-350.58207787459884,-159.67222088276267,534.5196015049268,1664.9737768669174,-148.21085085278952,15.88321413723269,110.10392876025229,-132.3422107415555,1.0
4066,-1677.14744608749,-586.5617541667001,-1009.1656245033803,521.0721401680177,-143.23323218732585,16.696622888157904,107.12741421000158,-138.06931084620234,1.0
4067,-82.9370198907639,-409.84074810405883,-1519.7317936850282,341.9687225220999,-160.12831444389502,16.802703734171043,100.45537229063748,-122.79497295019935,1.0
4068,96.87313823326078,-950.7441110882065,2103.5912387103263,2433.622776701534,-155.7798864478354,12.62267905968843,101.77136275797471,-127.9096842061372,1.0
4069,-1882.3641122466208,-87.30812500587868,-1269.7996192216106,-1717.299294548897,-154.98773290398844,14.91688024565095,95.24743463810113,-126.84514769936767,1.0
4070,-655.0092080482377,-1286.1154527927254,-542.3032752538746,1659.0625539874686,-154.66336126723573,16.010140875412677,98.23445297976419,-123.61747684260769,1.0
4071,-126.5178759119139,-1663.3090570731392,-1505.5443534181777,-1028.395521521752,-145.46858648170308,17.477067797071726,113.24719536926077,-136.65993470129655,1.0
4072,123.93739128964268,-2687.659355612891,-3010.4434520745026,658.6873901662955,-149.760772060804,18.870333195172595,105.10358244456873,-128.2842782489253,1.0
4073,-1216.471025217426,332.11991638432664,-325.71500993447535,98.99035374798912,-149.07723995205907,13.593542485638398,108.93186523694284,-123.70502935977076,1.0
4074,-3183.998817240379,1113.4314753861174,-544.0162839009952,-1708.082977318617,-155.0871179146331,17.54549619001007,100.94716756708024,-120.21204266252087,1.0
4075,-165.3317773553305,-1650.6781787074897,-577.4204692823969,1356.3510262425038,-145.4702106745656,17.8641603181943,111.85531681315302,-135.27409103006872,1.0
4076,-525.2808002117882,252.4913709084393,-537.5918773761047,2214.1724384501167,-160.9458856156877,15.838217877384203,96.09748195719742,-121.32049728616174,1.0
4077,-891.8209246052148,-1184.9527708779442,-503.47041025683376,-179.69324870059415,-155.1028265797238,17.476486640123934,95.3031340576081,-134.82676311088082,1.0
4078,1760.251574607421,-1237.3384815671811,1396.0282762275283,-845.5950954467921,-144.52955327583908,25.286633155215014,111.20002104140652,-137.14052625786576,1.0
4079,293.47104720371334,412.6919097565616,405.2581818783949,1516.0958897550659,-146.12889563212914,21.720351940476185,110.93443053510022,-134.76893006790286,1.0
4080,56.79878161397494,-3896.8732560312974,-3212.503630904365,1385.6777094944746,-148.953000630234,13.319087312558937,106.95818260221446,-137.18987356899055,1.0
4081,-325.92599256959727,15.255967041639785,-1594.7247696003615,-13.159511601223961,-151.84781622407957,17.06710167077968,103.46621085403373,-131.11853568047763,1.0
4082,-202.63978799434886,-1849.2881990008989,72.43303802497437,-839.0286598562298,-149.46185004548605,20.039423685620736,116.18424614152892,-137.18942025667587,1.0
4083,-347.60323563422713,-1722.2251266189965,-2784.3420672812317,-729.1885524162785,-159.75184797678267,15.280135730857218,97.2508016703983,-125.12877893671009,1.0
4084,-1011.3302334565988,-1194.7040497872904,-2814.300488681689,253.29560257748233,-144.57095078370588,18.610420755027118,103.48778232827232,-130.43889879055143,1.0
4085,-118.60024450383497,-788.602029603371,309.38629854927586,196.99098271072526,-152.31628572958488,18.71814091261576,98.57639370454356,-126.94727114167024,1.0
4086,-1011.8533204530187,-1055.9908148535728,-65.75425321392913,996.9860272876392,-146.36574192351904,19.172995830222792,104.72488835618206,-135.01349500104126,1.0
4087,-669.5690328788712,-1241.8944411457276,170.9166997052029,1986.9433844276625,-147.09687578754895,18.547062544299767,106.97219989104912,-128.89887755523324,1.0
4088,-1353.5626062334172,352.77258622153215,-788.6029934294326,709.3908323548171,-149.97207804929025,15.958938256266984,111.60803867894444,-141.35123658621532,1.0
4089,139.76503816418946,637.3269923992098,-70.69639104117886,262.24231718975835,-149.85246556791398,14.026082969506884,103.33814500487608,-138.6573736339752,1.0
4090,-951.3887331914241,-1329.4169272764889,-1631.3430342030163,-685.7791281762353,-151.07569392005067,17.747845237903345,109.74028229172092,-133.9032290788478,1.0
4091,-1102.2456956536041,-706.7864788388944,-1067.599634610226,1427.7585400912546,-145.48726410815172,15.744754554314307,111.02807120318707,-143.5265616598555,1.0
4092,-548.0765457098042,-1067.1104807899235,-414.8197886156907,-1038.8108632655403,-157.4200950188855,15.256039832271886,98.55855278163762,-124.22917017355942,1.0
4093,-484.49781385803436,-529.861610821043,-1928.7141979329808,-460.1730687964861,-151.08842941709867,14.117650401180304,107.81948434490174,-132.60985003056328,1.0
4094,-1608.6712696643335,522.2277033168914,-566.6300049185929,-1165.9902886448315,-155.92106442737258,13.855206711187707,100.18773056280335,-133.01578267820366,1.0
4095,-2518.2757927030425,-129.11896647676818,-1136.9899075650303,-1846.372161765433,-150.36558301130663,14.813394533376293,99.2071302022136,-127.49790294615099,1.0
4096,-757.036950608691,197.509476656152,-3146.3169796426682,-1447.4711770857,-150.40105048675935,14.457549385960588,98.15776940519206,-132.79971951817836,1.0
4097,276.111578479173,-704.5894545195173,1525.7976712858515,1360.9658156536534,-148.92993508519322,17.066461319251932,111.55698560298343,-139.58274147364915,1.0
4098,-1033.564315043846,-1623.176013867832,-1299.9623746731334,-377.29983751853973,-156.83249160925163,12.01550683664534,102.65717629576909,-121.84893802906232,1.0
4099,-1633.9606178492388,1335.0722965794216,-1537.3114847727097,-85.05269693857,-148.0466915953464,16.355322492677725,102.65119351531457,-129.66024212050795,1.0
4100,-2818.260044610281,712.9901849412705,-722.2455678990777,-2250.7856210062073,-142.67102505719433,19.34507707828425,109.61414233188121,-134.37372273996775,1.0
4101,-1727.1476320268523,-2040.9234486453809,-3391.395060443947,-673.3095844583016,-150.27140474110465,17.568397385911567,103.1965318924739,-133.34769969492018,1.0
4102,-419.58473875237314,-35.60018557513537,432.96773063261446,1255.3805390363568,-148.4677762879013,16.83572751476792,92.88544992125597,-124.99469266029149,1.0
4103,-940.7087610248294,-1842.65170278269,145.27421430123155,338.9659374833041,-149.1184402186462,13.172664400597789,102.11716834494332,-129.3839815429157,1.0
4104,-951.8251788824766,-960.0980974637293,-3128.898192888106,-446.18549885907214,-152.10622235049692,21.662017135387146,104.18300052217052,-127.38795398777489,1.0
4105,-2930.267844703548,1324.8300108743192,15.172278419605345,-590.5560988556357,-156.83650914134589,15.60115245703362,101.82485422823208,-120.25156479661567,1.0
4106,-1823.784596628017,-986.3522085825346,-441.55268738648584,-643.4588584506937,-150.85468873293664,12.732867367041116,93.69340346523111,-119.01508859526342,1.0
4107,-1516.9236029874019,-676.8874201914452,405.48770090239856,2174.144758874985,-150.2543117352298,13.587955515193263,102.74858854972742,-130.6776149155936,1.0
4108,-2626.4564953343743,846.1288050859118,-272.96132840186186,-639.3146749239919,-150.5783698087262,12.368924095254306,108.68578300411951,-131.07354529451047,1.0
4109,-2480.2687164882295,422.9745260664829,-2986.702728675745,-1346.185145557749,-149.74271069952815,16.338300810225185,104.5349130391996,-127.49064247475732,1.0
4110,-1636.5634975265016,-1024.448361955974,-2148.1726721111245,-146.0217217024225,-152.16182471757674,17.380494825495607,98.79357326462873,-129.5207021193133,1.0
4111,-1270.9786747810392,-468.37435482245047,478.95930843664917,943.859259555132,-162.3230199354347,13.263748214905629,103.15523276172257,-126.79718808511468,1.0
4112,-1422.5182914050797,917.9645429080048,535.6664030528397,-2147.6660633450642,-149.65027422713786,14.42131178068803,107.18406731567136,-137.5890624765865,1.0
4113,-920.8952021757691,95.22640603645041,-496.64836337188683,-534.8785030921288,-155.8101699750184,17.861117637231082,114.89692390366596,-134.38316494926613,1.0
4114,-1314.2136378095918,-1328.398790031054,-1120.0529995076415,339.0974783189352,-155.49898683291377,8.532394215653284,100.39034025053486,-128.6117019473921,1.0
4115,-291.81870179298284,-1551.0740092751007,92.47441671859623,982.8202800026005,-160.7503554386776,15.785597368497347,92.42059234556538,-124.82601206418254,1.0
4116,-49.1791950682324,163.62293966819334,1435.459843597395,-1969.3231099802463,-145.79113704461125,15.965848466822553,109.36979534373141,-133.88911307360624,1.0
4117,-676.3346522360057,-1249.1451556254692,-2001.062876789105,-435.2695882360552,-156.67216225336992,15.537720195448188,97.38315268607937,-128.46319334011858,1.0
4118,-228.37216020180182,-875.7580184637804,-1253.6078967308717,-268.2041780401322,-155.772009639688,17.332329607437536,104.31371507106454,-133.46481530857278,1.0
4119,-929.9572560404571,748.6207145858531,-671.6815169626955,-158.95196652367304,-158.9297329539204,17.644968341598158,107.88680712228252,-126.62387195688801,1.0
4120,1284.9326529628906,-1719.6933240719868,-2192.0683103220636,-1137.3516673600318,-149.57797058641657,12.703295087678242,101.34131462748165,-125.07813482158484,1.0
4121,-904.7041205888133,817.4699264589052,-868.9766482221689,908.9907583064341,-152.56836778750406,12.391853940510378,106.3313921378693,-129.27191420455335,1.0
4122,-844.2186570745263,-2659.5696326373118,-2749.2070429435876,780.4834187536576,-142.69724416194293,21.893046734201878,113.62221617944773,-128.1471374991849,1.0
4123,-805.7427805910902,-1163.2603512468577,-651.0458104706175,-426.01335445603496,-157.39715278776572,12.600808060957766,101.95442636783667,-135.36277509185317,1.0
4124,-1648.0598355533803,-241.95436730944712,-1817.3147003690135,-155.6262650413629,-150.28466692971375,16.809459686854513,109.26546481597721,-131.95398796603118,1.0
4125,29.394686403188707,-1118.8641003512798,-1781.017979726592,-2371.992151939332,-157.1831654153344,14.466354457936967,107.12371444583205,-132.7272709464849,1.0
4126,-422.9407772800343,-916.217992036351,412.5469134767004,1615.3254691757168,-159.7463685766784,13.221738316667958,104.63111515374064,-137.16538175297745,1.0
4127,-1180.9490827296097,-429.6818219888999,-118.28493370574795,-435.75195309836545,-147.92843675109123,22.578843664066845,108.67607360418809,-139.16869860197613,1.0
4128,1061.5655086241134,-3133.5167903003794,-1491.585899510345,437.3639690651879,-150.2067445441065,16.23368232956074,100.0234793437639,-122.16893320460727,1.0
4129,1894.0088280061036,-2772.992258006372,-426.91493484611306,-448.7303512766552,-160.826268229376,14.403188361934175,96.04242600194391,-118.36430819865974,1.0
4130,-467.054930437845,634.6076031483375,-335.6970085024823,102.52548919710603,-150.07067098671592,20.728355601636885,105.80806539575575,-127.03352546440841,1.0
4131,-558.6449707837412,105.16768014950344,-748.693973055008,230.0135378947542,-159.06182361424993,13.154712626796393,102.82706331024784,-128.65603621195376,1.0
4132,-785.7179376302355,-685.8247387095843,-1259.337064165716,523.2101866666302,-157.61216328022513,12.877096705988958,102.88583009515439,-129.45566798061364,1.0
4133,-1585.1705241493062,-531.7770377301734,185.38887861615441,482.3223814816807,-146.04521594229527,19.07903311514049,115.14688171765098,-142.37136937731012,1.0
4134,-1230.1839591661735,-65.06904940698023,-2924.2784889365134,-2749.7128322155377,-147.98462059060597,13.904900859728368,105.9499376270038,-128.68601591482837,1.0
4135,-184.3900859158406,-1371.5233983347655,-677.9244512277378,-949.0515182674064,-144.80671390677165,15.811248813182571,107.25230692633599,-119.05182694523697,1.0
4136,-498.9930357377391,-1342.9894875936268,-928.1074236704588,-168.196863498199,-160.6235798241665,19.724584474002665,92.95213777560025,-125.6474096485204,1.0
4137,193.8890185095542,-1162.6319522504,-468.04888178367344,1365.1520245450802,-152.8965127336862,19.057340647949907,99.91333375141552,-124.45689100497434,1.0
4138,1382.03613075921,-1343.209843696188,265.8944272605548,-652.7025235009688,-151.88102281214515,15.428850674232649,100.30047390665565,-124.78624547566544,1.0
4139,-2528.808634137549,694.3278065907701,694.0969336965774,-1856.1901828096977,-158.99125838809815,17.643807540824234,99.35544902666555,-128.10318860104263,1.0
4140,-1181.6022429311324,-1132.5722925745063,-2239.2929312535607,-2081.0421783609895,-139.2362131370419,17.277914064471293,121.70242532036477,-141.7774042613058,1.0
4141,486.6239109486691,-199.38882452885417,1129.4750849373697,1794.5410323952606,-158.9917237281959,16.65239787382816,102.85448288464357,-132.52522053130198,1.0
4142,-719.356685277731,-951.6646116024089,-2426.678167688289,-394.66321878370707,-157.532812395262,14.727617986154476,98.54193090397641,-123.05696890065951,1.0
4143,-1751.0087624078903,-1935.5125537407905,-3103.8489730691563,-396.448850678264,-161.07532822127956,11.882150558942822,93.98363049126831,-120.1785789001825,1.0
4144,191.13996424796517,-2381.417613372873,-1505.6763925512382,-409.8081018369079,-152.15624687143585,12.521713752474565,107.45657386246768,-129.6234819953757,1.0
4145,-2227.087262622844,322.86490204321746,-1501.2318491649219,-636.0700400890701,-150.9720861196527,8.860072223890823,99.5437549081942,-126.40934822485201,1.0
4146,-1736.9725386742136,-492.8677145245142,-607.9019441185061,-2059.8942323013307,-148.88811178537452,15.31325946246243,100.34545263506675,-130.1102194444136,1.0
4147,-71.43957180232738,-1079.842056157696,-1135.656663040009,774.3264652291517,-139.8073337594451,15.502356989304493,110.49499876034399,-139.47946512918628,1.0
4148,-923.4339626365133,-782.8594208725092,-1101.084293860016,-767.312865738847,-143.23045883740897,14.291220078719704,108.03849165645823,-136.50001646108325,1.0
4149,-2034.7761832767821,1425.733372946912,1116.2339281417317,-1633.4922548457616,-161.97128853665578,12.572827352759115,94.83320836953506,-134.85998639590127,1.0
4150,-762.2116003165769,-966.9639804206065,-288.54661293380764,-39.229874157526865,-151.0816994568236,14.941892552326598,108.5680908673054,-135.56306497077162,1.0
4151,-1565.2957517683824,-1567.6421184901483,537.4823273314229,1045.9793573410566,-148.91691815951347,13.575792863842608,103.38268774588892,-131.70793638803593,1.0
4152,1546.220305917769,-2906.144923507774,-1749.8851304595833,-940.1486407544228,-159.49922751500057,17.117458593399675,84.99874442954085,-117.47077922181566,1.0
4153,-1524.745587858517,-745.4651699939603,-1631.9310767752763,-289.4232427964886,-148.69340637055322,16.881035393595816,108.11941476921946,-132.58466403147023,1.0
4154,-745.0314361187648,-731.9285967944475,465.1475608552552,-1728.2439300084754,-147.10321736326554,17.10989830611165,108.27781346523412,-141.4636292284189,1.0
4155,7.31395857597904,-1594.6945014896246,-2128.378918735875,713.9181275531681,-150.8590880366205,15.542966676274482,106.50371060231917,-131.3909338296519,1.0
4156,-226.99245618376423,-1966.8266348688062,804.2225955116813,3618.933725392215,-136.82473203818552,19.22050024424528,116.33076138703612,-143.54617981865954,1.0
4157,-218.98017624082087,-1146.3358200665118,1657.537902170561,1160.9683502552214,-148.5885961364653,17.38074550134281,103.99364749841908,-128.4568845329073,1.0
4158,-602.4043118606596,-1354.9428136701708,-1980.848391752244,-270.2605586967539,-151.97094039628786,19.543638426336916,95.85260060700791,-128.8011202516319,1.0
4159,-326.9760867790041,-360.85570308885053,-405.9226580251544,1166.2071573753908,-152.60696947688155,16.467235080547372,104.00798519601038,-128.03619973219654,1.0
4160,-1468.477342122219,-577.8403219508706,-3133.0399666458293,-632.425408528071,-147.0719558824537,18.967926162545496,104.2440956016222,-137.90120631331533,1.0
4161,-316.8337446942027,696.7608620989973,-1437.606755652491,-120.58927693127895,-149.58700732358156,18.586255016177997,109.73889451927133,-138.13404666226944,1.0
4162,-657.462947639379,36.61877719919089,-1276.2117485664303,-174.79904357401196,-143.6644962282188,14.616177735531984,108.9038516160635,-138.61378270260215,1.0
4163,909.7264637225146,-1487.612116375083,-120.99419414748938,-1077.1307975963555,-154.85851988402496,10.17373434811247,103.66253217645219,-130.59294996250762,1.0
4164,-183.42482670620052,-1287.3970831322567,600.1319575408648,903.2913003354349,-154.7178204643447,13.88862622820189,96.68721942997146,-125.97843429141547,1.0
4165,381.7863137973927,-560.0661707588417,559.3785720928671,-2088.7587403403513,-148.7039633829004,17.925670526240356,106.05500740045262,-135.20767965007622,1.0
4166,-233.88528901945853,-1232.7257311291044,-210.61115093428043,379.2384128514265,-144.951889635259,15.92716242181712,109.80980037038007,-133.11290969058805,1.0
4167,1969.7731150758916,-1455.8322724186307,-1952.373185403618,-1219.7178068658468,-149.7592740237196,19.303214967019883,110.93397418512755,-133.4514164929381,1.0
4168,-2055.3392839958306,878.723217978838,-81.8290105594829,-1334.6589301571348,-150.9473074858021,19.149392748046427,100.34819862850881,-123.56202108648485,1.0
4169,-1216.9661970344403,601.0239410284626,-2596.5956608572556,-1724.422928178623,-154.409246323975,19.382222958943156,99.94510679011961,-130.56804935842396,1.0
4170,219.17876845524415,-336.3129090666023,432.8562800827073,1003.9172897700713,-153.98819122567298,13.103566733334652,107.29485197375273,-134.5076278069423,1.0
4171,-1493.2067530409865,-1012.5087488032531,-1149.0016885729488,-1798.858007026987,-156.58824415325307,17.93191468244406,104.375011630549,-137.52499041798987,1.0
4172,815.2930766396154,-2915.256634045837,-550.7642723789136,540.7339037633915,-152.7806029355537,16.84794212357437,103.10815572970075,-123.25300543218144,1.0
4173,476.34858856330595,644.8573307758386,-682.2904563000959,1681.909394940558,-154.62163971218035,17.323183264742347,94.50367033181676,-122.84644285179458,1.0
4174,-1315.2180738399793,33.69805591693162,-1828.4566595875272,-736.5112224213219,-146.4818308756523,17.815446885002345,109.78159837191124,-132.73929769799642,1.0
4175,-1095.9341618234232,-1516.6374458873556,-1564.3160899916502,1432.847207086225,-152.75668371683935,16.057961000625905,102.0444327695316,-130.34233994769335,1.0
4176,-2420.077855810212,1826.6056411283648,-1034.158427178807,-1549.0976913924771,-154.24686408807747,11.976300842981898,101.00340881023635,-124.51161847643195,1.0
4177,-1394.224475087279,-2642.848679449845,-642.8655118793748,716.8101846477372,-145.19055322680802,16.121319388142975,107.58937461407523,-135.4354193076292,1.0
4178,-1779.3508097809565,1051.5366739126573,-703.8122251626421,-1003.9937242672092,-150.88683949859316,14.043093692156779,105.34510597805284,-136.8548984240022,1.0
4179,-1268.4551240199785,40.39928975463496,-914.5730677507869,378.4052712518052,-160.34871516522787,14.069068460051419,94.51374757625751,-119.31490568878189,1.0
4180,-1670.9551270155325,-540.7363607845876,-560.4353344340835,-77.62411149174447,-146.96982621868895,15.268317898816067,105.00625118762491,-128.47273952386618,1.0
4181,-2127.3373572027685,-110.39078380490534,-2391.414487187785,274.3210190507307,-151.11820783562905,20.090732897882255,102.63409057984673,-137.0658207201547,1.0
4182,-1777.4553348838197,-210.81332081076815,-815.2525716450243,2130.9088666951043,-151.0057910302258,16.1393385598055,103.68302597897626,-138.76213637473774,1.0
4183,-934.9209406226064,-776.8889852017238,-1791.9032989668453,1241.6070083632694,-148.39612807628112,17.859135553636328,108.48626940532118,-140.04089081466051,1.0
4184,-657.3636923541742,-520.8258774299834,-995.1126493304444,904.327253633555,-157.0011189780257,19.293821813944728,94.19795499738936,-124.95713005479845,1.0
4185,-458.1567184995737,-399.78899386387957,573.1600263394045,-1734.296490304277,-158.35587095740965,14.146248965791138,99.67283254586324,-129.61903278306445,1.0
4186,-558.655836722366,-1481.170335512274,-1031.026495282154,1269.595181882935,-160.3238352385375,16.538944431452762,96.6698224310935,-114.99868892230229,1.0
4187,-1177.244485843324,-2833.0803219256763,-1900.4512335013344,-423.05397714659966,-157.10894506035427,18.526372315247997,93.390791741784,-114.55828644489078,1.0
4188,-1018.0013983976734,651.9722111089842,-796.6696528581537,879.4830833519769,-159.40693208120996,17.28042010872703,97.33674455531923,-123.01225704909452,1.0
4189,-1196.0854000069319,442.38192141261936,-635.1846728150565,1433.9803078496204,-137.86984365419445,18.23942646677857,113.03673523444566,-136.58719184158937,1.0
4190,-2671.4705757722486,146.46970112068692,-2126.5530216619895,-95.5013393930549,-152.75347972946327,24.723846799934755,95.90845521160692,-128.85929864335836,1.0
4191,-297.4165562345381,-1103.3348963621693,-2383.615858368653,493.4026512968317,-148.31433275136834,12.628429905879653,114.29459747011771,-142.46207931843298,1.0
4192,-1943.20993700003,83.44650579592435,-1294.5502582876757,248.51291835305037,-141.5691621144746,19.59847055348368,119.55652594382724,-139.01587078479116,1.0
4193,-590.6202313392319,-1058.860390463408,-56.36047783669264,1329.3527989521338,-160.29813956402074,14.683967644991487,98.53044730830445,-122.06327317269088,1.0
4194,-71.16665372126651,-1132.5594480485192,239.63853039290586,-2020.5815523986607,-153.65822636968994,15.097637786079591,102.3580703120459,-130.79217762695944,1.0
4195,-1179.5597668675841,307.0072167244977,1145.9616702990872,-576.5409864932883,-149.82818254051872,10.655000014489264,101.55123299334002,-128.60047179797127,1.0
4196,-348.28982609238966,-1691.6382215353308,-1355.2893413080585,2439.042608579,-149.9904089243695,16.524805278963285,107.10334404695419,-145.767740577782,1.0
4197,-120.01023211608648,-1458.8214430247558,-549.8934386818,-169.6992125262466,-156.89734202276628,15.201808449800954,102.39207349981444,-124.23857812968252,1.0
4198,-1021.423419275231,-424.2246808041575,-3158.5616644228785,-2146.2004052285065,-148.50348270906323,14.345837735277074,115.62783415838562,-141.14973167447457,1.0
4199,886.9408677491432,-1458.7137542213363,1486.9941199451491,-812.5887763089644,-143.531241404934,16.459580894741965,103.4193913678123,-134.12494481362796,1.0
4200,-805.0962102288034,401.3200593276753,-609.0551274396794,328.93386498548836,-146.6251131115489,16.727799475723778,105.49628652894737,-129.79646092282118,1.0
4201,-728.331261056029,-926.0054015964923,-385.9193015864001,-1325.8195140270448,-147.26441954082122,20.570861257571885,100.92540693099446,-134.33218070799882,1.0
4202,-3494.9198353439124,1871.5418149470645,-889.8007358406428,-1663.6749745806528,-157.58235285006285,13.697232674578323,109.07083682323515,-139.36084481374044,1.0
4203,259.14184171123026,-3361.2934023935954,-1356.527828157556,-174.06750041853476,-152.844369173399,19.2525894613349,104.83189995436867,-146.17524542638557,1.0
4204,1323.0642865677069,-2775.6739270003704,614.8310945179662,-265.295699279269,-152.22625427569548,13.375000563742397,104.49712503302375,-127.34703796535615,1.0
4205,-698.2478034439789,-1339.8366375711776,46.42918097473271,333.5037879893154,-148.6230345602083,17.523018921902327,101.40105400267376,-124.61066058062293,1.0
4206,-1356.2789068454408,-778.8998516454486,-1956.6122236309006,-749.0621882596381,-149.96762344559068,12.938077341756514,102.98194407097819,-129.904065772327,1.0
4207,-2069.202697151661,-1845.9241195974278,-3164.9711097730356,-257.39619890804454,-142.84300070519842,24.045091118650788,103.56745791439418,-136.15688158807887,1.0
4208,-337.8073235884504,-861.8232366913206,790.7143626198019,1377.867849461139,-146.60395102983486,15.119028854129354,106.70428310449724,-131.00923848106603,1.0
4209,-2600.624297460067,1082.0772665067536,-1522.7116939695234,-834.7857592297763,-170.19394478856523,10.623286568249451,85.87148960999112,-124.83126998098899,1.0
4210,-913.0007102576556,-591.5909643818641,-2003.6494089195414,94.56066680332704,-154.87419864145883,10.549006005182092,101.41400197547881,-127.70233670119387,1.0
4211,-1278.6242227750429,-351.4659770230045,-1649.002028647267,-703.6074904795063,-149.83904081064162,16.26607898470128,107.76387480790768,-133.74437504736352,1.0
4212,-596.3240638407347,-1113.5932640463889,629.1462613299833,1096.171713533793,-143.4533760801204,19.752198174994028,101.78722244474854,-123.0084790445231,1.0
4213,-1273.7642579394992,-788.4404500969927,361.3327883303939,788.4417118707006,-151.1421558681088,13.620962235151342,102.62628741404026,-128.84631024644102,1.0
4214,-2391.3858693062157,670.214927250381,1024.8716174806789,-1358.2215111072992,-147.33753031071177,18.80954989778662,109.216600967762,-143.9208350745482,1.0
4215,-346.00178738795296,223.78955556726396,-1644.8056457701002,510.48730812596233,-150.7544313768556,16.321216999408957,101.70213021320886,-117.58664267450806,1.0
4216,-1099.6580931040282,-773.9643265217045,-841.1326227082413,162.4189482258852,-154.07248558998222,17.259458929179143,106.94580315379548,-122.56759521353894,1.0
4217,338.4291530026997,-1090.174256990448,917.0870204700233,980.2297371213939,-159.0928339430318,10.373739027548453,91.6563628286855,-122.00518130133469,1.0
4218,-1657.2123161637783,315.19063384322754,-1834.797930293203,-1174.675910124258,-160.6317149430759,15.441269051591537,93.99059813544105,-119.29970339560539,1.0
4219,-226.09883822369235,-1766.0926025557685,1379.3134051184575,2153.955226241731,-150.09393591968495,22.17955394151936,101.06309870772438,-127.00221831044425,1.0
4220,-490.30396473118617,629.4744724430413,-1817.612916637738,-1671.3411258197216,-148.2218055715079,15.46375920799867,105.34806798634918,-133.26399907613705,1.0
4221,-1223.5589191274091,796.4854354099175,-2858.0979690390627,-555.2775837102187,-151.2729450818938,12.176759548547558,110.97368361306914,-138.4975678705305,1.0
4222,1374.3284969131205,-2440.698091798467,-834.7806187280268,-804.1539997912738,-152.3015467507487,14.075803896830225,100.66773932967932,-128.9584574358627,1.0
4223,2800.247541117132,-2041.669676964959,2168.8542037296124,-845.5074276127353,-154.37104195213232,17.50724376358248,99.9270977832341,-130.06971068833232,1.0
4224,-2547.299551536437,490.0559943888638,-2955.7196927266227,-1251.4311667689428,-160.224861421935,10.09308364478161,88.62287013471482,-118.12364600178512,1.0
4225,-1637.2849410870494,-612.8579117610111,-2133.5576458247156,396.95210783253714,-148.68890121561466,19.64422620660877,105.60515247566315,-125.2085368120646,1.0
4226,-409.7087696471891,-1287.8253405186867,-1306.321197311569,-549.3689313884721,-148.3444278536415,13.926390693159021,99.96425516055051,-134.49472008814487,1.0
4227,-855.260914250613,-626.2725179313958,-2742.3992494824033,-241.14031774448705,-157.28408628863582,15.844838882965577,94.58617434870538,-125.23436457557395,1.0
4228,-1702.1985787963936,-843.2988980667255,-26.471740945403088,1727.7954609055776,-157.260444976461,7.74508656692189,95.67073233173929,-121.47954454728523,1.0
4229,-769.123491862427,-2894.720233593048,-3198.748169868522,492.14477792187853,-158.63103769831363,12.9286501317125,95.1315465559779,-133.03518922747304,1.0
4230,-960.7073571901697,-822.3404597603434,-2604.433349807202,-836.8940656571112,-155.70165815061512,15.065138250698096,104.58455076788825,-132.28613674992505,1.0
4231,-733.7223393487311,-1875.052339203202,1373.1767143674451,2289.645818816211,-141.55541817955654,21.18685516824599,110.34997136079691,-140.49544510267827,1.0
4232,-819.570086147832,-956.98989265392,-424.01241721368757,2242.602438985327,-149.44845351442845,12.716257346625039,108.69656328209471,-132.96046287086878,1.0
4233,-116.31218523276033,-1530.4433599233587,554.8479311643947,469.0678688703191,-157.55476717528808,16.232838953542572,97.1474708783445,-122.64069358283729,1.0
4234,-746.7324524400965,-955.4804531294513,-382.9102874263093,73.42669647097101,-152.07934487385168,9.80357291447363,105.96529650820204,-134.9655420565403,1.0
4235,-257.21082210230384,-2237.517159798619,-2353.5130544251288,138.12345517614187,-157.4894646503275,14.707344969242722,90.02034369872482,-117.25626215295256,1.0
4236,-1075.9409710984544,-178.6676785640251,-1445.5960367110233,286.7040986067917,-149.20141612355326,13.083260590900347,107.47909237166802,-130.50558883249107,1.0
4237,-539.8994866589999,-707.3101057574528,-462.2602182127933,-888.1594306670746,-151.225112104679,21.09249682419354,97.35552318914823,-125.18468504544344,1.0
4238,-1664.7715791785076,312.298783611748,-449.24461551771617,-637.9119749332459,-155.36799645238995,20.65335052430602,106.32406380609795,-128.31864957961034,1.0
4239,-843.7761331546579,-2175.520708992758,-1329.9149750686104,-391.8410379046812,-161.12793524933073,16.27496540639697,94.6908958403306,-122.12396101627161,1.0
4240,-1652.5804734737346,-790.0287574127321,-1307.7053475160128,165.0422545819485,-145.2931637898825,10.869139823526929,112.57991215619643,-139.73758932607444,1.0
4241,927.3317232817905,-2797.3608667432036,-1104.7659468140073,-982.8720611318294,-154.41838445373835,12.934051080634102,100.17911922311066,-127.24992991164828,1.0
4242,-100.80085417204639,-1064.4675752860242,-1132.5950553157645,1524.0826880649988,-144.53656247577555,18.31673446405351,106.92236381246637,-132.7175665464456,1.0
4243,-1064.493800276165,-1480.7716074984066,-1408.7529388182954,-217.91071305461276,-156.51763043400803,12.538361933797791,101.40864665796447,-130.43412443176015,1.0
4244,777.2928633247575,-2025.2371259331387,-261.56376473723674,622.9614545557995,-150.14529418879917,15.495200427418835,108.0900258567441,-131.86246091535148,1.0
4245,-1451.8619534936802,659.4465603153153,-1836.708832591505,-50.84380735259892,-152.88610438427855,18.269252162698557,105.57370081985664,-130.60600218973175,1.0
4246,-922.8706302591204,-716.5000576327022,-1133.8126810302713,-30.958498284065982,-142.38068296640873,22.060660383262736,111.6694452138643,-133.284358840417,1.0
4247,-290.75229768415744,-1570.7564466432277,1561.276518103869,1138.534741020624,-149.80891924774,15.113643022849887,103.90406770926826,-132.3924412812602,1.0
4248,-1267.4277624019921,-1095.7309712741462,-1733.4266227833864,1846.9629201644482,-156.27063684552462,11.080745173154472,97.60949963299768,-121.76674906680702,1.0
4249,-498.1737060717735,-1600.4169611790107,-606.8078904169237,1452.9818320907482,-156.04903624675057,14.194151797629859,102.27999803654892,-133.4295112842305,1.0
4250,-215.96304791523983,-586.6424759067351,94.91556189233216,369.1587778830283,-142.76091369928972,14.355896874657752,102.74973180559996,-128.3201728470091,1.0
4251,-552.654402089577,-1489.6986086449942,-216.4718468934976,171.83833248013516,-151.55621378418536,25.053811364726677,106.13819161127185,-132.6688598190458,1.0
4252,257.25977150622913,-1143.499606190832,-2236.795596312808,-1056.9495386688868,-162.6494515106453,18.71190556167475,103.07943446718066,-131.5779222592937,1.0
4253,-1040.7494766715167,1699.4706396626482,-465.2925421084354,-1637.3081709675776,-149.1303128291858,11.03810255275258,108.59094374558609,-132.26387258395167,1.0
4254,-1853.7680893962493,415.2525715698925,-1570.6785253332866,-357.4145215555826,-150.67754628571495,21.068128331792618,105.99268789789448,-138.90947382258662,1.0
4255,-1316.0460057735122,204.3208472312281,-1866.0512013612415,360.8160630949984,-149.47271711531454,21.053569046371205,106.81520298200756,-131.3703418796575,1.0
4256,-560.6250316224491,-1243.6121545479207,-494.94186549511164,439.87394420587117,-149.69615108569786,11.49194308653303,108.10584884674377,-128.79244733174636,1.0
4257,377.7347497352338,-2716.572958922813,1018.3782988730277,1808.892926379003,-151.92918323383788,11.098019897011334,99.25864243152456,-125.75782773537921,1.0
4258,110.71732530113793,-2961.4322494078147,-786.7537057648225,-279.34936568580025,-138.4781817749461,14.925014480792933,115.67347686376328,-134.5833372105432,1.0
4259,-839.8211489385986,-2124.3283689075483,-1181.7653119014471,2125.671176196953,-150.74959176358445,15.708289389289165,111.4327038013888,-137.31012493994453,1.0
4260,976.1576577407687,-1979.0477637145796,-1467.867429692066,-221.92591338547768,-150.53018154595637,13.688521294548172,98.99628827245695,-125.26788245618286,1.0
4261,-225.63206684980995,-2443.0054673453897,-2114.079877544809,331.66955088116794,-152.03112812719687,20.386757867837765,104.28557664822749,-128.9798651314718,1.0
4262,448.32659179861383,-1082.474048560419,1432.8184368611314,-1692.0739675213463,-155.43418248959594,10.020263348247688,99.42231983936928,-128.45229437668496,1.0
4263,-1902.0963229307774,-55.49779687903202,-1954.3561394089859,-1865.9837087855972,-148.33714425304566,17.033026347263522,105.22710387403396,-137.88271739261796,1.0
4264,50.53738865748374,-7.663671413820783,550.4474376792917,165.06464763818212,-153.85642443901423,13.521971473163976,101.12614112638776,-132.84526398418438,1.0
4265,-1375.3903438944014,679.7403257324454,-217.53142574034,-1378.4364302645704,-149.5200002328518,15.52448256947173,102.87760951241366,-128.75739861782824,1.0
4266,-731.0489192388055,-398.5839999153951,-2081.92645506287,1825.61619705076,-148.90960113361749,16.107846606039327,111.0640330033648,-136.1745372027999,1.0
4267,-1640.0242025495554,-1078.3453259836253,-1543.663384807871,-1200.77252183416,-153.12036854818302,11.131305816001516,105.18402136152537,-125.86277423418258,1.0
4268,-3049.9309352922464,2180.633453258046,-909.4320921171337,-2918.1212138341143,-147.90104820976725,16.641911797274876,104.35385375871361,-128.08093104294386,1.0
4269,-1267.5760317713755,156.4704449019037,-766.3505239053319,464.3172866796228,-151.4890907910972,15.806608141429871,103.09170947938578,-125.09071627546928,1.0
4270,-893.0635233526453,662.7911507647749,501.6840450108098,-1684.4505667077583,-158.78597344644066,17.1021988859473,98.51124571828363,-129.5994999577329,1.0
4271,-4070.6922081236644,760.0082336773748,-2180.765872595992,-423.7335972717472,-143.28878452523085,19.872305751639757,105.10341552485005,-144.4454581242544,1.0
4272,-2224.6713561124257,-803.6300231817736,-2633.4416295687597,1270.246914302703,-149.6102793431365,13.891144305029046,101.43407001586408,-135.84383967844747,1.0
4273,-209.02960771978388,-424.3406493897858,-653.1921407803749,655.3673891651036,-146.51010383168946,20.113309289029722,107.89972650234868,-137.5206535923621,1.0
4274,-1575.640258844176,-358.58098206040313,-1524.5976703204117,1614.5919508077877,-152.12251672639144,14.193186967604792,113.97536820517718,-135.13510295743632,1.0
4275,390.87784283924384,-2296.637187783247,-730.6047358458126,-2807.761069212804,-155.80569531718677,10.737942745789141,103.23875233077057,-134.55058106142513,1.0
4276,-674.5132170096826,-1219.824046024669,-145.6037817419314,-1828.575444312399,-149.4825754337024,20.99058885515322,98.66805305316699,-125.16945848879317,1.0
4277,-159.05880375566747,-2001.8047789706327,909.9408322206403,2380.9544667331647,-149.00184555410047,19.12525580747465,104.36661027988865,-141.23181419738066,1.0
4278,-706.464891302121,-1383.6674901371523,-537.9849821285458,-372.79607168392033,-147.12160622897684,20.027303796151177,103.1539253071859,-134.631281209189,1.0
4279,-249.48645061622238,-1652.199946038664,105.36395912861434,762.9396482363179,-153.84245689090923,17.167350213990474,105.14987605456943,-132.68312246060734,1.0
4280,-2269.112086415776,-1370.1401514587371,-1959.6518855486352,1305.5091574380403,-159.92830036090908,13.674358032602346,91.18536723354737,-117.55999362630104,1.0
4281,58.239800027139076,161.10779712869663,-2066.980823512355,1203.789589369224,-151.0458134425822,22.50793441668405,111.40218051095762,-131.31700299308434,1.0
4282,-1020.6232646878445,-446.9685531401297,-1859.0722172864962,-652.935701980955,-152.46700304693877,12.422877730362142,113.12365156810415,-138.81997454790235,1.0
4283,292.674186371291,-836.4496899418016,82.49621781497683,-894.808829116717,-147.40935683029616,19.368499742388284,97.09506261349846,-123.95662238709033,1.0
4284,-1337.0622369444907,-489.47724108042524,30.46181765121765,-786.4224342012126,-156.06170204343317,17.45341242240599,100.92780037824325,-130.2101310107167,1.0
4285,-1605.9295593991953,-2046.2640390582337,-1704.586022342516,152.71613248010007,-147.56674664828623,14.877835497157356,113.40948277756986,-134.80482950029338,1.0
4286,-1207.808614162852,-943.326139381753,-1169.7793194428318,151.61471765726836,-155.4086393304142,9.519009951776228,101.6909446114766,-128.6998816970593,1.0
4287,-1486.9186818433968,312.3408742007955,-918.6853935313085,610.410154625441,-157.73193219062833,20.05350767011968,100.04574245130324,-118.92895591361729,1.0
4288,-224.38592876460888,152.9089603026842,-1489.2092190537662,-216.1631244508342,-155.52449040659215,22.42613994144041,104.79781288533535,-131.72653642803598,1.0
4289,-380.91654504956284,198.49168235459354,-2490.5705990746637,1498.8074426286626,-139.87246072033332,18.816002256336994,113.58566044634703,-136.71519362327837,1.0
4290,-1013.1406682724072,-1221.669228539818,-1790.5120152718891,-658.8472282805935,-156.62757910011354,18.977860846197075,98.1205925931276,-119.97920057080238,1.0
4291,-3147.122000899974,-39.4042399582731,-1782.5958620243773,-1007.7092352849294,-160.50730594411098,17.188641909607412,101.51739511801884,-124.29179209689431,1.0
4292,-846.8393870189351,108.45661792847937,1069.1491771394649,2104.050052426452,-146.8517127418512,18.220638236125176,108.36367185665009,-138.34062906543772,1.0
4293,-1043.7027093964602,-868.1159192772395,-1824.916998102098,-883.8932586014647,-139.65096555824695,16.88558783914992,108.88559801837401,-142.54714557842505,1.0
4294,-1051.911746685118,-552.3025590986365,-2344.251634147155,-1151.6792662681887,-153.4758670464346,13.952932170633943,110.78330537502981,-128.9670205233181,1.0
4295,-1519.046454440068,-1154.0282716482195,-1159.8641584212444,-194.18011684330946,-162.90310038462786,15.534609981485596,100.44849545332838,-126.66379215273945,1.0
4296,-165.2438591751851,-1019.4405867438774,-2637.2162819327195,375.6441487024995,-156.17513585340055,14.956091347537399,108.38105515242275,-132.02924137537428,1.0
4297,-742.9113200751249,-185.39534457199306,-742.3882988969871,265.36012655851357,-155.85668785834946,13.304740276797782,101.83558085844659,-127.03304786341496,1.0
4298,-162.1209250127712,-661.8075678177004,-566.0313562257685,-681.1594365986664,-154.96110875583875,19.55070133305345,107.29416720441112,-134.58157244052447,1.0
4299,-2328.0473598636754,71.53292742056205,-1855.3726665670522,-1027.043070065136,-157.24212884972937,21.07018034307692,107.97503748041832,-127.59067058361437,1.0
4300,-2510.4477848077267,832.6802106828219,38.79985354547058,341.28409492435367,-151.0149406033499,10.777269663499407,108.67707816159194,-131.9105145617884,1.0
4301,-241.9320663110224,136.59398310678304,-535.0744790464697,-157.88428485333736,-148.67803402111056,21.81833761489912,96.8422540661661,-132.71965334805301,1.0
4302,-764.7057904715563,-720.466634238877,53.800209397321616,946.060356426367,-160.46608895930538,10.937423383392247,95.64490193848074,-128.02249626451288,1.0
4303,-517.3198193382904,-652.3681917813893,1698.4733404246608,-367.38071193640286,-142.83558758695287,21.33360505296772,111.72777587111658,-140.09241227479467,1.0
4304,-1978.292720040862,150.13871178545764,-2001.9561896834655,-526.1232795715536,-149.33976147426085,14.772060182454137,108.29135055580271,-137.937107061314,1.0
4305,-1124.8923090918067,-635.8597646241284,-735.0639832474741,-771.8797115579404,-155.50593533027072,21.50632473353499,92.74322242553649,-121.5285921005114,1.0
4306,-981.457695169122,-1196.460570320231,333.0229385067313,714.6998845474342,-148.79658355294973,13.226751164516164,101.26408708413923,-124.57266590955741,1.0
4307,-839.5506701314024,-1714.9861737367205,-146.3832314282759,-285.2546386284058,-143.23479709913295,16.58761967811485,118.09421524087631,-143.16835711398008,1.0
4308,321.07921454930573,-890.3945802206379,11.179534661314216,2155.224417900012,-154.83436668221157,14.182699505475817,106.98624766701147,-127.82214701930513,1.0
4309,-3469.3812502836663,1452.0702848595563,-328.97831554281726,-1588.2539008497363,-147.73953463278218,15.883498773065698,110.12316013364021,-131.27295824812916,1.0
4310,-1172.01968409254,-2604.51778345257,-1673.6070726873447,-324.6450277768908,-156.6025023892147,21.36340006574526,102.64415482609111,-131.3193011496767,1.0
4311,-509.2307276365118,-333.1529203931285,1138.01909932208,648.7295837740871,-156.1539907905421,11.536310577768505,98.49763943917802,-131.45199329826607,1.0
4312,100.69992246340269,-2042.651371858572,-184.49331498268785,302.7986161026249,-147.97580623953587,19.07322141968169,108.43704341600547,-141.32313104075115,1.0
4313,-1266.209394298636,-548.7317372690793,-2336.987086784581,-2578.4918207829937,-151.44614414736583,12.249615020191357,99.76074288185607,-124.11126681610006,1.0
4314,-521.8331504331885,-1589.379077729214,-1231.1619715744962,610.366211170638,-146.5832267136074,10.830488975246503,101.50354814467909,-130.2383561807383,1.0
4315,-878.4921560880738,-1227.518098105096,-1797.4690347193105,512.3154443310368,-161.38836380613964,15.825106138887914,98.04211595196998,-122.9529805447488,1.0
4316,-929.6724074490237,432.1532151959022,430.25376027576635,93.60266901325849,-158.19404013689385,13.852174210354324,97.88087285406172,-126.15289187876853,1.0
4317,-492.6487548075321,-264.7086884526017,-3.6445701900558625,1039.6119819836956,-134.7742981615587,20.861840900652457,122.70433233982419,-143.2626360397168,1.0
4318,328.49028850088723,-1309.3039269012054,-2165.1267332816465,93.56726713677497,-147.34165226927269,22.425596870466446,105.33758744300835,-133.94152843398555,1.0
4319,-1429.7495186162191,-45.832034547425216,-1722.4556108210713,-612.679313838652,-160.0482354448327,12.635116257904944,95.76657510587604,-130.57304302613292,1.0
4320,-1177.4567438309373,-1082.2920857627694,-922.8511403392996,15.509902281864807,-154.7744722371199,19.91308102781426,100.77907195228855,-128.2881899582287,1.0
4321,-2082.9109424452154,-63.676503170761045,-1635.2849782397504,-1371.7043247344611,-152.544224423259,21.298805789417223,107.57027991220333,-131.09394403423016,1.0
4322,-790.2183264545973,-785.2263780271105,-823.9987609413669,548.5107282525457,-132.39996806295505,21.952390873546708,120.37486813413419,-147.5280332581644,1.0
4323,-1122.1746137524456,-734.649860626292,-649.6288906772496,-622.7585916038931,-153.49594120369656,15.15027821149177,100.64276660736985,-127.1445239951294,1.0
4324,570.2346807335557,-1685.7327960904888,1695.7187296807142,-1126.9326733204484,-155.96867813975,18.875989318172174,100.13589792914426,-132.1458438447478,1.0
4325,605.4538362049793,-2839.1083390022095,448.56371921343606,176.86738097136117,-160.21340988140238,16.18154416077851,99.91114470826153,-125.25955290645899,1.0
4326,-2184.7223704689914,-100.24503691495144,-2499.8785283925117,-1026.570384536682,-158.12793839704366,18.308758438098238,107.0697615956517,-120.25403380059589,1.0
4327,-1468.5354029529628,-984.9232519817095,-564.0822561231967,41.58873016595537,-142.56925247145165,18.614597901386844,108.66332967918204,-130.71695802393276,1.0
4328,99.69673358266157,-1591.431196499313,-615.8601708715208,828.4149565411496,-160.0120712168203,13.190082812279979,96.71174542879498,-130.9649566187243,1.0
4329,-984.4503373002746,-1830.8325231077138,-591.8586708596032,1162.585248388293,-148.38500903810947,18.174239745695854,98.70762060958702,-133.33755094273397,1.0
4330,574.0165348338772,-2810.810259664653,52.883002605690386,377.45480616045023,-145.96522945777753,20.13230887254074,105.57681204469358,-138.42085158472287,1.0
4331,-348.45030661146563,-1127.582984800221,-427.5857721765451,-2008.2819357244807,-141.97002293283893,23.250849444416723,101.99375646075478,-135.99845514707604,1.0
4332,476.45920805544745,712.0377080637296,89.3562130567579,798.8127066239502,-151.04170046690297,17.205638888194933,97.40122646520143,-127.8331352880977,1.0
4333,1230.3882082777448,-2476.254453294869,-1603.3874436740855,-1063.225566584746,-148.44916320639396,20.186525035814167,109.7830363833193,-133.1476046538669,1.0
4334,-1528.5692596142694,416.89728660805974,-2015.6432920994644,1224.1801434367233,-160.44301780045632,13.811244285007163,93.89274996053291,-131.32830862018486,1.0
4335,-2300.8745477149723,453.2607369263378,-904.5327256908903,-473.3079860622908,-148.29442882439415,19.87213165779072,107.375617645257,-135.78830821065154,1.0
4336,-408.9360804289654,874.0522426160602,-186.65169079466824,1124.7616448365973,-149.93854558536592,15.879802396698537,103.99109197994605,-132.60716171881234,1.0
4337,-592.819742631547,-1889.412549916388,-3974.064965938606,613.246798275651,-159.18768618157864,14.075155525800966,93.42243528835434,-121.45987297561733,1.0
4338,-746.2525633862751,596.435425025014,335.01664669073557,-22.96012897304308,-155.51392984842485,17.210116758111635,97.47402581822432,-132.4284748264934,1.0
4339,-1439.3895824980866,-1570.4280959689809,-392.483915490143,1747.9050084315083,-146.28238149479213,21.581259325541946,106.788859139479,-129.56842213408373,1.0
4340,1932.4824051992616,-3039.272881800843,-600.1167623432721,1069.8849634331614,-151.37347711148695,15.475289531602861,101.63308838386497,-128.93092406737776,1.0
4341,2014.9779085832997,-2606.7685901633504,-448.02833981424544,-547.2718899295272,-155.82104686576548,18.086397939997376,102.66628542719268,-130.12000135950234,1.0
4342,-2564.6703881760413,-1234.5206601630089,-1174.3392277329358,-1013.9742357878737,-154.4021413970798,15.433541506725993,101.55383097320626,-121.49936071295576,1.0
4343,-2587.134791512644,704.8711826516519,-278.61110362266413,-661.9053037518838,-156.78502019982008,11.038436011053541,97.26594903057317,-125.8315014583507,1.0
4344,-48.96661448324733,-1021.0739151309648,1243.2888563628346,2005.7577996260136,-156.0747212185446,15.064217991032336,96.43658282544655,-122.22813742115142,1.0
4345,-317.23684902617623,-933.2014964008897,491.4315597727241,1761.8024336085718,-162.12097958135146,5.538141944692635,101.43373362609589,-128.24263168791103,1.0
4346,-1256.3707226366387,-1534.8465248732975,-1088.3480448071157,71.64151375214044,-143.61177391815664,17.08524517916194,112.69465482177405,-138.09219421512063,1.0
4347,-1668.4479103070062,309.9682341764035,-434.8180303716589,158.92999185334577,-158.22723841964842,13.856519842210158,95.78225435823546,-119.14542935568757,1.0
4348,-327.28884974513227,-1574.9894784167864,-1655.1611763401163,-318.5219737010981,-156.18530202954395,15.55534621800699,110.2178183000591,-131.1976872931141,1.0
4349,-89.83350960695402,-1185.9931322456312,-761.867807725113,557.8429467348193,-153.9263490361565,16.860820890842962,93.68985997954125,-124.05936275843607,1.0
4350,142.51926236597507,-1660.1426367159922,-1628.821358992792,176.5057061930208,-148.285830720315,16.335172674417727,100.37248516025389,-124.6185105946017,1.0
4351,-673.3637971255974,-1089.4944770401776,-399.4759534955662,1552.7759368475658,-157.34457556434913,12.651483199549542,97.61990311342277,-124.66173999560064,1.0
4352,388.7441186319567,-2275.8553631121677,-580.3132864647322,-502.13316829660624,-147.9615385909262,16.182055569264488,103.49154459905606,-137.36881705436306,1.0
4353,-372.8709023545116,264.9881143154214,-581.2757277517899,-878.7981527634819,-144.2857387279022,19.197682214559958,107.79141468693861,-135.8493320779817,1.0
4354,-1320.3704434468543,768.7172037890709,-695.5425531797949,1389.1786986318434,-149.28135884378506,12.547038319550925,105.44425099664537,-128.4449111899205,1.0
4355,-1257.6969818043435,-530.8009425610142,-134.87415713854367,1445.9520012380867,-156.17324012987598,15.302504247481256,98.1216887827265,-129.21794869945776,1.0
4356,-1386.319994890596,-146.43076169160685,-1274.9868415625308,-1558.0542172146029,-144.50098962476727,15.69476337451575,109.14997842718789,-131.73715127992315,1.0
4357,-1358.6222183621478,-1559.1450149929956,-348.4539060255443,720.8151554559204,-137.28019967807145,16.696454198910484,111.95988909132188,-141.5897309932595,1.0
4358,7.256179536736251,-280.485575487932,416.060958664465,1162.936923678459,-143.01686662579624,19.989827175497478,110.31495287585523,-132.06068705135226,1.0
4359,2411.8760013869723,3221.5133717268773,-1306.3681505637899,2085.9921250408265,-145.71879496102142,16.003086108195326,110.32661299640193,-137.9701975761407,1.0
4360,-727.1505928340974,-350.6287901077425,-1615.0432289606622,784.4919248553977,-161.3345093051413,11.221677410824991,101.03196401507697,-120.43542906903275,1.0
4361,-1277.4399040593385,-303.28611040923903,362.47324392012973,-1300.260731199747,-147.01613059129053,22.5960810835144,109.78808407326589,-127.22698645762716,1.0
4362,-603.5154595270334,-878.4624692360942,-1095.9579616743051,-898.4302476191319,-154.31959798079112,21.300476673129538,101.60708500414614,-137.47049241159073,1.0
4363,-902.0704086493644,-652.5356360352154,758.3494527643803,1492.016267768921,-148.83619594868557,17.218036547955844,111.51296242753676,-136.95514337239095,1.0
4364,562.594946358919,-893.2964948615295,1396.5009127027834,1620.3769340418023,-158.03594120872327,16.5709865641273,91.89876961806647,-125.49275043544861,1.0
4365,-1596.2303192446907,-1919.111815172957,-923.3466106092236,2213.4878735402162,-157.3274128000548,17.29531156545819,101.71160747288936,-126.34361118495544,1.0
4366,-267.7127237637273,-196.26549579916073,-181.64657349351344,-1049.5888837614618,-155.9153595987385,14.444548108206604,96.97404028063858,-124.93741801512665,1.0
4367,-1059.1297640004593,-83.53922443852309,-1040.709008850446,-1482.8799986299898,-157.07278117803327,14.979493846942061,107.72818031817356,-132.50657299739711,1.0
4368,-2005.7356781984124,-292.13800633420203,-2155.5210882617225,-2047.860418877406,-149.70429437970452,22.290958013731867,104.46261366296935,-132.70325294511065,1.0
4369,-3309.2438095492266,105.46202806953825,-2056.109163865856,-1653.5113220801093,-157.34162761652976,9.93929915864366,96.27396657222974,-123.6257233229401,1.0
4370,354.640314819423,-393.8934388421967,71.5276232557063,-711.0886794373822,-151.7995475783378,19.573466385123766,104.88989157776989,-135.47897054336306,1.0
4371,-189.54170174565579,-565.384414476583,506.19692846759676,2021.987525042743,-145.42150820562742,23.072703424066166,104.00311980215177,-129.53506325113105,1.0
4372,-317.29956065809995,-1177.0738649419854,-463.8929464817398,-234.68281082370095,-152.13023427792322,14.072152446776384,96.14415445513413,-125.25040446081104,1.0
4373,-389.777382512151,-2225.8210760780244,158.53360960517765,-122.19285139095149,-141.8851828625458,15.791043976932144,111.63683671393109,-134.40717418507825,1.0
4374,-2171.2839935167826,-2132.405270851841,-3175.2708076848116,-2.025837819248255,-152.5352596956025,15.653985331852716,103.02816331499099,-138.86392755175248,1.0
4375,107.4486751628555,-691.4480017053233,-1452.7714350641018,1049.4926796305729,-153.97758351590818,11.500546674763196,92.11837377673606,-124.12143444710654,1.0
4376,-1133.3864984768786,-248.932924503072,-573.3900380795187,1460.2933078648587,-144.46840710656008,15.542178017284762,110.60118762948417,-133.5410747785337,1.0
4377,-2081.1237711863064,1087.8838398563635,-90.46880160336893,-765.8134959188679,-152.05478520778183,22.27391159052423,100.75722251717968,-135.9396612893601,1.0
4378,-887.5691885782195,-1763.2283844455144,-1764.1006946095401,-576.5177000532353,-156.75974870462636,13.658677288639854,97.96962491709576,-129.66214392347092,1.0
4379,-510.3014917323945,206.2702344718886,519.5914483047092,-1522.7426676307332,-151.48607343791298,15.53584998244119,101.99724037919812,-125.79442848726246,1.0
4380,-367.10632973894184,-1168.9484193956612,-541.3297886822833,608.9723928738174,-142.35560231989996,19.047675723701133,106.72660372300629,-136.28980958727288,1.0
4381,-883.5414046115329,-371.43566150435834,-1115.6024834173281,341.3712358352734,-158.12906551968047,17.27959426748727,101.27324177816058,-129.0562531896128,1.0
4382,-1958.352952443044,-919.1628851386907,-2323.157522272199,-996.32802813294,-148.19693629251668,13.638182831432694,110.25064531672852,-137.0262776351534,1.0
4383,-1100.4992409362903,-419.2622974904973,-1137.6243341944662,1596.1448643236074,-148.7503868924325,17.216540397293784,110.27740395108798,-142.24092623455536,1.0
4384,214.09515743957996,-2009.0380728229466,-1862.5688133670424,-1484.305014436895,-142.51499213001077,17.607635460666707,116.50462279412812,-141.96013475970318,1.0
4385,-95.60842463947863,39.11980081203037,906.1733245363355,758.3612983462647,-152.57915578268236,16.551039579818358,99.28375646216944,-117.0720793430232,1.0
4386,-221.39387650858706,-2096.838359304675,-997.6293699194296,577.0589299888035,-136.4602469451735,14.568570591010715,115.04823185611401,-144.40405122816617,1.0
4387,618.4308127989248,-1300.6063326177375,-653.7989557199718,-1680.162132940716,-155.5103236075347,8.89121708463146,99.7555228381192,-122.1881616631873,1.0
4388,-2513.5986097999075,383.2881903224685,-3342.385673441508,-1510.4093782193997,-160.80290060459686,12.567697298523544,99.60585905071595,-126.56859242240844,1.0
4389,-1439.0391694577654,-1094.0527958655528,-1951.8449836841153,1862.387487596359,-151.99192542145522,19.144322293552708,102.30224870450192,-124.91475038818115,1.0
4390,-596.7950131635374,-668.0367023057747,257.58730552927386,-1706.2427867813258,-150.87578929102867,20.539867347140977,111.68038889350095,-126.74720202990667,1.0
4391,1563.9656431762987,-2328.8619143917235,-891.4742497567795,269.4966078944502,-156.36609608613418,16.998009159046113,92.37680197837614,-126.3382791710465,1.0
4392,-472.20885156254946,-231.47504318283765,-505.8939137654899,1776.5551770874606,-149.235296528066,15.188280785082403,109.4816788958524,-130.4661664071046,1.0
4393,1157.7026108443013,-2123.3626277581525,1736.9823885560825,-701.4833306372778,-150.62171127796353,20.808227762013853,105.08392799385952,-132.11701545702127,1.0
4394,-1103.4237799610669,1338.169287527406,-1620.09788585741,-1763.107912175025,-155.45287436298332,16.463181072800268,107.78899967322977,-125.52613729594728,1.0
4395,591.4677486063657,-1978.5748305404868,-2747.203471832942,-1368.282341709455,-148.77835683944664,11.480222531111584,110.60351739547967,-136.89659457106364,1.0
4396,-283.9327053023552,-637.7896913728044,573.9535909218808,-922.1416690825924,-148.80798695691334,16.557752878780317,117.5148640847479,-144.9198605791194,1.0
4397,-3038.3087994694683,1595.426861134548,-270.190423372815,-1931.5208971610298,-145.05323354471471,17.84424140593054,97.28147981615828,-125.83255651595191,1.0
4398,-80.70250355993657,-1283.706820054348,-1740.7966770955659,684.7069638199268,-152.21330466182604,18.360357875611236,97.67103264109365,-117.48396185827826,1.0
4399,-144.1486599105694,-980.2668406375948,-587.0781369287625,3721.3468300389914,-149.71473744084793,14.046614007208204,107.0684066319185,-137.56698261997872,1.0
4400,-1546.7773922784015,-647.2978825771027,-659.0928101946226,286.65889865891285,-154.35741304844697,14.866187516153197,95.52344155210059,-121.37905049483295,1.0
4401,127.97340849965894,156.38595256197493,-272.72364100394753,944.3253279957963,-147.01032473985572,22.78053516356252,114.67189269654807,-142.6878666416942,1.0
4402,-2298.6039872412207,886.649731834398,-957.6895939307834,-1951.2983383410165,-155.18756239974275,20.233070148168736,102.48856249549213,-125.1742429945348,1.0
4403,-1191.147548089417,-125.04297545909434,-1958.5270060320026,114.30578689156044,-160.07616961854347,14.611875520363006,95.60388683277334,-122.8255741195692,1.0
4404,-2808.556244813679,1742.299002656179,582.3944175699284,-1141.6684843721337,-145.82680297122465,7.835116717601251,114.14584465901568,-142.9935276924046,1.0
4405,-1119.4228224592077,-1110.299039128637,997.4374152117674,1416.4884321200077,-150.1344299161892,13.398556871386013,105.7934727676045,-121.97884553109756,1.0
4406,632.8619635439443,607.59987352099,1697.597629285978,-1536.0740429766615,-151.97748531862067,15.563271637225434,110.28114728236746,-142.03482707622553,1.0
4407,-3497.472585576241,689.5427950110011,-575.6738394431316,-1445.8185016810594,-145.34794866840838,15.677301178259684,108.88039832759792,-128.75288560852502,1.0
4408,-243.06266846514177,-2514.044318255056,-2527.6252118942803,-521.8023437031179,-149.33147303785796,21.663731295637337,106.37455505830451,-132.54380251884984,1.0
4409,-617.4558693917241,-1485.2124883782712,169.48612848398497,851.5314340293357,-157.233785563922,15.640453190866168,91.18186426094987,-124.54805279445496,1.0
4410,-1551.23731463676,-465.6324582905902,-691.5839617223113,-628.2107885967841,-133.95441007718313,20.636344308205906,123.57556271601112,-142.73366438886944,1.0
4411,-1197.1875830308545,155.03920626689097,-1468.3336366356837,662.6192018421648,-158.5762298327183,13.773963828675782,106.83586425335687,-129.40949186374974,1.0
4412,3023.3157522998636,332.01886213664847,-567.3801932441185,1236.0421836337443,-153.3660082844547,19.867162856343892,107.68777955816546,-128.82555600159944,1.0
4413,354.01091305676636,-749.8621516092409,-1324.5782312025879,-940.1909500874822,-157.49134589676999,9.893922396188906,106.08382626140175,-123.05185501343821,1.0
4414,229.51567630222053,-1161.451423640719,-397.0179554977706,-1421.6591361089138,-147.71026283973362,24.537417286773515,99.13247336396898,-134.35210099257162,1.0
4415,-364.5796597927922,-1412.153600818872,-1190.2561213934448,-999.1445126235892,-151.5734733788587,14.162049003794872,110.34560699368382,-131.5750436394056,1.0
4416,-1611.5884483379677,-2182.2646410704174,-2073.840564440961,850.4736506023962,-158.93353986227962,16.83894426377605,95.5109193913342,-116.55326458830682,1.0
4417,-1281.5195956396908,374.9146615526213,-720.0231201474097,739.3545688827516,-155.82217631195644,20.124794736989802,88.45226800576833,-120.56439819586058,1.0
4418,-1012.0951695572004,565.0209789665778,-613.0862981801566,481.76833580067597,-152.2330606802024,13.993446895950177,108.37630434160178,-132.38149718033705,1.0
4419,1429.4186906673228,-1121.763480266948,1932.9945496290939,-663.1123865468377,-151.4617942591581,13.86722507843582,101.96724496492624,-130.04805707768412,1.0
4420,1158.5731414103504,-2295.2112686246533,-153.25324569337414,-48.4815842215472,-142.14468398274337,16.126507252018435,113.50229027165554,-147.5451344743845,1.0
4421,-369.5008084193191,-554.4606157646796,1587.552481650798,782.1946363707033,-146.63412823215555,15.90930035444263,108.82162364487459,-137.64608443658733,1.0
4422,-2619.1427468994675,357.1550389573113,-1278.6177583964825,-2096.6727852417075,-144.9354806501096,15.733337788120162,102.50190278228153,-133.35812774164103,1.0
4423,487.05725647220356,-1399.7996878311194,-785.4573857776926,-107.37287768100725,-154.20130681655223,16.856463992345237,105.30424111929794,-133.87014269430833,1.0
4424,1971.0513003532722,-1686.8025921086798,641.6458881434942,-1319.1832431999064,-140.8385652643233,16.665995528176158,114.48791549510067,-138.25957776558795,1.0
4425,-2126.0010866490825,991.4943207792451,-1638.9784384507473,-1396.195662338222,-152.08859631683447,12.734328941441861,103.78116971613585,-132.09712610796296,1.0
4426,-355.441944102284,-187.55998309423265,919.5533445985851,-1165.2640703153854,-154.16078011155713,12.418995419974665,104.74925810999969,-126.62195083544968,1.0
4427,-496.03923792638403,-1822.8436721724731,-160.0027026640373,-221.89926154184585,-151.59949009883582,15.691022405272552,106.6359187503617,-140.98532395241565,1.0
4428,-2646.972300357731,1075.476950277527,-894.5820715965677,-2129.256140572305,-152.64992360105006,14.166278966374398,101.71923593250814,-127.40337261027557,1.0
4429,862.3780211394854,-2327.989983526407,-1021.3777232837353,-824.3558156142615,-148.2654578988265,15.405552291532143,107.48687987973996,-133.23137149893017,1.0
4430,-577.204900015417,-1385.8339277178516,444.3130469392457,-1296.304576942289,-155.20707797600457,16.131683494141036,100.53055131106014,-133.67478849149725,1.0
4431,-321.79551020535587,-37.20648239280094,-14.132025280657324,1183.521764389099,-149.19014345989268,13.734840514703313,98.29938016117502,-131.38757433826683,1.0
4432,-2125.360681375058,-1587.565883948703,-2429.0246341503134,-116.77889914317036,-145.5558954043882,19.69747581252677,110.82700562210042,-129.46611725836823,1.0
4433,1642.8240259629868,-1594.7174509983863,1195.7149637236053,-878.0513910895297,-144.6862845298269,19.638471509700018,110.82924337335353,-135.34720073586112,1.0
4434,-652.7464824186571,217.51774866310996,-54.65675933074563,-2173.155509962883,-140.42191727680668,20.19574730113181,116.28948731230679,-145.06878518036595,1.0
4435,-541.9424737005487,-516.2462847407558,384.4578710845337,1559.573340589689,-153.0571597167802,11.64572733951007,95.99636546786981,-125.5048206052909,1.0
4436,149.1187928486467,-1150.635602417835,818.8692184497635,-540.5687738825698,-155.92093637845906,3.267637947306289,101.62631822757375,-138.84716983813192,1.0
4437,-464.09219703383764,-550.8475708239315,653.0419447986309,-1233.1764900094452,-158.2572135066031,16.3404243961219,90.73893337308759,-117.8915374362009,1.0
4438,-999.8631319167777,1031.5276968779006,-369.9330778065124,96.5071255945565,-156.07298282654256,13.821813814327212,99.26814588960444,-126.54046782374317,1.0
4439,-2798.304683031623,1586.2541705913288,-336.03638845338946,-3130.7504200910544,-154.69167223709542,15.345914281372483,99.1715627032677,-127.65009872110333,1.0
4440,-1406.514119584393,120.69230221687303,-329.28644464218775,59.20971445830312,-147.58364776243855,20.73365540820739,100.7835862714757,-129.53254747407317,1.0
4441,2228.7734555372003,-2039.6184487455298,1386.994307038888,155.8083367690567,-154.88932004997284,14.874519605388468,95.25511390634891,-118.03919497889125,1.0
4442,-384.30830915132896,-19.372357491877214,-119.24429364581168,-349.87979311378854,-149.04955428969845,24.312757169056894,111.79755100108562,-147.01270431374988,1.0
4443,-325.66119325167057,890.7687496902427,-1077.915228271694,-103.33823469550536,-155.91661023411453,18.295123670370344,98.93680130389278,-128.8016046540292,1.0
4444,82.93003745501382,-868.3615447323945,-1019.8268428369005,603.08254459331,-152.33437792733795,12.20330595629635,101.65623679541477,-129.46508854252048,1.0
4445,983.8286222356098,-2421.924352890569,484.07468819881643,224.4653532202047,-157.4390540303037,15.931494514495608,100.91128287966126,-127.20551302919385,1.0
4446,-1859.363207714468,-365.43692862487546,-1970.7961898637386,190.58571501856522,-150.00630471771396,13.70386546888215,107.83008906549315,-132.10368965350793,1.0
4447,-2030.2742154079208,-265.63769562848364,-432.0365569642904,-1192.0133990294971,-134.56949008258977,22.35768232528304,112.10221610151834,-141.6305738453261,1.0
4448,-1137.2782457457408,-243.19973430319027,-1833.5617941259327,-753.0044701469521,-159.63736486866995,16.13868393898893,96.64457998479239,-119.84402707353365,1.0
4449,526.7297219709017,297.3791266343089,-128.8812369994189,1378.8899517568866,-149.46095183570864,19.706977807436065,98.53467549526401,-129.68039751549478,1.0
4450,-697.4029180211346,-1647.3313378211164,-1077.6821253124588,-37.90310636484314,-153.69210383362315,18.499690782792165,105.4091584436305,-141.2937230125779,1.0
4451,811.6050975773218,-1747.8133903843348,-1642.1600614260485,-992.0376011639577,-153.6248758808821,13.846089544282997,102.67012280963405,-133.11977805250166,1.0
4452,-344.6272675673405,-1957.1559602636082,377.38781324498575,361.1945453342053,-155.79746905849285,12.961236681858917,102.36318094634957,-123.77826440540657,1.0
4453,432.63705824295914,-1038.4576418065474,1630.8836968151231,-156.59469231600613,-156.65999300462443,11.91939719479722,96.88561486211488,-125.58565741893446,1.0
4454,-1181.4022808374755,-787.7289742297431,655.5517496452427,1245.4611161745968,-144.9913565631893,18.86717023964182,110.97280555237907,-134.09497475774222,1.0
4455,-1890.0101341623363,-2295.9594552687518,-2070.7273660240908,835.4334949727853,-142.435264092338,19.148652517201988,115.42228587401499,-132.5405577450953,1.0
4456,-1017.4009119856436,505.0936511801377,1088.6563476304925,-1048.288780886742,-144.29775791018236,17.33227761723266,109.35278438624522,-138.91704186059616,1.0
4457,-1057.3095811019227,44.564656024352225,-998.2484178863625,-119.72615598770902,-139.94079788681648,19.0652510562954,117.33287193159153,-141.92137593148792,1.0
4458,-859.7061191051828,-472.99628161181084,-793.8895018150824,230.20218434517074,-149.5652674850643,17.832206969891537,109.05194051096497,-135.70636216017866,1.0
4459,-588.0596757407479,-1084.5041508784511,-891.4739123343142,-1136.8416043410718,-150.60989976170276,17.817628561387938,93.85904217062308,-127.44370813482976,1.0
4460,-2001.4594269925215,-824.9095203673468,-2765.533237217577,-612.379748072255,-144.93408632042295,24.610850883497214,110.08146895961991,-138.88514028798042,1.0
4461,-1207.9951345717893,-672.6358226057135,-674.3328628778,1954.0444345071103,-160.67927318608474,17.288189358445926,96.50209064375932,-127.79971464605532,1.0
4462,-1751.0633771429443,372.38813982796245,-709.7106083757251,-1446.094807547815,-148.25027694568695,16.271369617164105,106.11373623490715,-136.6451439570069,1.0
4463,-1035.7410781487122,-1114.1096667218726,-303.1963046822922,-257.00210643224085,-163.0099481774966,16.30148718128111,102.06311986198017,-123.5835016284674,1.0
4464,-277.5532554444137,2547.3216777891366,-857.7334471561209,1447.3058792710103,-154.28195524916504,19.17656435374699,99.39198950614978,-120.93079255612294,1.0
4465,834.7579682180312,-835.1371340244561,20.05976446731117,-1296.6151546005124,-146.52958799658015,20.664786553295613,99.81551504956889,-132.7789276324039,1.0
4466,-372.15955555764555,-217.34807641323897,-91.29552796854355,-415.2807201683262,-143.54251228151463,27.37670109643875,109.39195713300008,-141.90441780144965,1.0
4467,-710.4917300758555,-507.64036098148944,784.1336491036443,-1309.7961375763532,-150.34058970779287,15.974697360423718,98.04953638262585,-126.32081387553053,1.0
4468,-2044.8451574115236,-826.8355004441642,-2469.226280315979,-1395.1434248536546,-154.52531640399164,18.195456612473137,96.62335351028192,-118.6702380506795,1.0
4469,-549.2167851069607,-2191.9877390810916,-511.03873248696107,1836.4983912302116,-156.85715688295147,13.26241261363086,101.8283664217719,-133.57436904323555,1.0
4470,500.19061506208345,-1674.86222930406,-1037.6877944395437,-1189.354336101626,-148.5432871349902,16.72053627459138,107.84393856964547,-132.58043006608165,1.0
4471,-275.99467375333916,-1029.4640620423968,-2601.439569216884,623.1997040025713,-161.47454216463024,10.871101327443665,95.27048888720259,-118.16115718744936,1.0
4472,-345.74669703854937,-105.6146402128175,-1945.0856122119335,-189.91777104499812,-149.05220517806137,15.31624493410243,108.408617605801,-135.51448982381137,1.0
4473,-957.8815609571822,-1371.0141386519417,-1184.6802490482246,74.13319481040995,-155.62350798654904,18.425687721791128,99.64678471457056,-123.90766503068292,1.0
4474,-387.2452829647276,-1569.469024203857,-1321.511747747181,642.336148141017,-149.30708563444009,14.37501879043739,110.62056224158803,-129.31403410496898,1.0
4475,32.261792435698375,-2203.385712311883,-2125.343900184514,841.512531034084,-149.72631085503,20.162391863613653,106.94946578655833,-132.00348310615604,1.0
4476,-1043.291954026967,-135.2819059878546,-626.6881881477601,138.93979457648504,-148.35057306572304,18.48961517975401,103.48050675321312,-131.79918013814867,1.0
4477,435.3319702355386,-1769.8333429764032,-534.6203279628703,-415.20388722939,-149.54955248074413,18.035656099786816,99.63164826514901,-123.7324639296262,1.0
4478,-1195.2389601730601,-1914.0559682766586,-2926.257277479655,-709.8224148177738,-148.18117854708996,8.669927978648813,99.7872914004798,-135.50641135136846,1.0
4479,-813.5931036495955,-1781.1625359007926,-1949.1280176705068,1231.760295040239,-146.8983630279571,14.642540137552754,108.81920781526217,-137.18663180178956,1.0
4480,-1762.3520596455712,2089.296040985481,-82.36145202994567,-2788.2456032421874,-147.9476752219748,16.473771480274635,93.68113488483583,-133.05604901222395,1.0
4481,-270.34115323116646,707.0248780422803,-1624.5852618307038,1766.168584334084,-162.14738090198958,9.409062151669279,95.07381397616152,-134.64415703011323,1.0
4482,-821.8833335801268,-257.4541804982807,-2436.469746517878,946.2864787201862,-157.05483175700834,16.937763657252578,100.17230848098325,-126.75659952973243,1.0
4483,-1104.4767646273008,1175.0374200918754,1818.8111589675875,-2437.606498579284,-147.61690138105874,18.897010371664855,117.94864542882463,-147.3419305377116,1.0
4484,-2043.6517362177458,1197.01457321565,-2094.3933507289944,-1246.66275512399,-154.08358691634334,21.979281764721467,95.60676242904111,-127.64734780822656,1.0
4485,-2481.6256515222717,549.1103128158888,1172.8277661852476,-1248.8744831494882,-149.9742615560473,14.511911587656257,112.81356487849165,-138.45579640277995,1.0
4486,177.00607997662135,-926.325122685204,2783.7263815642596,2892.3285093235804,-145.58634782819217,15.4556432134297,114.47278478660276,-139.39492628125507,1.0
4487,-932.5100035359773,132.05511130555288,961.9371849707428,-1145.1483652511658,-141.98620756587394,23.207391298688343,112.1018801326029,-144.7513990098163,1.0
4488,432.5392035273458,152.09839063092173,1359.702461446744,1133.478817864405,-148.16680829099667,22.77422629390219,110.83858633286228,-137.42076143373586,1.0
4489,-727.312663805187,1002.795175468371,-1101.7276488285722,-515.1830723258865,-142.10475693688502,23.466618752419286,98.79884895601073,-130.79743145077157,1.0
4490,-335.71871230049857,-948.8917035413035,26.25882272342904,751.4515571453048,-149.203453124876,17.886736527676288,108.04700528942077,-131.98831451608936,1.0
4491,-1438.1583497756312,-1660.6791966906444,59.60985422315653,1596.3910072649533,-166.93405459113328,13.252088508524917,95.15205635640535,-122.15980761745229,1.0
4492,-801.3444326734717,-2215.438030426305,-326.13711540585757,772.7696022189714,-156.78721676066596,11.28823727264842,105.4422945608961,-136.3120227607071,1.0
4493,-2277.4964057064603,-1240.4460091550786,-891.5295506305001,508.3890267521028,-160.73682001566021,6.696877178023556,90.0927898392356,-113.56626779743735,1.0
4494,-61.69364909535345,-141.29557045660135,-696.4813974688485,-660.4510340683448,-151.24410165179344,13.874537962157,108.19332673412954,-130.9518526769345,1.0
4495,-2740.057796507226,-217.4234126271201,-482.0680424596789,-1248.7660994938271,-154.75269427048732,13.97158822746462,108.3687634581325,-130.2849970605792,1.0
4496,-461.1154025814972,-2548.798302444446,-651.1504300795743,1077.8288925732431,-149.8580750339801,14.051523034567245,105.95136606821069,-128.8216401279076,1.0
4497,-1399.2426486410673,-587.0504221296047,169.20342509803464,-1096.8300756393237,-148.33498668912233,22.74045603992183,102.25954101346771,-138.83933947319895,1.0
4498,351.8933922429676,-534.7650865324754,1008.5059020134378,695.6397632909585,-147.651085040746,17.833023442249505,106.80019701215426,-133.0025704140463,1.0
4499,-999.6738016395029,-701.9421038858346,-822.9181142770117,-783.3931762140816,-151.65553560828155,17.308878889159697,109.1774032678405,-133.7697972972632,1.0
4500,-277.8858906584763,-23.34890844110282,2326.238464051289,-2008.5872353261577,-144.6822403266218,19.17779613058768,96.30720820982953,-123.71131781842259,1.0
4501,-953.9403571344565,-160.2629841394292,-242.86275970171144,-56.475196894342304,-158.9436260453681,11.035123816987214,98.3302524954947,-132.65861537060186,1.0
4502,-433.1297562025003,-752.9612216656666,-1317.46196670862,1453.816301945223,-147.50256788662102,18.852535626560794,100.81264740403549,-130.45957257709009,1.0
4503,-535.8584766728012,1044.0316612827837,536.7987340764981,-1492.4899704674922,-140.453946250571,25.43729518341349,111.17367429228364,-144.20900609842744,1.0
4504,1965.7409469409163,-1810.3168005362897,-730.190367173023,-1465.4049038115083,-155.24407203011532,11.64314407544309,101.31097032834785,-135.0663590585676,1.0
4505,-1324.2442232141884,-1546.8870539321133,-3538.317309901312,-1144.5099209481505,-150.83432863620428,13.821959879498515,116.67918990073865,-130.91391668715355,1.0
4506,-1090.0505494268573,-855.4686096323072,-588.0564849413031,2284.9555416473468,-146.82534841249404,18.65256421151731,108.48425278234737,-133.40065584183446,1.0
4507,-422.8904691355758,-771.2075123464191,799.8520523959049,813.922988888354,-147.69888436534842,15.553692737870366,108.19410161487049,-129.9061990381525,1.0
4508,196.31537513135402,-710.2992486811436,-100.38952898146883,-866.7267852734543,-154.01083485129516,19.64381363328146,108.1716059518085,-133.5570527201908,1.0
4509,-561.8079879015165,-2579.5224220142636,-861.3975529953293,2247.031452096889,-151.62744861910278,8.553106007748717,108.32787900103187,-126.97948259090884,1.0
4510,-367.35341830961295,-1008.5147939351409,-976.6344873578873,-1597.6248397278823,-140.46170146069832,21.451276059760485,112.9995592054701,-142.8751456615912,1.0
4511,-537.4182657234225,-1221.3985818714025,-373.78483644475295,1029.8558051744528,-148.55429250230873,16.342772566092055,111.83091359231892,-128.95010631025707,1.0
4512,-1146.043167887977,-2321.1755353548238,-1469.1457891174985,1221.3274060206675,-153.0273080869481,18.46701213974315,101.23229313410793,-124.99677452322018,1.0
4513,1050.241046255937,-2033.5303747574003,1046.5369815047306,309.4942942991651,-146.38052494377513,15.337099840556856,106.3418361261716,-129.27893973023382,1.0
4514,980.1906185844339,-94.05224101165028,152.239278050082,2181.6858704929655,-155.12561757810425,15.715058316426225,98.21519726976574,-120.64888926618258,1.0
4515,-2027.1830932138387,-193.6954919515022,473.6305888533547,-201.34290890952542,-153.59878419613239,15.48020447732818,100.76892903023744,-126.73331197143601,1.0
4516,-1887.7364545723615,-1415.6996569851135,-1358.654282892966,-337.5251357300187,-158.70250949696143,17.80949963671542,99.09111331191177,-123.6338974123162,1.0
4517,-242.18028637527632,224.9211515690501,1451.1813755105884,-1446.938105161816,-157.95405432679414,14.940789015297522,105.81293004391343,-135.26647536293765,1.0
4518,-1071.6940315612128,-1986.2405902029152,-1417.777098167587,395.60665687228806,-146.97080047227874,10.37239808921295,100.18738639602553,-129.9726845245532,1.0
4519,48.83910662856788,-2198.2561424167866,-1085.5646855995371,1315.2561180615364,-150.60224696585743,18.45638644117245,109.95683170915277,-135.56035795942427,1.0
4520,-1279.4447945292186,173.39362771263,-687.5164664025749,-52.531684219587206,-155.70536538401097,7.818539069018435,102.2532276168205,-124.95690302274053,1.0
4521,-1166.186942751606,-803.4380554348393,-3483.237013381788,-1498.4241903718164,-148.9254492712191,9.501905280490469,108.56729727648994,-136.04647342579992,1.0
4522,-1813.2550781620705,-1428.9677418056444,-3215.089444797,-1498.2171287468752,-151.89925703674737,15.92509606486194,109.21325521549348,-132.26543735848966,1.0
4523,1325.1627867104112,-2731.240969105205,-1380.4201636000946,-1002.3787510180122,-152.7242058814627,18.229106734657314,103.06004374165255,-130.98574902806936,1.0
4524,-738.119893153926,723.6313673147853,1538.2662165185043,-1546.122327485652,-153.1308995437886,14.72495967093977,103.7890288846353,-123.88454812897278,1.0
4525,171.649901234659,-1640.4665140129894,1958.3920219763993,1869.3768506570943,-152.77796476424456,15.959043155767267,104.97627084146085,-133.77040497251798,1.0
4526,-1386.1496278573695,-902.5111363658025,-1014.6826230696082,671.2118148256261,-156.3132531626927,11.956806968735922,100.44130122230317,-132.47842833589584,1.0
4527,-2026.8656461016524,-218.30688770317389,-935.3476122474257,-1881.1814664411543,-158.2719305555024,18.754298836895416,98.60366153982382,-116.96658690542014,1.0
4528,-215.3321535811579,-1313.8522884326746,-293.6601096989892,-369.7705760211076,-155.18550727328065,13.54781629574747,101.91224534760154,-133.4016361196184,1.0
4529,460.2385734266212,-884.0438968571007,-121.22710499772474,-100.00627304339278,-149.68694014927985,17.393779457660354,108.90251866623707,-142.68290589319474,1.0
4530,148.75052531117214,-807.9305811361123,-681.5964182794303,54.884845910546154,-140.89131450214677,16.559854767731423,99.72081029885247,-127.66545093562188,1.0
4531,1921.3138616996462,-3063.031169442775,-1241.4277767619142,-1025.7232967356804,-151.9985846275047,18.94190779337534,100.52135347325958,-126.20430704200683,1.0
4532,-1609.1097662266743,277.2178133195724,-200.82739899238945,408.6529033251316,-148.4248722426766,21.82032412824492,102.03063266136604,-136.55134023480812,1.0
4533,-829.7055801719918,-1603.688935607809,-1963.7428688463344,-1334.4894850905355,-154.2124795441457,18.406530824895018,100.04086922783272,-119.55076620094592,1.0
4534,-307.32489256639815,99.79392738157851,-1474.891449501717,821.4728218340097,-146.98962695370986,18.448315539784222,111.37328611174594,-139.3238567049076,1.0
4535,-2134.697650375052,-242.81989706281095,-1355.0813941861284,-2363.879756639029,-155.101308554261,18.834368655129648,95.06475332229664,-117.96389941999516,1.0
4536,-2469.1670386566725,1345.966087161898,-453.21859369916945,-2505.6972709170072,-159.55230224341048,10.605916988752954,99.29551266079717,-127.26697005000904,1.0
4537,-253.63197626671678,-820.3447728063418,-705.9618627072131,511.49847596920904,-161.71971780023887,15.947372211671313,98.62611493928095,-127.30606376794842,1.0
4538,-771.7808197486471,-1464.7157653655731,-1245.8251032823132,1907.6753954073477,-150.57326294542872,15.039512545833226,112.8085779700691,-139.05475661808046,1.0
4539,-1020.1001688648449,1010.458864304712,-1518.4313111600097,723.4508788693613,-159.36763134017025,18.86685204762562,95.74723219998735,-127.25569065577903,1.0
4540,1035.14014832576,-3372.405456400036,-4210.4837344905845,2217.107637176753,-152.45092549492318,18.389595116077004,103.16968718463183,-137.45102148099812,1.0
4541,-657.1587194333048,-2551.2353214137347,-4169.133868311565,1135.4183468800502,-152.69642544306498,9.049588034421891,101.11791738337713,-128.17707561288051,1.0
4542,-1215.8452799048996,-337.7699758897347,-915.2663755634744,317.4201036893196,-158.79077046049682,10.450609944927175,94.65779380835637,-119.01386351046172,1.0
4543,-1308.068745451217,519.1020809268272,-2301.5787705035036,-730.2825117143576,-152.96570189443287,7.345526778160485,107.15449730042334,-126.99264087175436,1.0
4544,-447.45432223668405,-573.9681245920418,-1093.133964936837,-1058.0667416769897,-157.0151975105763,10.614549430530442,107.54468993235022,-134.63855831237723,1.0
4545,-2261.051412170644,1488.3246618753421,-517.478953619295,-1592.6149052827184,-166.04323557425298,12.99745567501489,96.47464353437086,-124.73758739469952,1.0
4546,-361.7838017034024,-1348.3539602725762,2260.8544321017966,1208.5125591860192,-161.48692857089148,18.71136085620495,88.17971560066262,-123.68208451226077,1.0
4547,148.1984654808674,-1002.1997103695321,116.86239187257638,-899.5938085270267,-142.0544745145384,15.94953289384842,111.60674704218764,-140.49426559828822,1.0
4548,-2561.5600527665692,783.8840346511172,-2959.6785715909996,-722.8834340136107,-152.5738373654601,20.46273380951751,100.80688974572514,-129.92970808531263,1.0
4549,-852.6496401313657,-852.0651447717063,-757.9059324099331,-637.3841881026755,-161.1827885179539,7.974414409076735,97.74107644594662,-126.08121488673112,1.0
4550,-1311.2149126653405,-411.10669785225633,-1709.4236421956484,-241.06129753246566,-148.6646735170774,10.209050915256503,97.19912152487315,-129.70504436767493,1.0
4551,-2073.5492925347376,511.0684577246103,-1975.548033915977,-659.4551304631576,-153.87706445286545,19.115685119717202,101.1962807048873,-126.12363155923711,1.0
4552,-2386.443286924348,-603.2394541049459,-3227.617174986132,-1193.333102886471,-139.5700448049948,17.72358641321953,114.54178624076019,-140.72924791768762,1.0
4553,-578.4305338551445,-944.0500850384733,-584.6734573273474,2083.2345522864575,-142.43309229593532,21.96689386885953,110.57323287457622,-136.6669088999838,1.0
4554,-962.0668463376836,-246.7268528528633,-1027.8157584384887,-852.7443820435435,-145.66028338269956,15.291412952400869,112.01653626378601,-132.48709335265136,1.0
4555,-716.3412681680409,347.24743572038057,242.27028246610362,1296.2385687160138,-148.87874058140847,15.89311934101538,110.96537839858752,-136.2931312291713,1.0
4556,-865.6347600914501,-294.40542302702545,1456.940766796242,1010.0110700587725,-138.26482071076444,20.029897067227218,113.79085885209065,-134.25138182920278,1.0
4557,-1150.2942439180083,-1864.8196433824123,-209.79840929037522,1288.6557631741957,-159.96317907854225,17.329216072370148,95.00153099392176,-123.96341331457211,1.0
4558,-590.0669549077847,-767.1202975834512,-288.82358464228525,-197.52190834839834,-154.66945990755758,14.678425044437809,92.12558833243067,-134.91389043053206,1.0
4559,-272.04468941457986,-2768.2311126060795,-1496.442309226873,767.3075583831712,-148.55023660591266,14.243147598138075,103.08720821367167,-130.9518989220767,1.0
4560,-1224.3291353174081,-532.9534658564763,-2653.6532816568697,1243.8789249894492,-151.83238452959327,13.897045234198139,104.26437404937637,-128.80784341063318,1.0
4561,0.6191911010314577,-926.2308799778949,140.84805680161938,567.2377837285553,-153.10600152938073,14.130964537220521,101.17575079132543,-117.52646820376012,1.0
4562,-1497.2890062235122,-1395.8615095094538,-837.050541828486,-24.361680640132178,-159.43787005171114,16.874464589505692,96.75522359755601,-123.76216090122455,1.0
4563,346.81156624476205,-1708.4684699661614,267.39273636360474,16.47125874105807,-149.8105866308504,19.41467682233089,97.44881208441622,-136.27704952709712,1.0
4564,-964.8575986572364,520.4746770837087,-1148.9609662525995,-54.224647595483454,-144.27110939443793,22.018036450420148,110.0149702881834,-143.42574637820792,1.0
4565,-983.1434911339588,1515.791445154306,524.2858406344086,-2106.9272984916156,-151.2633280644809,17.7964453081617,103.3201762671463,-134.65782136731437,1.0
4566,-913.694489967952,-215.21780268571734,-1551.687817387145,-447.3699518401883,-154.52474013997528,15.953708808216236,99.9981240151317,-125.87895120999748,1.0
4567,-3707.5118944769188,1662.3976627210266,-991.095085525389,-2400.573620372314,-154.0628009441487,21.042414111508123,97.09288415905307,-125.13455851667526,1.0
4568,-550.5381270820972,-15.165896890402275,2676.856588595524,2017.5217566449041,-135.82916673085944,16.825644298393662,114.92282319942902,-139.04911953225093,1.0
4569,-1285.508995347175,-1904.42408682433,-737.2626468539205,378.04098252904765,-143.29385398354123,21.54438524711732,113.51446425968282,-141.19020036798298,1.0
4570,-382.0139539311001,-1742.8388867523167,-1971.6414862429208,1074.5372404522127,-142.50157842054298,21.93262325333723,112.78368263710736,-140.63053111110216,1.0
4571,-687.7653581803545,-332.30791311017515,-66.50761313459495,807.7139198381594,-151.28886145264602,16.803611017742867,106.83087629855788,-130.79657749316922,1.0
4572,-2962.153075900018,592.1651254339245,-2051.5247028553677,-2063.726463837046,-157.45074229654435,13.313991574100841,99.55303538477432,-122.7281976028901,1.0
4573,-476.7176155667959,494.0455320985693,-989.0305675548304,985.3622872260459,-148.04892126375154,20.500503411975153,107.68739138537514,-132.35615769191404,1.0
4574,-301.701159036839,79.03420979449116,-881.8161758381051,1395.7820459425498,-161.89660857597462,13.891103495624707,98.20075584498734,-125.95101775571658,1.0
4575,-715.6123683594178,584.843504796004,-572.728736154145,641.9218699199229,-152.19592834547097,21.68172897229857,104.17904213864466,-126.76327906907981,1.0
4576,2184.1677349689558,-1989.9550899555893,1468.3310804040532,-617.7892169292718,-160.40086073623243,14.475596232781236,92.6722724036491,-116.71262998753434,1.0
4577,-888.4918234497381,511.32440824680094,-1655.6010177676183,320.5237958549159,-153.9715144978047,20.44339723444178,103.10450715109272,-128.33017355692212,1.0
4578,-927.1883871907421,-85.10695250522019,-1612.0172484108646,841.6247230566896,-156.05413299630825,12.699768467229896,105.04368653708276,-126.67925789464465,1.0
4579,-3674.6540754049893,742.0056956493104,-889.6679961726657,-1653.9413190251257,-155.07492899377334,7.708327055132614,109.8705605390526,-137.1982059605442,1.0
4580,-544.7843031118254,-2452.91562063834,53.69395312483759,1883.7471693647149,-146.33192291382383,22.438569109060076,116.26936174303606,-139.81169879932492,1.0
4581,-990.3582424299925,-275.73772653043915,-1288.6139081841623,-310.3986881355861,-153.8255782895019,13.60445113764731,109.91734084343295,-125.46573230132876,1.0
4582,-903.0225226847721,-862.9478061620047,-793.3953361811144,-1129.120423849442,-159.75256264964935,11.444838851312422,88.95897010458562,-119.50738316744467,1.0
4583,-1162.9852745008732,-808.7829005011466,-402.68167553452435,-1001.1116725645346,-146.36222581610144,15.486443170445641,107.27041523952344,-132.19680285069055,1.0
4584,-1206.3471922313406,-1112.1830075980338,-2953.4014196808125,-19.417825340355865,-164.2705577206172,13.130802541214933,102.39922027579821,-127.31307475186618,1.0
4585,-1055.5673514497557,-386.22179536648355,-2311.1045857270165,192.5679136148819,-152.88161862783906,16.668600782931936,97.2153432354529,-127.82795102992466,1.0
4586,-1726.6483980901066,124.30318414450623,1814.718357197246,-888.6098377967866,-155.8457884578138,15.456272323407504,102.22765896480453,-133.23356528255232,1.0
4587,-651.5852624161175,-70.96526951155225,-861.6464306102672,-280.434252027528,-152.05258136503426,22.367832737084093,103.1026570220499,-129.83401364192883,1.0
4588,-567.7687890891327,-1604.1372071604512,615.3732282982635,1608.8639512005975,-156.8220798860002,14.955277854199172,91.30416066666635,-126.27136779283015,1.0
4589,-656.3362973025187,321.7544983779218,-1101.8485526762477,843.872419733522,-146.59714323448054,16.800734101242124,104.84238584990158,-130.16986070265807,1.0
4590,1232.7353930605732,-2177.3143249456393,-304.93020866137323,-136.62787777030502,-146.33819994873755,21.616449516178537,118.03386519897356,-133.99957208056182,1.0
4591,-1010.8113606738497,-320.00999349671343,-1171.4374480226745,-1456.4028346764856,-154.56700074574542,16.319225330727058,103.28240288770782,-138.0950563032674,1.0
4592,-1163.4579947295576,-969.6099261566775,-1027.8948843264582,1101.4943264985286,-143.7470335825216,19.25459426032886,109.04940034006522,-137.09538933168184,1.0
4593,-126.90669131389008,506.5497210904892,334.5247674393896,163.92920416641587,-146.14377356860996,16.47417477230556,104.03398660816251,-128.3196909420379,1.0
4594,-1118.9558781716482,-1404.922114980045,-2563.481193254695,114.76245823606833,-141.7929372360428,20.237032782191378,114.29063750334879,-136.7299534229397,1.0
4595,-639.5315773591321,-196.33519678215814,-981.7122176057088,-110.13079394014798,-155.41997630675485,16.71834107392665,102.84289532210872,-129.78729381894195,1.0
4596,-632.7555868233268,-721.5049476240858,-393.09066187374077,1383.5496063713342,-149.05626887768517,22.95792983165346,106.36731751436763,-132.83297960884522,1.0
4597,-1624.4328510558466,-427.69909381340136,-2047.6069919112058,-882.694530976829,-150.80888069023447,15.762437678610283,105.64211691636567,-131.15660392121814,1.0
4598,-696.9178750410179,-2625.9610468946294,-3041.3372847160736,-490.132707064707,-146.5375692239772,17.787375391032796,107.55276217886494,-127.62376106119304,1.0
4599,2435.6051187678713,-3091.3166113106927,547.0816579104276,-1040.6586208474232,-154.30225292987137,18.075280809754997,102.41899548607837,-133.51414049958328,1.0
4600,-1042.5730968886087,-446.86514108024187,-757.7693562725383,617.8313232882489,-152.10413327612648,20.15890226248039,95.93196270389149,-129.33621729085627,1.0
4601,-574.9224671807058,-671.0112110103738,-2953.331548979412,148.58192418230695,-143.07539425586208,15.425519683777285,106.9393496480428,-138.82728746313043,1.0
4602,-2545.202976794597,252.0718303759438,-293.72581141328027,-279.7542560905753,-146.6147676928795,20.5208863044109,109.22550240600744,-136.20783133454427,1.0
4603,-320.96860045638033,-1215.1726745381022,627.7973166731322,988.7171840042669,-151.64102682727795,12.658628731015058,104.95050923968594,-134.42228525406813,1.0
4604,272.69671417063523,-1647.6747234832733,-414.59578433137,-96.07320898652998,-149.81750894535085,12.338511154291298,101.3862052805716,-125.68871787368184,1.0
4605,-1049.0297962967295,-998.8093768728236,-1237.6723097553393,-102.97212755955465,-159.38732810394157,14.064953143462448,95.42950864229715,-131.32132580243322,1.0
4606,-1158.4577521539925,-1863.0254571354742,-1072.7744406915092,1628.5767853160492,-147.72951085719168,11.450711176808614,100.8804538366087,-127.2189052741892,1.0
4607,-451.5969048721193,-181.22556247276165,1714.097325656377,522.6642742156292,-159.997021602894,9.24581396206222,101.19357023596507,-124.36396770401257,1.0
4608,-1464.284848172597,-154.41070645128875,-1926.2623700982906,-1590.452060921251,-151.33289834593037,16.755091102205945,107.39052714082527,-142.8912689008702,1.0
4609,-1070.7849510756932,-1360.0291666203277,793.8300267584236,1124.6735458390453,-157.8813308055177,14.09745885949457,98.66328097101567,-140.3930840729478,1.0
4610,-95.70719988652672,-1970.2651688755143,-1029.0993946615074,-184.60298434947637,-156.29035977942334,20.465344123619772,104.7981085776013,-130.5788486785981,1.0
4611,-697.6416150926494,-710.6632396685244,-753.7576275695241,-953.9034850752986,-147.76666767588515,15.865698343848333,98.3230288878021,-129.07380387327984,1.0
4612,-1347.3063660167704,-152.28177285888162,-2651.9627820272126,299.5697217153484,-150.95772269945078,10.715693365793385,105.19702704584226,-130.81734741413885,1.0
4613,-861.052873491081,-1661.7450735721338,-481.3301055391898,342.5173035737375,-141.2514274154454,19.304175865511716,110.18554705182062,-132.70337347059808,1.0
4614,-3208.1929557671965,1312.0760437206616,-2315.3784914985144,-1203.366062914064,-158.324304048252,9.538192990053709,95.66448802827509,-127.38382114572859,1.0
4615,-1964.2092051325333,-2451.0071914950913,-3142.8679679468123,-510.98894732993654,-143.46073553969313,15.574970979622671,113.70350846822824,-142.12528344028036,1.0
4616,-473.52705993220764,-2671.6161593297784,1131.6148068899279,1918.0886793460188,-143.85302953288934,18.61674169564834,111.79489268531482,-146.2579412785112,1.0
4617,-1701.2551551529618,1685.172230639527,1465.0939582384544,-1254.4035391298798,-151.68859208184995,13.586897191861661,93.8645382580006,-131.0277553166867,1.0
4618,-707.5164791704946,741.5050455649366,-2496.515841395319,157.66752395167367,-150.08094055867826,19.792880355427542,108.33489025654805,-129.96438079254963,1.0
4619,-913.0039565004909,-623.7920794190744,-954.1964252758988,-735.1859357734592,-149.3164240515441,13.669694678481745,101.88720699317861,-137.91769513722707,1.0
4620,-1679.6817873348384,-485.2823716915487,-1033.3108877303073,-67.37450941425601,-152.6651443904132,15.109869624589066,103.48465748491162,-132.13881978347817,1.0
4621,-845.5188657301685,-2451.4629604738598,1347.9875679171357,2279.734834902853,-157.6353448271295,10.45102310580161,100.81893903424779,-134.37156676243822,1.0
4622,-1028.5635716486522,-243.87943364593113,-181.38623329385877,-443.70842278922845,-149.80475195333165,16.277763213935188,109.25541953675373,-136.0153221042787,1.0
4623,-543.2917508175512,-1520.8683591314411,-1090.0144842562197,2320.776118895305,-155.35282121550557,13.456323381151,103.49838758021971,-129.5827684392874,1.0
4624,-2472.620492539875,590.3246049536617,-1634.0853594125194,-1620.6485952056005,-156.7764005004449,14.36443696961905,97.94211335742104,-125.65988824506368,1.0
4625,-1.19107146823354,-720.5446468594398,763.6592856187726,-500.08867296909983,-158.50730660932453,18.49026805285041,108.4203652746659,-135.14668583672199,1.0
4626,-1287.3437347637994,-1280.620679859987,-2312.003402399607,470.26519034454907,-146.20626439395878,16.500054815311536,110.17346924439113,-133.97290397737493,1.0
4627,-1342.8494465546617,-866.806253619207,-1377.6692988312059,439.50390861646883,-159.68122793943448,10.994553954165692,101.01991862180228,-132.16041589523132,1.0
4628,-1666.2669762402438,-630.9381491768394,-472.1491587030668,-1864.28322582435,-153.92271104819716,11.391682029193305,102.00494802646777,-130.13767985138296,1.0
4629,-1713.0939861136612,-16.347196611003156,-1368.738665471426,-1126.8360453814767,-153.33103397221547,14.622227936013779,98.62482112733592,-120.46992770944632,1.0
4630,-1119.0088059274472,-243.11382175323303,-187.384560406605,-1229.649464103895,-153.80900482140888,21.450446911392465,100.228578342957,-125.77140408610832,1.0
4631,-1537.509179833358,101.29899093209863,-1272.6679583678665,1817.2355186401123,-155.06847768669334,12.337384316187887,96.58716265635003,-129.76588430332242,1.0
4632,1216.4126666627603,-3055.698740620761,-911.7886885591854,-1172.1412215916391,-148.4811993356835,12.37424558194268,106.7807359701944,-144.9631126129517,1.0
4633,-1445.40084993102,-1310.3476956018394,-21.913923623971275,2012.0100384213154,-147.53146454526825,13.282151770398299,102.78936337450935,-130.64203742968687,1.0
4634,-386.5691202171913,251.23011043505238,-710.6781813644694,580.5378978549437,-154.5766772865193,14.84185581252078,103.81421178215514,-125.98221041946238,1.0
4635,286.56278159211934,-2561.9636289468067,-638.4499541776955,-871.6258163519694,-152.86994615394138,17.526665975704056,100.07038194825753,-129.12423978067937,1.0
4636,-1578.3096430347498,-792.8759593377648,-1346.0664657946004,1186.6781124021109,-147.54015462559263,14.992648707052615,105.14518933802663,-140.9680139800969,1.0
4637,2043.9704405643174,-1042.4504029503166,-1739.0080625897272,-689.6182060560775,-153.6292355354601,18.284035948297504,105.664583462803,-132.8949995794013,1.0
4638,53.93123022516263,-1362.0581462363893,-106.80266168176402,2082.2619640887488,-160.22136164080243,11.100348113778448,94.1371755744498,-119.69578211517242,1.0
4639,-1247.257472322136,125.89253391757845,-75.98310936459636,168.97749778923503,-153.27753003473742,15.855354380446808,109.58628268880278,-132.4942690988793,1.0
4640,519.4890701924803,-1331.7829207074444,86.78066922478746,-924.2617770791936,-151.10204892249442,14.71724904169381,108.2617886329828,-137.86854237028774,1.0
4641,-741.2830795542534,-1254.9992418738377,-2255.5663935540792,-1120.8419971757382,-150.98012711526096,13.364211053360782,114.55384174349558,-147.2975280619207,1.0
4642,-278.5384811444063,-2534.3744924276316,-536.7352646126938,987.1254889128562,-153.25671818740238,10.877846733393628,100.4527932329546,-136.26659588316846,1.0
4643,-473.5884126505436,-1265.5700128591475,-159.34410183337127,2189.0974758348116,-162.7839588587068,17.11246247475831,100.51572312160954,-128.37053480548053,1.0
4644,-1410.5217891449454,36.5620631890536,-536.9062754618366,-241.46691591608354,-150.69012138567732,20.742125744195626,103.90845221268998,-135.6729720216348,1.0
4645,-2663.6457998993983,476.5155603841686,-406.7960988881122,-881.8043884546559,-153.19152426281326,12.435115319216703,107.81957051346103,-129.94395334480126,1.0
4646,8.616049168523244,-389.8560079177171,809.2487965908954,-650.0837173278398,-149.5794762407622,18.13039540915392,106.17175177969973,-135.5757516314762,1.0
4647,215.7202346187385,-566.8691031061221,350.91280001100347,728.18392097977,-150.9432871777979,12.738867485389113,99.23677699432604,-119.2866287510871,1.0
4648,-1427.7138464247093,-1598.0339260479102,-874.4230336588867,902.5058944940497,-140.42608764621366,18.536730059002707,111.70479518133172,-142.2794175242979,1.0
4649,-2400.051407915943,463.7885534339014,-181.19760977685192,-1579.5950335848463,-155.85732086553244,15.813777752553358,103.63168024818906,-129.32931874080856,1.0
4650,-1366.2058489322783,-927.0654174799407,-920.0034585131596,-506.8661332332828,-146.56127123646067,12.865797624101743,98.07916675122064,-127.01483124480922,1.0
4651,-2231.569956445377,-164.42896532843855,-2370.2803319956142,-1374.5520662524632,-154.5051293374274,17.421961399958896,107.15635068311593,-132.12427062752337,1.0
4652,-669.6850580275427,-549.7111565237481,-1485.7692684938281,629.9914338253583,-151.73051496651573,15.908906432011426,108.59116565704234,-130.2066984586599,1.0
4653,-176.53099488168155,349.7028861945992,208.68304204750478,1384.357135629134,-148.52013057117574,22.90513613922833,100.00096411159397,-134.79835620233834,1.0
4654,-1054.8217058227938,-44.61267281024291,-1109.4089631491754,-363.55326508788454,-151.61228215235118,19.050153900332422,100.36426382436765,-124.23292341400177,1.0
4655,-3751.0597923847336,525.3453846360569,-2325.31498207498,-1963.2365506915414,-151.56070538057725,12.992424586038066,101.05444352956002,-131.64225094881706,1.0
4656,1221.4739470877555,-1922.7117044744878,-795.8286360260098,-201.28995707400438,-148.74189372403876,18.003375379227563,104.49101478884295,-135.87715167960926,1.0
4657,-1169.2152836002406,-1208.4988748674725,-1709.6634001640648,899.2063299962394,-150.7368812267519,15.662959562771542,99.82577411674428,-129.48689731407384,1.0
4658,-536.3241475735801,213.6341174108804,1959.0071050968781,52.96713134922687,-151.25054656495018,18.46908009750191,107.4606784967957,-135.5251142578887,1.0
4659,-398.3519052072677,-868.7250165622457,-702.1281336892704,1701.1119352047633,-153.56269715516768,15.354442796705703,105.80388872311464,-131.48771131667615,1.0
4660,1098.4754895842304,-1975.330530245683,-1038.7333775039058,495.00810500356465,-144.09215736937907,23.070335915278218,114.42510356737183,-144.54390692060105,1.0
4661,-424.10735197272186,-1205.5193986401862,-1434.4188419229888,2288.9928029669686,-147.01218734965337,21.721331680949408,104.57428926041023,-136.51319419060488,1.0
4662,-1175.6835233739716,-709.9043314494287,-794.046311312422,971.3440965505923,-151.42006627844847,11.003742014271532,102.4715473637496,-125.48224224148561,1.0
4663,-840.3760278775637,-1321.724957070387,-1476.4685687491474,833.0648707925794,-153.02117998729275,12.807302508636269,102.76787659474746,-122.93966871694553,1.0
4664,-445.81886430776217,-770.5876780695299,-1885.123087011233,-213.05820341559146,-150.39143908773147,17.665991213116207,96.7007815872246,-124.30755757932636,1.0
4665,-1393.8828795068657,-547.1817307603458,-2096.9612788135914,-1588.3867158395967,-161.98697478611436,12.406816237948885,91.33728843453352,-117.52080054878192,1.0
4666,-2557.9525707026787,-1242.4884091235945,-2017.2587463628395,158.70277037622083,-145.49003260340783,17.116389479392165,108.7676788804599,-135.04053829137797,1.0
4667,381.4476699458766,-107.85075407030502,-772.1250450628372,729.4401276529659,-151.35812454311016,16.833303298678967,109.76263233763636,-123.83995769676707,1.0
4668,-1296.911533287432,11.590098630903833,-640.7881461116926,-1358.5544504437528,-143.94487228921287,17.731562113992887,108.1384532819951,-137.25385546297403,1.0
4669,-1748.1045153009113,-1440.8546884615914,-3816.504780299722,98.80184170737579,-149.29016138541294,13.447752699717382,93.36880203829855,-127.05964444616137,1.0
4670,-333.5894326116012,-1722.223364652492,-1172.2519336551798,-1335.2980457246556,-144.6231457551077,18.610587824803243,106.75316593012356,-134.2003561521854,1.0
4671,-552.4839838358263,-1429.3215849887515,-226.58245006258048,1910.486915427659,-153.821031841284,10.458601934425378,95.75174987367687,-127.54591212507852,1.0
4672,-145.58189169497396,-1619.0517777629416,-388.5557988333944,205.21765528614145,-146.47395302870905,18.759596222593206,110.16139618892534,-139.80814089485597,1.0
4673,-695.3603207344952,-1037.4500445796104,184.20153280071835,836.0203955567706,-147.77877974710594,16.141300781801945,106.74979116477968,-133.09758205016743,1.0
4674,-635.0902248821715,363.3565005077445,-890.7566692365643,917.8240362667591,-149.6800063355111,15.774793239985788,105.12989722382987,-121.00447640043107,1.0
4675,18.685222643525524,-1427.4459316551363,-1455.7014361843148,-310.6345470513092,-152.6526973583078,14.665975624955763,107.95944836957074,-129.1243468077849,1.0
4676,-1390.018790339146,918.7530048123178,-532.8563465752824,-1981.7144777430512,-153.00328867376962,11.448647256058742,97.44934192462561,-122.00930625722526,1.0
4677,-1092.744334775587,122.38183213330525,-263.063923112606,842.9714439010968,-150.94808157512327,20.97528130422246,104.02329189769745,-131.4296347587144,1.0
4678,-1079.2386751063534,-1121.1280412025321,-481.65461940785735,1209.8951096353742,-158.1503393190409,18.721317594021443,107.3369630985346,-133.25281210252186,1.0
4679,-118.21494966598272,-1801.1632063888812,-362.59365400917864,2619.1031421536914,-152.04298520791173,12.1818523975425,103.32906370417551,-132.73828626224756,1.0
4680,-857.4195079420704,-803.23369027966,-674.0591022535793,821.704645221545,-154.05277173328702,21.790276537866504,111.77494381275955,-135.03071751944094,1.0
4681,-1483.8334191920246,-324.64345705166465,-2046.1917621597283,618.1749687964791,-163.3823146893592,11.233410850598709,92.49829153341197,-120.3406277346849,1.0
4682,-1676.8498099297606,79.47857078051175,-2664.658524723155,-228.66361010096807,-152.11721661602658,21.13357364357229,103.35223965686005,-129.99661122542196,1.0
4683,-1424.6349436885384,517.0325795112418,-1159.7357258000466,840.7961352294392,-150.61950729113926,16.0927034078989,98.058459834471,-131.48323079980992,1.0
4684,689.5141968575581,-1466.3787728826812,-146.20159969109613,-875.4894479741711,-148.46092429436078,17.21868285414949,102.46382164761224,-130.97112016944234,1.0
4685,-769.449983880023,-58.265652058798665,-1391.1435813210796,-18.99345231899109,-149.6363949532782,13.26318878172214,112.81037358520516,-135.42910245577787,1.0
4686,-715.6822625468038,-1312.265970352037,-1373.803860864862,537.1210791416513,-151.77671432044068,15.536853502189883,106.71678663479781,-137.25961354320134,1.0
4687,-287.7135605102158,-1882.8250603787587,1096.1642065605577,1780.230533346537,-155.49163428623217,14.316399843065877,104.92505529369973,-131.38395673177817,1.0
4688,-881.9225004788552,-1431.133933890138,-1641.7009132919213,201.14421673324543,-150.77496236185888,15.730730934463441,101.69521081688193,-139.512888655428,1.0
4689,258.1860404786223,-2030.5968832127228,-191.6567685058932,-961.8210917019084,-152.27849737523596,19.550849687725293,101.83933250794246,-132.85852914116433,1.0
4690,-3.837760539871138,-1533.8465772860927,-3036.523107994921,-51.66001983616552,-139.28582802582667,21.443766279402674,109.37577617843607,-134.67862604256246,1.0
4691,-649.5534874648979,-1740.602055057231,-579.4106401694327,1477.8355984426169,-151.50562274512208,18.623425525229482,102.4407728896979,-128.01829714461073,1.0
4692,-1612.3569048148893,-180.833616166301,-365.2265209014736,-1202.6813942203528,-157.67777816835317,11.922284364542074,101.72249396991778,-136.26841317453287,1.0
4693,-1042.0097248579232,-672.1247891875048,-778.8996914948121,400.62559894952255,-143.58629959541997,19.540461318427536,112.69333235520648,-140.42327928349533,1.0
4694,-691.4767691573351,-666.9547447439877,-270.31619854977413,-211.5376980403128,-148.83187279087628,16.751321124501878,107.20652754092677,-131.50429194118425,1.0
4695,-1464.3728928678152,-1920.3832489057102,-223.05702809420302,-1004.0922145177125,-160.15351433622658,12.613161184657098,99.47200187512992,-118.38797498079812,1.0
4696,-2589.7832877998317,-745.5805591347569,-2683.2476768459233,-1305.505927064635,-157.98472259773402,20.231941043307362,102.48000644937257,-127.65669052332854,1.0
4697,640.5867428607586,-1813.323953348854,-16.919684031144556,133.82597351897354,-159.9166106290862,17.07193361086505,99.55720111663271,-126.73849951977272,1.0
4698,-417.95924818711427,-1419.7024761267535,-2554.542181908095,492.03822476683985,-160.64981772882055,18.356530142164484,100.18326743602059,-126.5132034587224,1.0
4699,517.7305681867634,-1984.3215384731661,98.38269592535708,-798.2339672830626,-151.41206825979188,14.224694920177482,109.97756355252986,-134.21223750056785,1.0
4700,238.3178544608439,-175.78856505923736,1487.321754492413,1412.668889624953,-158.53000482799132,11.66730582327708,95.9351374188736,-123.01722042374591,1.0
4701,-1271.915433579243,1152.8137304101383,315.89201401964806,1110.3664328238501,-151.45511427061479,16.218446521862347,99.54693327066457,-124.5652356631258,1.0
4702,-1179.1244267063946,-1348.1282611861445,70.36191749490877,1475.2595137224525,-143.78418745707765,13.229739796146216,118.10334043077036,-135.67274928165563,1.0
4703,-721.7570373752243,-874.6668619423383,-964.3611224716218,553.0827601055493,-147.3742493857301,16.856441905611383,102.11838898003566,-127.05330423980746,1.0
4704,-335.89680069411946,-1871.1493517121683,1776.2042554050743,2038.0023091773135,-157.71084931022912,14.602561695057442,101.72006284934189,-122.24763687860404,1.0
4705,-251.8606665905035,-984.9709368061374,-1175.9141034433903,547.5395518065652,-145.76464566167132,18.563388643601154,104.30275036763172,-130.578286727352,1.0
4706,-547.4836890507022,-827.324308804909,-538.9470861866599,487.54179848888595,-160.26868819866013,18.619256918458937,101.53126502778173,-121.27800469535555,1.0
4707,-1469.470434270652,-2329.1642903874886,-2930.0222285716914,1159.505641027879,-151.41577283224325,17.263433412781133,107.39919665730123,-138.46771126726378,1.0
4708,-449.6372673839255,-564.4522876275227,-1674.429148397916,1304.843055220927,-156.3490155896889,15.838877453188614,97.47236418703635,-124.54821842083287,1.0
4709,662.4221172811885,-2014.5425418353045,-1021.2311387469607,-177.83103106424292,-141.87769441069983,15.731922031896103,112.41865265429263,-143.96895172192404,1.0
4710,-720.2341480447704,-383.11853714999904,-1376.3750084544456,1118.7689537633219,-148.37624269424893,13.994208997818184,105.08752689355218,-134.80429864508216,1.0
4711,-1540.8189407472537,-812.7789662349455,-820.0241029142404,-714.622536741278,-158.1425547215066,17.097629792793818,93.51795173784365,-121.52849416360591,1.0
4712,1885.8009815637415,-1642.7904433980984,-956.2314089097441,-1199.209003470003,-154.68107356419588,13.281332610994024,108.26752604767246,-127.87174907140393,1.0
4713,-224.45006433457615,-482.6682105357626,-482.28833889176093,177.81068461038697,-157.1468724091437,16.214794873308282,98.75913381503752,-127.91725171790439,1.0
4714,-248.4123248962653,-2287.5756972313884,-1584.873208416518,-45.08238508302584,-149.90053673914653,17.928942594945873,95.49514932999894,-125.64208410162439,1.0
4715,866.1671902160751,-2347.395111854744,-1070.5754955902353,-388.7506768131989,-153.67027747534217,15.912579593520622,104.25682789744704,-120.07806331398749,1.0
4716,-435.82797660589085,-1168.0633687044965,-121.4883277186977,1011.4347511688903,-155.21572890312623,12.485118634149307,100.72001603803808,-130.55259065851448,1.0
4717,-1779.5855395192687,-961.9431495000529,-178.59459921709987,1413.249574328332,-158.90672318624658,13.426370963844539,98.51378172360431,-113.92767626756651,1.0
4718,-615.4043848927421,-1058.3756972304686,-1412.006866213681,344.9538898074221,-158.1098735908295,12.138523201218142,97.84471082387383,-132.36621470797832,1.0
4719,-780.850344711147,292.1561991067625,571.296700639311,254.64262771147955,-149.46282638265757,16.754759207563932,102.58088872694333,-129.36320202844317,1.0
4720,-1229.980929607293,-618.9992353150043,-2279.014406309814,-175.61368028448663,-144.48320451887133,21.26132987091866,114.04567106773888,-134.09708155945518,1.0
4721,-1755.6791733909515,59.02870645918007,-1112.4590162362242,-1918.3656046970648,-153.41517332293395,12.509932375332468,107.63674180007077,-132.6645212986657,1.0
4722,-1522.3230993291045,-843.3783333771557,-1818.820495069797,403.1849582149831,-152.82683267937293,13.18953812826734,101.62710744669315,-132.75511453131364,1.0
4723,-1445.3165012439556,-1289.0252042100778,-1424.3585021621273,-243.06630145961142,-135.464845753595,21.7331642543771,118.45923911085586,-147.93844636957047,1.0
4724,-936.0511235587913,-574.9526589919518,-659.6553525239418,-2084.6155037982517,-155.46762976181247,13.552261383933235,103.02653720383753,-128.48459306575987,1.0
4725,-232.2898585454907,-1814.445061999439,-2280.392707115999,590.9574171643471,-148.44029882503986,20.120899696813062,110.9607109301373,-133.23621798535606,1.0
4726,235.40208286859988,-2583.9332768451577,-923.2409739313433,91.34743826148292,-148.12572879320726,13.733616027460489,107.48548143591411,-138.04707482371788,1.0
4727,-2470.1527979279235,1108.7675114431697,190.75969789141925,-1364.354506852533,-157.77447034461636,17.805094322146623,103.00302303788375,-136.15728995363276,1.0
4728,-1603.7385991024994,597.8120321699561,-1503.1066617973268,272.2601324413866,-157.19254232227487,15.442912942439799,99.16661592500361,-127.33642420179385,1.0
4729,-4120.55243211602,1583.5638134931278,-2662.6857364277294,-664.2546357231929,-149.87285226629007,14.776542521356943,96.01245295572387,-121.71820782856167,1.0
4730,-278.11218444104094,-941.0785637273693,-1378.624032853859,1599.9351848331628,-148.90027306656918,16.71537748438687,103.81606844757707,-130.3922114902666,1.0
4731,-942.1629969722478,-3174.418046387741,-1265.462933990551,517.1706674055912,-150.45845665427248,19.65157741172375,106.81025506908593,-133.0966988107984,1.0
4732,685.1742385855082,26.958830624394714,-306.74166692229903,-216.87567467326568,-153.1143568883099,10.813706850825064,99.76341616650998,-134.86278673892963,1.0
4733,650.0228474292994,-1741.1205095884486,163.06847570063934,361.283757694197,-148.58132944158095,20.612384530266013,100.87367922071493,-125.50184681663946,1.0
4734,-2074.3033099361014,-1559.2805515993368,-1108.5317450741923,-813.7762246394968,-151.83850438975563,16.309813618295706,97.83564378635356,-125.15760633634996,1.0
4735,-436.9468314756277,-461.4629174022679,-2781.7483707683773,31.356981689207707,-149.1467717669394,16.738453446190366,105.88222048435746,-129.12235455901214,1.0
4736,-39.70449175582018,-1305.7888613969328,-486.19768152790004,696.2222481078044,-155.21900687895504,8.969996070662479,101.67551148284896,-134.65874613999588,1.0
4737,-175.1793000299838,-1003.0517824222974,-2509.0600984507255,198.78542028922783,-150.57096962857653,12.476435742265624,107.03658068513003,-132.9906772844935,1.0
4738,-973.9655634305518,-1520.0849385410902,-472.03382385702406,609.5154094570241,-147.4873350606929,18.68993121333824,112.76818605868351,-141.22360545156025,1.0
4739,-1437.7116373453978,-687.7487681830067,-2039.2532645016101,-840.5289715305506,-158.31425279165276,12.921225384783254,98.38342012646214,-125.93074662334286,1.0
4740,-707.5859262804862,-649.2050314325077,-501.0468203237156,247.0449459115478,-152.7875579618729,13.228256436862864,105.51783802612053,-140.29116469614863,1.0
4741,542.3873431097754,-1693.1735818997468,-1731.2542306736339,-168.45885626313088,-153.07802321779607,13.706886683338368,103.8963011247264,-129.67793616703526,1.0
4742,-1141.7883693975152,-150.14720019311642,-413.0834828244405,215.5168597585336,-140.84307809220556,19.25352222228355,114.97163752019233,-133.65259549743928,1.0
4743,-2012.0159895554611,202.3980757690028,-741.1985321560614,-589.8164880169252,-148.73953519435312,16.99000980038335,110.70278322777608,-141.0455171953339,1.0
4744,-190.93800620303995,150.59344289062483,-903.8566938827801,265.5531614214744,-160.26430560765306,19.915205374976903,92.97495004322542,-118.77494530719899,1.0
4745,-973.7835144435244,-1471.7997487788641,-1910.0889141717917,-600.0902933384497,-139.775992538887,15.231503548782538,107.75139904754295,-136.44824629032104,1.0
4746,-3195.807250847067,1393.248276669375,786.3072928026209,-1415.1136413540876,-153.38109436321054,13.073049987554258,97.16424395985612,-130.399115091979,1.0
4747,-1008.4202560509535,-1374.2960379219642,-2712.388656069874,1560.8158083988424,-158.32074872810998,13.850880045610465,100.10204750138047,-128.43230993024096,1.0
4748,-831.1407076253095,-1183.1350969293233,329.4673479620788,978.9088652020006,-154.35927788002363,18.19824398361373,99.9211416065264,-124.77515525956113,1.0
4749,-664.5929614716273,-2106.195545768902,-1350.3608087003993,-83.67885669180262,-150.08462958520707,16.414397211570456,112.53501146254334,-147.4355638308966,1.0
4750,748.5924278978351,-2218.954400569288,378.4837791457565,358.02068404363376,-155.51560964692138,15.94352049645011,91.33507589530467,-121.46114167708654,1.0
4751,-1925.8709745917429,744.5973431424926,258.63748925139106,-971.2383433319471,-143.02567927367207,8.861427037840476,111.52130788331438,-145.2820096742258,1.0
4752,-2792.895462388296,-354.93771858160886,-1923.0309819597542,422.772113404996,-138.6116765085068,17.414525399704964,119.03610722615431,-137.3530352416224,1.0
4753,-203.65088970694214,-1215.1556320310153,-990.0559311592095,957.4704081250263,-145.3156604576523,20.091713090830545,108.07140959463969,-139.73422233457205,1.0
4754,-833.5114179105171,-2085.411364110621,-2632.210132129982,-815.1402525264823,-146.02044133530694,20.719135374532563,108.47319800205233,-134.3804598284716,1.0
4755,-965.1498589868963,-2526.0824524901404,850.231047486967,1953.828520608544,-160.7119021757761,20.664909880900453,98.43468418905263,-127.33669856894592,1.0
4756,-598.6324800664537,-684.6780259012136,-1533.980452480738,-641.5896514753443,-148.17264005878056,17.2287962729145,111.12397512536704,-131.8760184410927,1.0
4757,-910.2274165081375,-533.658939844017,808.3952605097506,-669.5267790313919,-154.78958248244962,13.444614957363026,105.4092444530118,-128.57160864546375,1.0
4758,-211.54358591512917,-325.23602435906133,960.2379840623286,566.0135364846858,-152.9369812925474,10.818101570653285,105.2846703946841,-130.07494204729608,1.0
4759,-713.2409762230847,1197.4233127495563,1738.33853865006,-352.34705850735867,-154.12056764899893,19.65064284457872,102.6576375165185,-127.62872790378584,1.0
4760,-406.44243620227155,1616.1551294837448,-53.27426628523985,-51.93312497440542,-146.65129231179597,10.526827313452339,110.36052069762108,-136.41488027103998,1.0
4761,-466.6094109932574,-1100.2982801148248,-437.79971847141434,1543.9817754338499,-151.91603771729206,14.049656723768914,103.75385068620933,-131.69283509927016,1.0
4762,1225.0056060109812,-2352.2996185882967,-1151.4259791812242,-366.86274360947147,-163.3541403815412,12.198440592667607,93.83240393191122,-120.27571580308886,1.0
4763,-657.0603978046394,-918.6087431639945,-1108.1070826383866,687.3349333274725,-153.380783886448,14.917854252324044,105.93626646631311,-126.45643551997662,1.0
4764,-1878.0211834215247,341.6527667627386,-1179.2152129632514,-1815.9936350499559,-144.78431840615227,16.168584462862963,120.37628794474884,-140.63103143882955,1.0
4765,-1000.7463886230009,740.9598932146915,-2403.021419025471,109.96725680875555,-147.37926908797348,16.3189121297545,114.76943036305818,-145.22157342108272,1.0
4766,-483.07460518542064,513.9213676503786,-223.58574859779728,-174.3141317132191,-150.3590801662373,15.465876219609349,116.72369108273563,-137.9104934891231,1.0
4767,-996.85812706946,-435.0944966625125,537.1344529839133,622.4797499958696,-151.3428370828572,10.462748685381296,103.39799154198565,-131.2933491035499,1.0
4768,-1204.6588339648674,-216.94083887481756,-858.9415607659594,-1597.973466267709,-152.40275257765296,14.17591789060132,102.26056127419722,-131.14594448492176,1.0
4769,-250.6977388903401,-913.0812097654216,-868.9084031297723,-160.898522508355,-139.43412308171781,20.456119780141314,107.35390796105415,-141.2655350784865,1.0
4770,-955.7350906411584,-806.1410623617363,-1816.4343428786844,335.83823148156847,-148.33030227840243,19.9168276337807,109.72478681593373,-139.4941990242023,1.0
4771,-2441.975384923772,952.139212370089,-918.3802655346585,-2703.5145013914284,-147.8452983589577,16.867829533834563,102.81561867064728,-137.44623936552077,1.0
4772,-232.7666433460044,-1585.344275508022,874.5364996946686,1866.249355301443,-151.1119824877509,22.899793014309637,106.29856318895492,-126.66896970925171,1.0
4773,-378.9787285906888,-675.6732905214478,-356.5100788386357,1882.7230446679152,-148.5798830169826,18.470659670337852,114.85257121565812,-139.58558279338817,1.0
4774,300.5724316675539,21.3833944479485,1319.8132388210227,2888.118918792185,-153.13659435078355,15.555648768249839,103.39072509091547,-126.58111472437778,1.0
4775,-2674.1249450474697,-153.03032163080752,-1398.0256960311792,-1249.1084056598806,-156.3982908278847,8.86854333665232,93.97999774726148,-115.91821807341938,1.0
4776,3021.48723246013,-5116.487416428895,-2609.414406145909,-10.012987266754592,-154.16847046037327,14.367905695875754,101.92875154586898,-131.05795757176568,1.0
4777,-1052.0249303323776,-2430.1186182176534,-2013.403291443234,372.47697651255606,-161.2424365739322,16.500356790838506,95.20305358256113,-130.43910107854853,1.0
4778,-376.8202544829811,-2415.3481218577563,-426.321259948077,2617.0414076314137,-144.9383343053511,13.551902117793786,97.5106741259524,-131.5779538555831,1.0
4779,767.0220069252956,-2586.904544433095,-1702.3490383551405,-2059.115172432984,-143.1181746689043,26.532389413388007,111.89849465007825,-135.72154122024583,1.0
4780,-1278.320175248595,-1251.5723616590426,877.5404780558114,1530.8445523621306,-158.0062313575201,17.032535239191553,94.6665088456963,-117.64308913766945,1.0
4781,-1612.0311325656771,-1307.346164699648,1791.958652728809,1647.3981442377344,-153.909445807803,17.85048422418336,105.20837190337944,-131.00416143984702,1.0
4782,-1043.537438187106,-959.5233589171419,-1177.4140892862924,-1942.2248897817117,-147.65370969675828,14.086829716597174,102.46805921578995,-131.63441146814833,1.0
4783,-2428.553029912903,-221.1434882189022,-2031.012192713258,-164.93296527359402,-152.27755618836204,11.368482466101952,109.00656850024103,-136.78407664071864,1.0
4784,-3311.966217754558,210.7451024898021,-687.1651645412866,-1324.5173459631494,-152.48391746314059,13.326766988395915,104.61420958985069,-134.45731667205482,1.0
4785,-1688.8238253460297,-1072.0951353236705,-2531.943830263365,764.8726227580247,-144.46273904078453,20.970412075516066,114.27005064280092,-134.74590989583038,1.0
4786,-1316.9668563853088,-1233.5522359281363,-2202.520966092033,129.24832703303665,-148.54712937873953,18.94050418019613,108.52146183078986,-130.9539037335915,1.0
4787,-668.5188038551373,-1644.0234547110313,-2740.9527192529067,-1044.222591567759,-144.12876906761826,14.35708511118827,112.58787359839765,-138.8842435174621,1.0
4788,-1272.8924323650454,114.61410649942144,-162.19891535793158,1800.6663774665913,-156.3709005822617,16.553160793284277,101.22687787329579,-125.8693158365421,1.0
4789,-784.3439544073343,-2757.0705950025217,-1559.281041530901,-22.9975080941894,-148.8142213492817,16.547109424869497,107.28350492177188,-139.34681147904584,1.0
4790,-483.75675425541647,-2414.6557394375436,-2267.976192943121,-645.8564429763989,-152.77452414576686,17.48940389162706,100.07562013995597,-124.68660426580918,1.0
4791,764.476630489163,-1927.3820673849668,-862.9664959533002,-1091.244339453104,-160.63822053570024,14.837910266766652,101.01470231204364,-128.1926867413954,1.0
4792,-207.70751655335133,-962.5721185975202,-297.3751446898872,1101.0893015640625,-148.9204859666371,21.885545653347062,110.91125044964997,-139.63704992995636,1.0
4793,2063.6752343259727,-2192.9079566307755,-2913.4008496860947,619.1557992379892,-159.62773392292152,11.865062531437014,93.67880751896912,-119.447704119735,1.0
4794,-3712.3867229822486,488.3013869230996,-1178.1247817397625,-1211.6963973206289,-147.92411401166106,14.865668240099549,109.43118380988992,-137.31180247031514,1.0
4795,-380.33053145437765,646.9652636399742,1442.440342375008,632.0636278897078,-151.02731432126018,13.414437324367233,105.93596126483878,-126.04874861810045,1.0
4796,-2010.77509828902,-467.806018225336,-434.8455177011789,-1038.8360958116937,-159.00664626044775,23.803891162426623,97.828123681843,-130.07886404157577,1.0
4797,-1141.0738425702575,-794.4556120441647,-1868.3685151210245,-949.9296431298595,-153.61980356144446,16.92648944183859,103.46735898851607,-135.7458382595819,1.0
4798,-1820.6869415797041,770.3235895182729,-1033.1900380840848,-1669.5676886680026,-138.91475163480712,24.514105646059775,117.31233594670003,-140.48295508914615,1.0
4799,-318.92670735639416,-210.68567144645877,-551.2761401675258,-5.1760366178111195,-154.05903749561622,11.650698981431653,94.3707223344656,-118.31946019651241,1.0
4800,-1935.479960526477,346.23613560308894,-322.71399089001477,21.484582468618495,-156.42619429420702,15.568220431281883,92.23108472821504,-124.47697333238993,1.0
4801,-530.0146641833975,-1202.7134212654664,-1493.2246858951557,1306.5816267417767,-154.30953532232226,14.282599817822167,99.19310814369614,-131.9566625731857,1.0
4802,-1004.5940567345381,-356.8887694658514,-1140.2847617321524,37.879499245358005,-156.26157039613682,15.751905567797808,104.70665367404628,-127.70265102896376,1.0
4803,-1551.6084871119551,-943.4120558951468,-1949.7478873649966,210.70616074447392,-161.20660107417007,18.63291690984299,95.88180811308916,-120.98355439147163,1.0
4804,-1177.356801502557,-2744.09454180786,-768.6639636520729,1414.031833109598,-144.7455039468347,15.791758051179684,112.2397186026867,-140.86011816192163,1.0
4805,-1235.3798196806074,-1982.5576479268998,-1811.1617473818096,-891.1036368045183,-150.6716164506373,18.51195984068858,110.41039534886934,-130.2792435893024,1.0
4806,-916.213450674824,78.95012453632609,-1690.9599052970568,-638.6745632091136,-155.1894565020361,16.442647305003472,104.49520373037222,-130.54053976679012,1.0
4807,-1593.6560075148482,-304.98433920969353,-97.69632126924265,585.9052408776862,-144.0912673169511,15.340681893835857,113.51430286514332,-140.61716214291977,1.0
4808,-3.03765076504926,-909.9230962717087,-797.1545653816102,-419.663041154259,-149.2759559291818,14.20198285991546,105.31264562021744,-136.62554955232375,1.0
4809,-1622.804955541124,-613.6143286030461,-287.69605083887825,-1088.1255326104977,-148.92945545982982,12.801988877196326,104.69530953744676,-128.8847505162838,1.0
4810,-1523.9034797121717,-1298.134649843238,-161.4984512382828,1898.0540421347077,-158.30696469867854,16.237101568888697,96.02239366321338,-130.81099119919912,1.0
4811,-530.8111378217573,23.536462053563223,285.41074744515595,-580.7353285659775,-153.22741414536347,15.754100318299878,92.77302355351402,-115.97734082235574,1.0
4812,-821.494800846503,-254.16496957170173,-1471.1490282050722,991.7022390625347,-159.57363928328357,16.561725858799484,102.60244038805604,-136.31918235022073,1.0
4813,-663.4000604637023,-1862.563293941994,-778.1977700256562,711.1964506874212,-148.1329986430549,13.760127304076688,103.50853835167112,-133.0446956688155,1.0
4814,-2209.5883449350677,437.79245427526087,-33.81094205599459,-1795.4507876518192,-150.0429411999247,17.499527531834268,108.0253083106814,-130.6959753727647,1.0
4815,-1187.2556457649564,-314.5016840144369,-1303.8965258633946,262.77078761636784,-148.2311294663397,17.886104721786552,99.19904896135829,-125.20674835167901,1.0
4816,151.28131637435288,-2595.361052770062,-2331.4699531173474,-14.344530390172528,-152.0199838482523,15.12922631175199,105.68175449857506,-132.90963844468519,1.0
4817,-1496.6233230098594,-1024.968408842378,-2876.1827167941683,-790.9903578693519,-142.28062179482944,16.973382876533197,107.45704500788972,-144.13804961929145,1.0
4818,1177.407609990021,-2124.3035367224297,158.38268081056026,-124.5975900298352,-153.01968017438895,14.653600042621132,110.7583184737401,-125.25186767372841,1.0
4819,-889.4067089930804,314.42383363693807,546.3696569923255,-1928.856477692656,-158.21937408448179,13.089595742435833,94.57938487703503,-116.900460955759,1.0
4820,-1151.3323652231868,-521.906733415788,1796.3630825191244,-244.8293426648488,-154.9430696594577,15.583611706893098,100.5130283050858,-133.09981936400632,1.0
4821,1752.0654324826473,-2043.5315077537714,720.4858409663183,-47.90975008905598,-143.80256593195628,20.843482207088208,104.39000163770896,-134.6032665585771,1.0
4822,-1946.2023771095198,-871.4908258476756,-1140.5945096986884,179.3700016548226,-148.93148969374516,18.911278860421344,103.43767513834116,-132.5629854584469,1.0
4823,1247.9248479723467,-3494.6436979807318,-1770.3897407988225,191.71963586324415,-150.33012519860503,15.763965087336098,102.84360982628307,-122.76816234077306,1.0
4824,607.008715024123,-1581.4723283085455,-2208.294167465473,-1103.3007359547362,-151.93268386235815,15.183590964722084,100.91651278301568,-120.19826859132418,1.0
4825,-1728.36358263452,-659.5549795588934,-1776.5543168400836,-1447.0945232071438,-149.11698641887364,14.177915494607303,100.96149439057295,-132.0860073905993,1.0
4826,-1062.9090241304336,-2086.8642569719377,155.75252415194794,-105.43157617105562,-150.06441381206272,17.804036452351273,100.06252688725073,-126.69289448512187,1.0
4827,-781.6224223693056,-1038.8554949520553,-358.2136777696935,947.198471507623,-146.46980633186908,18.392020140443353,102.29726901777255,-137.04429239021735,1.0
4828,1662.0267170197485,-2910.1306419338644,-1274.5439844326488,806.9400563895891,-152.56211462304418,19.692287052643174,101.6055936510775,-127.79202363996953,1.0
4829,-3605.093746054549,440.66473343481175,-415.3651268978578,-1333.7874596394365,-156.8230638872529,8.277920498449216,98.59675718065138,-134.49674857766547,1.0
4830,80.55288698738967,-1365.2561329846346,-2295.6941501115957,-147.71478158526608,-156.07788496636996,7.563400495905638,104.92345099182492,-132.74137824894217,1.0
4831,-1139.1017673051524,-757.9469278689188,-2070.3061437294245,621.733374891505,-162.2265662249726,10.593474782406378,90.56461785303344,-123.74660819344489,1.0
4832,701.6743691161604,-1728.7893248789137,-1789.1982954283205,-947.4035051396186,-157.92501590441015,10.41754418608183,99.74755359380242,-115.74124789935357,1.0
4833,-47.621448918336526,-1534.7791664874826,2162.114209773143,1476.163396076644,-151.68637302081504,16.415379421116455,110.47482801571088,-128.48949457296675,1.0
4834,114.55781442875363,-1260.0069950507761,-2001.9394644934325,279.5857358506426,-145.44882072682935,20.331821846864916,102.41895013475082,-130.3432452432876,1.0
4835,1577.2737493389582,-3005.2048889795838,-1660.6452204311481,100.90677307834233,-142.1932065878877,15.132292108796216,113.80737151819653,-140.85062171503722,1.0
4836,-815.7697363669756,-1508.2317511183408,812.8312631478585,183.8485432822283,-150.7334130404967,14.382783821846987,103.53848723400866,-131.81230538798982,1.0
4837,-1127.1114000730013,-1073.5421672219466,-192.18376561848436,591.6574471783699,-148.07125964927783,16.274422713241364,96.54170261722024,-131.60893281449336,1.0
4838,291.34974887610224,-1058.1464381135108,398.2478858357078,631.6826627445749,-148.38904374821803,11.135117893418434,106.23079047612336,-128.86897011851715,1.0
4839,-281.0934309738608,-1783.5194929140143,-197.59031083721536,1556.3282945300136,-146.1368190425676,13.065533653345545,107.20890646114096,-128.9184185687744,1.0
4840,-410.51238277085963,-708.3615355890363,577.1652962820334,-75.2519883716557,-153.50169717616578,11.864196201100984,107.5008058740186,-131.74391791539932,1.0
4841,-1132.8271658928286,-490.4610072726448,-1091.7015442544362,-1408.0386738166335,-150.02816985985714,19.127233037348095,102.88332253095713,-139.5473742932141,1.0
4842,-937.8062544048703,-1455.4959794736099,-558.5387180960295,1114.3933036841156,-145.1638528275807,14.471733052310086,112.31294837807172,-124.12780977579274,1.0
4843,-451.89872089090323,-535.1393409820416,-333.05244489014933,1577.9046206501464,-147.6911182542762,13.15118006447481,106.06794750979397,-134.7974945105941,1.0
4844,-2959.5468590740998,1985.5816244980408,35.97533668563084,89.54099522631633,-154.63501728130575,13.08499357214888,107.76565551544122,-129.3152183022005,1.0
4845,-433.8461490050393,-1362.8858304699263,-1615.8240150201061,1012.176066596854,-147.6566402301641,17.53257564246857,119.29886461330779,-134.33733153618883,1.0
4846,-350.7853150176655,-3203.0349057606954,-993.0727145293989,2519.6961464904402,-152.95767048961545,16.13901887350069,95.53565959213327,-117.8327880339765,1.0
4847,-316.345452790747,-74.56327370983527,-995.0908563990841,1566.014769570125,-160.81629537535792,12.206307996940936,93.6262529462299,-127.56315951394355,1.0
4848,-545.6520247416748,604.174578387019,-1444.2456975936936,207.7126371958954,-150.43084186625848,21.475435081039574,101.83297594459715,-130.51721741689096,1.0
4849,-2161.026242516894,-236.37414336703642,-1700.0904224532674,-953.3224066362462,-145.95440510621353,19.364835959020557,101.89232107290985,-144.12068451904076,1.0
4850,575.5720358499244,-1547.4704210879627,787.1703670786729,1908.4175374408603,-159.74787367568095,9.021533621365034,97.95417918494891,-125.42117355377333,1.0
4851,-641.7456909214498,-480.3339511820203,-1292.6483032734084,787.2535279163927,-144.04619348500435,14.097201076783138,110.21793384543957,-143.44139551764715,1.0
4852,364.2693125867877,-1288.5143075398717,790.1752650719442,-1784.6654044337188,-150.94442725935923,15.551969618140811,98.02000477586564,-115.97918357138903,1.0
4853,-197.8603248883175,-1674.6775963032444,-1471.2884892802856,-988.2040820644131,-148.25708877784294,17.19173259523258,109.78872047525213,-141.9147006023382,1.0
4854,-651.7540272477984,-1825.7836121064618,-3929.9039451300146,-572.8623646766375,-148.33244263019677,23.198944680778485,108.55364148722175,-129.60298206429033,1.0
4855,229.93187165779958,-4097.036226840218,-3370.3252193694316,1010.4068655861986,-149.39206313629992,15.678314564444513,104.48756542240163,-135.95692253067003,1.0
4856,-551.7054074581846,-395.40265799274624,-2528.5882827134888,-57.24963006950981,-158.92953792330087,15.00418233371444,98.58995095768621,-124.33472629305312,1.0
4857,572.3222757397588,1085.4823306374788,2242.170938231097,962.2307655402207,-161.11934438573658,11.602517922561905,89.46150971788069,-119.74985562556832,1.0
4858,-743.4287090604495,-920.3577972674308,-2561.552678249953,1289.2545847420886,-154.07821559765674,19.961978241330122,102.1000073252282,-129.34157681966798,1.0
4859,178.15624166528696,-453.9609313685211,754.1852618554861,-989.7079754348526,-152.32573319103176,16.122591175901043,105.0109261037153,-132.28567057020567,1.0
4860,-1444.0091809388598,-343.196774322909,-336.51259237627835,-619.3416187223647,-149.57348473100805,14.643632207922156,106.91979715142648,-132.75441865778689,1.0
4861,-864.0438107804478,-904.2587751575912,1226.884538093604,2163.440783013313,-143.09403505448986,24.578016941995642,106.68589275879772,-137.3502740555189,1.0
4862,-1368.2232052673558,-1517.370304047785,-466.83876517321477,1560.9443118834517,-155.30204615734172,8.994402608005108,97.17383169615364,-130.18616170800792,1.0
4863,3.323992561525757,-1256.5234955448047,-1463.1333706440575,-416.9108360448811,-144.13985411186061,21.124969832534433,105.73217537184237,-138.19983996790307,1.0
4864,-1763.6497959109752,-307.03511170181883,-608.2050994672875,-1154.5011900950208,-152.2448703100676,13.526799077587615,101.41825620087992,-128.0743251800468,1.0
4865,-504.22523881816045,943.6837145713073,504.11258902362937,581.696453185049,-154.93957843824003,15.45045764871529,100.2320233832052,-124.78021411903681,1.0
4866,-536.2782186480349,-929.1484217053919,186.63822675001774,953.6495056545097,-152.53875635597737,17.104689427086388,101.03773104652633,-131.34524151074777,1.0
4867,2228.4297846271356,-1594.8673292740843,-1285.1109119242742,-1023.3301083386096,-148.1104787782571,16.5353363836072,105.58929741483865,-129.61797468368383,1.0
4868,549.2443664704907,-1192.929713287832,-57.68348003249935,711.4671949523424,-146.58794580520777,22.32817424887471,105.24913747319002,-119.92330425306835,1.0
4869,-902.9504406954298,-1510.2523678671362,-383.5349311666582,669.1325565306835,-150.67114151005183,19.359777999816327,108.61360313692066,-131.81273186842506,1.0
4870,-871.3223539722896,-1321.6103721944025,-496.970556270797,1035.0811630148962,-158.87770491507126,16.50935575730176,101.794333611269,-124.10208616320952,1.0
4871,-3070.2573955835505,1005.697064511508,-1312.440997283747,-973.2897616849458,-152.637561706879,15.859027193705417,102.87609950969981,-132.01837488221165,1.0
4872,-894.5727705780401,-835.4383053079124,1050.0533056322581,-399.46595330246333,-147.32454142503877,15.142434873220852,106.46252944683539,-128.67794276796133,1.0
4873,1108.2305753960536,-4028.6958684115666,-2891.8895316103426,450.42844667696875,-154.45417527230583,11.201835598350087,103.74703132771745,-138.99768208250066,1.0
4874,-899.9511008653211,-583.2352201840795,616.884199729909,470.909812943381,-145.6749087258228,14.372438612946528,103.936783653527,-136.8861874231165,1.0
4875,-348.8989587973574,-1349.6571579854972,-1171.8942937579,361.40270976768153,-141.05768784791627,22.765906158327876,109.98496423704019,-144.9812715892971,1.0
4876,-59.61811555362675,422.57742971301667,-156.6945805571531,1228.3579751302523,-147.83947227912154,19.902702790536825,102.90738698867514,-128.8305776823665,1.0
4877,-67.36015278082553,-706.1201755727142,508.1524199603041,1080.1116651716563,-137.84973341481708,15.155196086014204,109.75629928995912,-134.04989116836563,1.0
4878,-446.48104284775866,-1090.6822580163082,-3260.254583228663,-404.5529443055388,-160.66504202094873,14.837014803432757,99.48027065432359,-125.7524527590393,1.0
4879,-474.16343761477924,-1116.3681083170472,-1630.9988759351047,530.002710453913,-142.42510960960016,14.910770781248655,117.39549337298132,-139.5733726691083,1.0
4880,-1914.9395482782716,153.30967194556027,-2934.8523841086057,-962.4935480004214,-149.6689039668585,16.01002243336172,105.90317779522464,-137.28998468080624,1.0
4881,-804.9316374586299,-13.234843362540072,-218.14085653671518,1774.3269014858508,-149.29524227133197,17.690405249691135,106.6716640254061,-130.20791250302304,1.0
4882,-1622.0603075733313,-899.3621775930116,-1521.5884333567387,-1620.6932202072555,-157.15930645306562,12.892609531262966,99.90438825619864,-132.00444768669504,1.0
4883,-1784.5209748890377,370.6560771814963,543.7920921411294,-1623.5438374670011,-145.77872168160673,15.688386525809086,107.10604872049659,-132.02588357677266,1.0
4884,1258.1255493216565,-2552.8015215704463,-443.82516669599767,-477.03053818664307,-165.26669606211587,10.093767713548512,94.03437451962134,-125.04029428810344,1.0
4885,-1121.542170278515,-1251.3717555407386,-596.8017670397508,-1026.1502945209063,-147.49814873579894,17.818367430103226,103.31271944356888,-132.51462726807316,1.0
4886,-3102.2650917154856,1559.922232924408,-1518.1983065172076,-1633.0155822119455,-147.295594327994,14.92311659256645,111.09012626057144,-136.57864059593192,1.0
4887,-1731.1593001923568,-753.219486081964,-1407.4047757697492,14.692705763807723,-157.8106895158949,14.978186368171025,102.68225569066735,-131.3002245258671,1.0
4888,66.82822011888257,-1198.0073465077944,-863.2102789823754,607.3981562320607,-150.27444835792366,14.344125101711114,97.60924955696775,-129.15656324975458,1.0
4889,-1623.230612506254,-1333.8391368115513,-3758.0372050950773,-14.848605122006154,-148.41669562120708,14.064320260324724,104.95080289762014,-131.7848373138433,1.0
4890,-832.4947490431265,517.7961953986253,-2607.319263505597,448.0165559026643,-149.05868001731443,13.109851055242107,100.54602018454743,-133.01521429008454,1.0
4891,-761.9115404540652,-952.2604546910583,-1029.0642072427513,-1382.756418898777,-146.45112673866436,16.111893400337326,106.61350438062588,-138.98295963917127,1.0
4892,-1267.8887791252616,-1163.0365284615532,-1073.7297452191076,-497.8458661216413,-161.20546118527594,14.475701253145226,88.98909425181044,-120.8483686747199,1.0
4893,-685.8240496490694,-1214.0530727183996,-1464.7901494130251,396.4758595757422,-148.90105725369594,12.609243841373747,103.9733810801511,-138.91143006907816,1.0
4894,-1782.9981105704353,-861.8503538167674,-3087.883737114241,-965.0071433518436,-158.1798782436107,11.472908043998991,99.34392174630386,-135.5827077909095,1.0
4895,-1638.3533821636072,-592.702594530357,-1715.7153260221526,91.21492692193665,-163.65612536242463,10.662673382890727,102.26359411472963,-129.21360288853407,1.0
4896,-816.6069259700728,-462.4242455636846,-1480.6071416305235,411.52207231005457,-148.45748990618102,21.397890767140574,104.13855676727871,-132.5800440819272,1.0
4897,-853.3748995304335,207.9183398540588,-1183.0374610457911,-162.23369320588208,-155.63406249261456,15.070091704113226,96.99688326238724,-130.09181675325587,1.0
4898,-774.1587441359704,-1799.999337229617,-1052.7395599663348,799.47789322259,-150.05016342480508,15.80004480925767,100.73464762679468,-133.43461422951958,1.0
4899,-1485.8755190064724,-1074.3923193129574,-2011.3735265201653,-412.08634461514816,-161.99754862818435,10.819546512248564,91.84934289495244,-121.55539913710554,1.0
4900,830.9756910949952,-1632.6032528408953,-458.07441187218467,-91.63646249305985,-144.60442262248975,18.118389090019974,108.19064617167112,-143.37884826301746,1.0
4901,127.65169319027662,-1013.2248178236691,737.7449375188205,-394.8793438438731,-141.36601230306715,19.14657236732285,105.98492297882096,-141.06323559197878,1.0
4902,-435.04037253355494,66.54348900553165,-575.0408307853913,750.5708354372932,-151.1744439177637,19.9672506995402,100.1099855856241,-138.2699225167026,1.0
4903,-1257.0639418682133,-230.0472599557891,-475.0726056541688,154.97835351407852,-141.75287618631512,16.843052801915185,109.63465627500267,-129.54082945641468,1.0
4904,-38.536011999209286,-1084.3107935616572,-2866.204013571025,-791.1942534402265,-156.98300728317855,22.726391907575547,98.80241613600475,-127.21843061547852,1.0
4905,-753.3986264076038,-1347.303605406926,-531.6080696586271,717.9315063677944,-159.20654582066365,11.980988219389783,101.39676133466706,-129.8153809544649,1.0
4906,334.72813404022486,-1419.8412003651183,-48.35876386196164,-520.0291754573656,-150.36265062139125,18.38924967635003,107.83848841726548,-133.5243384778547,1.0
4907,-929.7769623145267,-155.74551242485697,-1810.1945001019642,775.5812822206913,-156.6956450228675,11.212012083803163,97.52455129510115,-122.62798664622967,1.0
4908,-1253.3554040366776,-1577.4806005967741,-441.0601892265087,1619.7080485060555,-156.11536222907748,16.953323346261012,105.38558037487007,-123.64445052979066,1.0
4909,-893.6249050417451,-831.5408045494996,-987.0583913851939,329.38261039349493,-145.64864716113496,21.117033547981674,103.65634274849026,-126.29693788729615,1.0
4910,-1131.4871626963197,179.54136078359545,386.61965501866865,808.3612066298855,-153.25512410023484,12.929699265259416,107.13935728534918,-133.94728193330405,1.0
4911,-465.72617726708614,-1893.1543522460295,-1185.270450014092,640.4671268553516,-152.8403725109258,20.309797603170672,98.25979472386595,-128.75060874098344,1.0
4912,-2959.803447550272,1104.2978832153808,-185.05193168325113,-967.6707889124689,-153.11972362699072,15.049256517089532,104.04271953216029,-132.20142141549766,1.0
4913,-465.079593882303,-1510.7844686783662,-842.6059933466684,1936.106828655571,-150.7560452845067,18.05740976864116,104.26345558084218,-132.79303540399943,1.0
4914,-734.5218777493985,-349.4464538445851,-243.43288900572108,919.1646128958062,-152.1565201478315,16.345411223161662,102.7343639763203,-130.3387576520873,1.0
4915,-458.5875665547891,-2060.767017402223,-432.81592705743753,1085.0786923554715,-156.25353103440864,16.761229215556174,103.37037880847299,-126.29194032358691,1.0
4916,-2252.0353322639985,-2041.7417413284727,-3959.2788291734496,-861.1182405454134,-161.50977311105757,10.35023914194644,93.98351615835023,-125.78946702776842,1.0
4917,-1238.3193477399122,-566.7744548967125,-1033.8158801918946,285.9582034622676,-144.5852095013775,15.616811582642388,113.73359526647361,-136.24241383820043,1.0
4918,-1182.0052702413311,-1062.1898326280054,-1008.8858352902031,806.0759353206427,-148.00186244252743,20.446857730529945,109.09272962978318,-138.21718958656786,1.0
4919,-2633.9725123373632,-468.49892856828353,-997.0974403255099,-1323.5605842190214,-152.4796762332795,16.05592684575805,104.5897178548341,-129.21942235776027,1.0
4920,-366.73178412512954,-2396.708647893491,-1351.87211969128,424.2589148823762,-145.3835524338984,15.58675037483589,107.23866516417739,-129.84327956994693,1.0
4921,272.4119651784901,1008.5785683007667,430.97984062421585,261.48186314137234,-155.83145408221773,15.363218464238823,108.44015084200069,-133.5474897618,1.0
4922,-1511.9416620384054,285.64897107788426,-244.8223211468237,-1799.6635052128102,-153.49812264276397,16.476517790601584,95.29709891988875,-129.22121737191728,1.0
4923,543.673452303826,-1535.9804197895667,-1029.3284943311548,-528.8111166450587,-161.7144364481395,21.484014304936828,99.74090580914174,-132.44554706465044,1.0
4924,-646.8106904037867,-1873.0779457515878,-2171.5834651169016,-1103.7476079320777,-160.400560763231,18.81946802513287,99.41397793427778,-126.89299408258677,1.0
4925,-540.7871259211701,-777.7108234267321,-3039.973713240708,-1756.0816005331253,-159.56466424283906,12.634560567385176,95.0691949713599,-125.55644592544118,1.0
4926,-806.195002478903,-1287.3299094936149,-1022.117508373669,1227.961794808271,-158.22076432133767,19.638651728948258,94.99826586176783,-121.10287057221674,1.0
4927,-233.50209626845665,-1609.7582660005353,104.33614308841858,1114.8850627067152,-144.0500065477268,20.351925176322347,105.7066889363554,-138.15665488243457,1.0
4928,-148.74376469253033,-1514.6502520089095,-2277.839950221677,-209.88991413369726,-154.81543633399278,7.137269229752091,108.80152056654634,-128.61801645802691,1.0
4929,-3526.5406830977945,1024.7297962824198,-2057.643978174511,-1966.3166145625557,-155.6221851129372,14.728220856098492,99.5422338384045,-132.59931760522457,1.0
4930,-868.3581695091365,429.57045848880125,350.30070673229613,1137.0460575088962,-160.4919564486623,10.221187820434608,95.88246484897029,-130.30431497330932,1.0
4931,-50.916132149343,-1021.4353753657005,-54.753621253893414,-261.01331797771076,-146.65127207254938,20.280084536959208,106.0976942155708,-141.77602016024892,1.0
4932,-616.2914155627336,-610.8112296152308,-381.96507228010745,-208.34618761071997,-151.37411971155834,15.417424718956248,103.72297062083051,-135.72449681775845,1.0
4933,-643.5655325026115,-189.4383794725526,-58.15728672520878,771.9467308062191,-154.23360464673635,13.94014443628561,103.8877308704237,-126.09763274657666,1.0
4934,-898.0918785154827,263.471948361637,1126.6888769344118,-86.4419624662994,-151.7052267916029,14.248345152200475,97.70669806442908,-130.7810827728993,1.0
4935,1275.252855922466,-1828.4912244700258,-307.0714570222973,-278.67265698160134,-150.20695331160246,14.810113972419884,109.04911600989291,-129.4893044459508,1.0
4936,-545.4830566356384,-1210.8509569433343,-243.45772836605778,1768.7381077212908,-147.62734149216988,21.739308002182636,108.96860660904332,-131.21218956964393,1.0
4937,-909.1380383244233,-223.23412425336602,-1798.947024602874,-1845.685505632742,-158.1145050251954,19.37443305417893,95.72010551285933,-124.72218315780738,1.0
4938,-784.5606546274764,-444.0913582353991,1112.5502225305067,1940.4752719726935,-149.99650704331316,12.861768028446718,96.31324716032861,-130.46897831301155,1.0
4939,-1687.6289159248747,-1150.3832252269679,717.9598790549398,951.7646112990618,-153.2290365499587,15.28152132437688,103.80469885086372,-130.55288897675723,1.0
4940,-434.7628835622176,-1086.318581813139,-1690.562288464242,-298.7460467660396,-151.6156296532706,16.67333769663275,99.00134207229642,-131.33761744759218,1.0
4941,-2224.4218710443747,885.4168120826978,-918.4630501535122,-1087.4526256720803,-143.27316229724232,12.86392107462269,110.4161315831924,-135.92165587308605,1.0
4942,-2190.937084418558,1468.803036690251,1121.0261644417901,-1830.8758048682512,-156.7317239345027,8.544726146744162,105.21026426198934,-133.01833392405342,1.0
4943,-2027.7106168690807,-875.6233995104734,-1479.7358674777443,-332.991512636243,-148.81306128837917,19.505754041095425,100.3344213786322,-133.03402314654116,1.0
4944,-1598.6577010637288,-793.420601848154,-2840.7886494339796,382.486524841881,-139.27244218848298,18.318590188107862,117.31746816870971,-144.02188350516434,1.0
4945,1588.4065716314121,-2484.6830193629125,2245.8339916832715,442.61000639079236,-150.53199294707318,12.99365151346213,96.48135938173901,-128.17135543336255,1.0
4946,572.6592478858431,-1088.4890496724167,-618.5017177201399,1200.276806840838,-138.5586058389379,19.86694484650559,113.84453947377654,-141.71774356370298,1.0
4947,-868.3739697672713,631.9378288237616,-1287.33949526429,-434.3967755791825,-151.94463980461205,20.632759482493384,104.89404214736166,-133.5850807891688,1.0
4948,49.12923234388904,-2057.357833926618,-403.9790574358061,-23.742800455056802,-154.64192675913534,13.642159496621309,100.08920280378065,-130.93909479488516,1.0
4949,-704.0444942822498,-1057.0552536669913,1032.8500561906212,1274.2122800510683,-154.00383991076683,13.644311730736161,92.45544214558001,-124.82276391542645,1.0
4950,-935.4067178271015,-914.9583032522264,-2861.361790721771,323.3191627912222,-158.28783235842297,17.589952931606327,102.78063146787926,-124.4085454302591,1.0
4951,-423.47524186909766,-969.2010759882492,-342.9524292074908,-108.85486654479072,-151.88049434123292,11.759726693960012,100.05021201341661,-121.78376045095165,1.0
4952,945.1807492774994,-2417.4242593843865,-1516.4445633348075,632.9474362009923,-149.90216424816745,11.28492595045887,99.50883983664332,-124.89625632311672,1.0
4953,-983.403935506109,-1795.7415321497788,-2593.9382262813415,1033.4777850824867,-146.93571269793728,15.550474335270854,113.10899541681817,-139.58684855668218,1.0
4954,-780.3418180204841,-2147.3356298281933,-3138.140078708843,663.3851927961442,-154.10766000477815,14.073403273228672,99.53618268374711,-123.722678069638,1.0
4955,-505.2328454292352,491.15466512905675,830.013355640338,697.7633116920578,-143.2604804838435,14.698969243697643,114.92356759603953,-135.25016741206096,1.0
4956,-69.97000336035445,-1363.616550206402,28.788935299325736,527.4967626749551,-144.08039107080612,18.199159478738324,111.28379015687446,-136.71077520079095,1.0
4957,1214.9285462853788,-2138.084990835792,1035.875385768792,880.3167613976034,-151.78795710215232,16.046805141050296,95.75612818565648,-138.34173347392118,1.0
4958,-674.0653838325351,-1263.9059858834687,-2623.485364046197,-1124.552722887597,-162.8625949484681,13.755789316393383,93.60486748961031,-124.29658373678873,1.0
4959,-768.7065016482904,-2532.291683151661,-3022.4676539926563,-530.0804123047941,-161.76652122037117,10.033361836371817,94.83040739047627,-131.22770603832058,1.0
4960,-957.4526559664083,-1541.9750301174126,-1209.1105370151345,212.95753758910058,-146.48864388416183,18.787553570157474,101.8113645964749,-127.4631293954358,1.0
4961,-795.850956625387,-1826.5514843999827,-161.4869787094182,1426.5220633521276,-153.81553401249852,12.326187637943065,104.66929364149262,-141.93470531717227,1.0
4962,-1216.0984945739253,-1127.7142522524048,37.73671030932947,1955.6071716050587,-155.01593643323196,17.06572699726257,104.48990821506796,-134.6592245785509,1.0
4963,-2531.93203172155,-1211.8906158195452,-1861.9460744528142,225.16713260739786,-157.1719655289537,14.161734468649419,104.36639533677726,-135.73548224131133,1.0
4964,-544.9477593244412,-1062.2992736683036,-1817.4385925414902,-705.8775929250102,-155.1495959307158,16.995437823808153,96.65707817228423,-124.89854215863166,1.0
4965,-970.7098197844947,9.891106276069195,-1576.5829462798345,348.1561545291207,-156.44865479191347,16.12933091384489,92.82848578850209,-126.12636140772939,1.0
4966,-1169.9258622400155,62.180181386294365,-648.4230709033274,433.2697601372318,-159.9592928581647,16.73004224887818,95.97907025143721,-123.02055473516744,1.0
4967,296.87022497601475,618.8711546298944,1555.8704325369301,-1480.3155306869057,-146.7006363669482,15.86391302832894,112.66271702613604,-140.83709886106175,1.0
4968,-95.23008072930851,-802.1984930117904,-1855.1411236656566,-354.50328779552694,-165.91915664239383,10.950219777134684,93.75177971584536,-124.79229032991323,1.0
4969,-1802.6174232955666,512.2605889457986,77.58610190433036,-1601.6656046472103,-146.7608996708422,15.865036278963423,109.51832923162888,-135.8051214815238,1.0
4970,-577.834182682041,-1403.2214428429231,1827.3057191697,-1255.3412422427205,-151.46742083906216,21.359145259554076,108.92946686020404,-125.52299018564639,1.0
4971,-28.84859887748904,-1108.810797684905,-406.2721621445128,2095.6943382003838,-143.4431563285883,18.301629711829694,108.68713285108262,-136.40109445632618,1.0
4972,-364.6854190899263,-491.1808670719857,439.1646049981736,1600.2199151873097,-155.24533253966197,20.46599837191052,109.38243797413158,-131.04944662230656,1.0
4973,-199.7161459202337,-1505.958906628951,-1857.3078086316207,-201.19598702763065,-149.51762383197956,17.48918357216037,109.28049598224317,-131.28466580299232,1.0
4974,-8.574212425201145,-1520.4538978888525,111.3154901856551,-1711.9446650581597,-149.25636513886627,18.141220742182824,98.0323318408083,-129.90204249539602,1.0
4975,-2600.001634299219,-347.4870818716398,-2467.993414713787,596.4542409508036,-146.41279490670843,19.776033584558625,121.5106998500105,-133.68057287826858,1.0
4976,-835.436219484602,-1880.4117695896277,-2648.584613366884,-1534.4343389846165,-153.709033014674,14.943206253645695,101.85303241291695,-123.22084054786805,1.0
4977,144.33022343939916,-2816.4001343098885,-2940.5754145831993,1203.0196107063846,-148.66570853455266,12.869417375181653,109.08605610745019,-133.05955869111693,1.0
4978,-1377.4655211376148,306.3682355922403,-3598.6631396758344,103.72078456676988,-159.25296190865794,11.711981803418078,102.35389630207428,-125.18814616999447,1.0
4979,-2057.609015942725,-79.66580168502038,-733.1821790152486,-226.6809868946968,-163.52956466175988,16.39146046409061,92.75084817569036,-118.01214894169418,1.0
4980,501.79716313723003,-702.5863017084623,1792.4592684215131,-703.5766286950999,-153.45411283154786,14.790397917187596,106.90250056485246,-134.30268776391293,1.0
4981,-798.1985319791814,-1217.9595440198595,-702.5949916754988,1166.0367590206263,-144.7835219554351,18.110599372002945,109.39168883411688,-133.6849750900517,1.0
4982,-1284.6367011250386,-1982.5898497087774,-1532.0835679438605,137.42583166614688,-152.67279885314005,17.66123882355917,107.80042987492652,-126.80732009640789,1.0
4983,437.71833178722926,-2573.1274394472407,-2209.5178485114193,-853.3876043975613,-158.0683854402442,9.959226713050437,94.16886598647964,-117.48350004755196,1.0
4984,-2000.8371790288018,1521.4916492810057,412.7732662625634,-2721.373466907273,-151.02760259999403,14.903344580022395,99.00609005786252,-126.86377973272758,1.0
4985,-246.90638199989723,-1476.437288279218,478.6953894325666,1088.5538249537801,-156.83630635666194,19.574101925604847,95.88809656863299,-114.90529180803385,1.0
4986,-383.24846017685354,-548.8066727852156,-757.236730158949,2110.5610322318166,-144.78645870019602,14.354603522702709,103.92700379127982,-135.4610708964361,1.0
4987,-893.53498385279,-468.6472077377633,-1510.8797093930582,279.5957652680482,-155.52647930391748,13.38237273782779,94.63373898225088,-119.37022415461661,1.0
4988,-406.86764635808055,-342.95000280594235,-314.36075139703627,2030.953064413499,-151.21853606437435,13.903998717466365,115.64685370672461,-138.02479247198846,1.0
4989,-1933.9925828173912,-106.38497575748391,751.9932980108559,-1132.5633037660311,-145.92698183611807,18.930739751537097,115.43199914782328,-135.18433082474758,1.0
4990,-747.0198505741765,-339.2236844252997,-1792.143873129008,645.982384543214,-156.73879883011097,14.134395954960436,97.02732272244602,-127.76978309749424,1.0
4991,-87.04165602534003,226.2984060135264,-873.826359363467,850.310353819495,-155.33685516287326,13.962210698827281,112.27240716289484,-132.6648742554909,1.0
4992,-812.6080117385674,-528.8707972431372,-620.5725040015961,493.40548476606557,-159.915254102826,15.403305169017308,89.73849515147712,-123.72434487800346,1.0
4993,4.642062744176389,-1580.1834773747307,-724.2345856936234,881.9592786327274,-156.91400179505249,18.399361855804592,101.57110756912509,-138.651469464436,1.0
4994,-1048.0379498531902,325.66029014259624,-651.1838200442548,404.45263724627955,-154.99558258179243,16.212276502820465,91.13669559981207,-120.45456383513505,1.0
4995,-2886.901167914174,1043.913600080428,-297.4800096552664,-641.5370374910914,-167.30635191893904,15.880179975835379,93.68586156338488,-122.82284591329672,1.0
4996,-4505.943774544787,1696.152985984201,-2516.152976381978,-969.5227709452688,-147.87370435548934,19.65340201510646,99.25705989830007,-124.50673804021449,1.0
4997,-1234.4907771867133,-497.28647946899156,10.467124077280976,-212.49098751541592,-148.88348509043342,15.911638884392357,106.99832793513063,-128.31133142384618,1.0
4998,-778.3366672538272,-589.8574143667479,-496.0824898729719,-206.29614138369791,-144.65476945615816,18.546855237148044,103.31112174945243,-134.8388809122316,1.0
4999,-1808.511387465792,-676.0979043342649,-2414.592193145464,-219.48620570879285,-146.6181962368856,6.728455248636308,114.21916141564895,-134.45220346426026,1.0
5000,-1307.9659266877138,371.555077697056,-785.643945625317,221.31811078405607,-148.4221028594816,18.577994739141893,112.25696231312449,-136.77580285525323,1.0
5001,1658.8758061964695,-3810.9872288907477,-1271.5065018553018,99.2676167426363,-143.5499868175075,14.786540368453512,108.42521889402583,-135.4566277951055,1.0
5002,-461.2127817681693,-275.5272464493619,-546.007765670015,-557.6906051082932,-147.6098169722991,20.923337985492832,109.9536050919988,-130.5590069909864,1.0
5003,-891.8084850973985,221.36968772056798,-1249.710186722458,1455.1940743531502,-160.77044815424023,12.930765845030432,98.92330700665174,-124.37642034875134,1.0
5004,2047.8096477790343,1405.4242848779295,1337.071629121835,2316.591047671256,-149.6775564334589,14.314370470540135,102.07061178069519,-124.22895756116685,1.0
5005,-848.5704160070135,-301.1917744767014,-1179.4039281911178,1378.906659267737,-148.23470729007022,17.97499399677619,112.71350195052831,-141.69799084078872,1.0
5006,-2196.6429243043876,1225.548718213589,-322.7668056085921,-2946.9965743140247,-151.9556848993665,15.978450467982396,108.00181351131594,-124.90686101319392,1.0
5007,-1073.3208862538402,-1927.3647083193398,-2076.7065316641547,165.39139572864923,-151.67704213255737,14.050045173657917,96.76805120488139,-122.76478788245805,1.0
5008,1110.496795726969,-1509.6154142143573,-1104.257506980002,-1298.621706236577,-153.4752766916025,15.717098429462167,101.4832498510492,-127.8821590549275,1.0
5009,-211.21388498482312,-623.283114358274,468.6643548454101,-175.7489563280806,-143.7945541241516,12.288681836222418,108.70230079140708,-130.5704273937569,1.0
5010,-1611.3381199482326,-349.1077314085273,-825.8273638337031,1054.4230996521574,-159.04256337426312,9.438324742007502,96.40966531155152,-115.81045606067134,1.0
5011,232.05441186919649,1284.23031032645,325.04599680055514,2585.0589964495166,-153.44087987624485,16.908512265189874,98.13736403629662,-127.65466643155463,1.0
5012,-1759.4921422603834,378.77891966027045,-924.5184231620793,-1397.7074605381472,-156.99546899238516,17.037362740220566,92.53718574289043,-118.3441747510167,1.0
5013,-1057.854753877413,-719.6090721721876,1134.9935544132748,346.2629907403296,-145.55435319112036,10.109223283531033,105.2987595587983,-138.55291175478345,1.0
5014,363.9620727702115,-3475.192953634497,-1223.0510519148127,-104.42799344607178,-142.26441492112673,15.4733708472693,115.94866088282906,-142.29591535422588,1.0
5015,-1100.1248789837211,265.73767973567396,-978.3541895411217,-1517.387403890988,-153.23506578266569,16.57998000689501,104.26977476676925,-129.45949109663144,1.0
5016,-2082.2674149082845,494.50974726688827,-551.9264300437289,-1575.9712479135965,-155.71964309145025,12.00479254601455,94.53307035252924,-126.22774430313811,1.0
5017,254.32521899258842,-1632.437723025882,541.9051605821942,1073.3203394061686,-147.26633797159562,17.658576180639876,105.64814691069076,-142.1761382270966,1.0
5018,-1616.9940824197463,-437.91837261168934,-1729.397580153352,318.6378446001126,-155.05906634024618,19.451138439055647,96.96620005664069,-127.19622181977051,1.0
5019,-757.2289402878905,-2544.0506296366957,-2605.521688986092,380.804084996916,-149.6026435191129,19.672449933576218,108.65210684763368,-133.88586068411894,1.0
5020,-1150.481117582024,-425.51205213504375,1240.0350257778493,-1381.209057421129,-149.43314201550368,18.892032369446554,102.48717939960135,-122.15053440891221,1.0
5021,-936.2393462114862,-787.9874422851376,-1675.9249968022416,604.7234994672021,-155.02592138190346,11.796398698436937,107.5951097703817,-136.9022386115822,1.0
5022,2415.3356926301162,-2175.1887029073782,270.0445744277616,-860.8138967112303,-144.94356527796373,16.662865751260032,112.11167832545307,-142.15579944466816,1.0
5023,1031.4854012292847,-1868.9907721882373,-133.0636031408316,-1118.8069272720716,-161.69739623477307,16.678635622104657,91.01772189020578,-113.7442013846341,1.0
5024,-1895.1121335516304,-1469.3356388127554,-2924.3195501407167,17.78389621847043,-154.99660433797004,11.152098199739239,101.44941686285182,-131.9872812595189,1.0
5025,-1385.2223954521862,-189.0424932097252,-348.4713706016725,262.6610187383397,-145.97397223554955,20.04751617370928,106.48091587557437,-135.64791470366896,1.0
5026,-606.3569550876097,-24.035184236197182,627.7379602340021,1545.8736779338321,-152.2983553281296,17.090336822418944,100.93093601909911,-127.67101530035643,1.0
5027,-82.83253062296315,-1007.6460683851943,377.29036521797286,1739.7431033556554,-153.66500271018072,14.568709762094802,101.09934545336961,-126.69008667259436,1.0
5028,-2022.0674128290123,-922.9517630530111,-3695.9193585516914,294.5578266860907,-151.8175574599267,14.093985853478074,113.05310217890563,-139.55639275069015,1.0
5029,1567.8114653110295,-2921.0532387897933,-898.2686645130613,-1433.5259328112722,-151.70784443234214,14.181670627860438,100.89526800845735,-126.96545080525118,1.0
5030,-1180.8054754583147,-1262.2186636407391,-1294.2585085261194,1377.75009998277,-150.64992242664886,13.931924936466784,108.2546484831258,-124.14425226122455,1.0
5031,-326.59549796252844,-112.66582438007599,1227.2999887284855,972.9862947039244,-157.20131789529987,14.860629616819026,110.2605541413899,-131.37795655987688,1.0
5032,-550.2989593451338,-19.46475270334087,-3010.917874564991,-1518.0146023939255,-144.190298585482,19.724303290255218,108.74824799992912,-138.4786114374745,1.0
5033,-2026.7247635185402,-533.4198145526515,-670.0954631201903,-909.7361146118878,-149.80233581943534,16.260853885650633,116.22179432596316,-146.51897603001237,1.0
5034,-1012.9485409478458,-970.0615379407836,-330.3798909731627,6.630478165351283,-158.62701104014437,13.735966875328632,99.03194313791442,-127.62976957343548,1.0
5035,-2076.0381019106153,-435.1802212753908,-1502.086618807244,-1369.0284709497166,-152.82809821217015,10.055712699989707,101.47912586239282,-132.6887721954828,1.0
5036,-927.4396906087928,-311.7396579112388,-1726.7065400296908,664.4676535985403,-159.06177502375232,13.440311256679783,94.63427851446518,-121.38652863512152,1.0
5037,1379.2084570071668,-2526.7856869037337,-711.2209503201452,-70.99240469035918,-155.92868037214527,13.665468991486915,102.3479956540058,-127.08094887408177,1.0
5038,-502.415665934461,-854.2768695060055,-875.5905981759947,1475.7629830504995,-150.18406761003718,13.751364393278406,105.94180864340379,-128.49395115426333,1.0
5039,-1131.1884989347973,-1303.2249075560098,-2040.0212375667616,481.7374821563977,-152.58323933642586,18.360656962651163,100.58287899765375,-131.74017609775544,1.0
5040,-1350.07167516506,-1772.6752562868337,-4171.0803172758615,-922.6980902802877,-150.03836530106534,16.200402002529476,107.05669908357683,-134.7854680775469,1.0
5041,1083.2254801736037,-963.9194794634842,-1420.5899636586375,-1282.0886237606587,-149.6881085768374,16.157292735244276,110.43679225449316,-138.78851337134225,1.0
5042,-883.6280524800121,-1725.7061609344835,219.75003191875453,-624.6999508214565,-146.26952069245385,16.28895687784741,101.70702347860143,-126.12313913222565,1.0
5043,-1781.3746030402572,-626.5597162421512,-932.4225309201892,1785.6659769575697,-152.3021393176407,17.86989891884958,102.72781110960904,-135.71446296807926,1.0
5044,909.4618327514511,545.0322452712238,1384.3836879687706,2559.241183551799,-154.19124882233444,14.220074937142565,107.0082788617808,-123.4523591219466,1.0
5045,311.6758852877143,-1472.4270169434653,109.1144858000493,-515.0040768787082,-141.1479922397056,19.30282762168325,107.3109252049596,-142.37973314737164,1.0
5046,-452.11646407843216,477.6794155057608,-34.67540750537829,736.8660478357415,-148.19738042230384,20.193559175961422,111.80751717394189,-127.32123422127461,1.0
5047,-1117.4729571243092,-640.1075477339463,368.4150414391397,-1325.6969725149315,-155.7353887711252,19.000094408055674,99.06871503410406,-132.8843726397784,1.0
5048,-1589.0682914502254,-878.3806312373657,-568.0660727591732,-370.1519237223388,-148.21298947537548,17.672829970094135,101.82791170955802,-135.06426150013291,1.0
5049,578.0205115235561,-1803.9385599401892,402.77404866089137,53.02744196788785,-141.62941826643487,19.370205558732593,108.17655956738756,-134.6745752243863,1.0
5050,-2183.566242205329,-86.70382769636181,-1681.2988266956752,-847.120520435343,-145.39929843635306,16.62514015996841,116.41295618312179,-147.6333015511577,1.0
5051,-2490.4650129125635,756.921133025276,-2168.7662986063265,-1383.6825771233339,-149.53551796582175,15.71978733903539,108.28959431098198,-132.45940096655445,1.0
5052,-1161.5383470063434,245.25490137650013,-1181.654226045957,557.0215100010813,-160.77880459562473,12.15533149997484,99.1193014091859,-128.35046418290585,1.0
5053,-507.31196415983015,61.35066825632032,-2027.041946557879,-982.9754862669315,-152.69202412187698,19.75693849275766,93.99657479041639,-122.81547509806639,1.0
5054,-1767.0617104125656,-1008.9880546137653,-1959.7433393782685,-1692.660415335188,-144.22644494877576,15.677733542599867,119.23945747448178,-136.31018490802202,1.0
5055,-293.74293814422253,-582.490270557014,-260.5914867554803,-49.72086962869084,-157.5157780179905,14.123227296656738,97.58730411844682,-122.88829573688156,1.0
5056,-1821.5454909526782,-2884.4975184922573,-2301.4365148762295,697.4059098525253,-154.0714015695157,14.853405850881138,106.80891869143512,-133.4958756848707,1.0
5057,-979.1680164760384,-863.881216659814,-465.09780817067787,1349.7270639113033,-153.30201664147657,17.826003208521062,93.41409602177717,-129.7868054901223,1.0
5058,-484.93762064602026,-551.1600219494103,-1958.7700848951536,-138.4342296571742,-148.81981434878256,23.888667247960278,95.58119233855545,-134.295748063944,1.0
5059,-402.50774308539576,538.9490507300417,-1347.13031943602,2314.9298786343998,-152.53699043245297,15.187434124562307,99.18471737064374,-131.5123531646406,1.0
5060,-99.59637373372347,-1932.0848698213517,-1916.773944234957,1100.832195144097,-157.6030780899586,15.307408198523122,91.99676575905701,-125.08791293933787,1.0
5061,-117.63544970354977,-362.4723296310066,-557.1300331393564,-2378.333990638795,-153.71453563293232,17.50494913960916,109.83598094752057,-134.45057030393286,1.0
5062,-769.6419127830096,-2468.1332974726656,-988.1540547133515,1618.786013678439,-153.97935248099796,16.38634801778744,96.80720943542266,-117.95837939247396,1.0
5063,-337.7844660962201,-1578.8435062674175,-1042.8182679679317,488.43797111020933,-144.5200757730528,18.015399164995117,109.32248760129644,-131.96480566356541,1.0
5064,-792.1861055204578,237.17015410788994,-1387.1479218085474,-803.2834137167566,-164.48071519433728,11.405220418881376,97.45138890342717,-129.5817893793577,1.0
5065,-85.54010907053025,-507.25684694725095,-280.4753650654472,709.2661770737745,-157.0884923286601,11.8467502162415,97.20444563996979,-125.64511745367165,1.0
5066,-209.89614516045782,-593.5549093063928,-445.6205141415997,1378.7811047861105,-145.7292110477348,13.594511084512355,113.58461804191712,-143.4617699802062,1.0
5067,-239.02143570064308,-554.665599332025,435.69739155012786,-1060.0124115579104,-157.3430784799845,17.47284400191304,99.7976875471615,-127.1644214981987,1.0
5068,-1459.2460785451256,-739.0772273655934,-897.5905885443385,-118.09800743057686,-151.7614042895421,11.703566521893993,100.28603243015318,-130.66400611564882,1.0
5069,-966.3290095235434,-461.82395132119274,-409.51592981477063,171.28658133924966,-152.3939196081519,19.966593859851912,103.40041964074264,-133.79352425172337,1.0
5070,-2896.2430773622164,1665.535116170976,-391.6992841444033,-1398.062953918681,-146.30728732254167,15.49403737109651,104.11393209080907,-138.78289963545586,1.0
5071,-1288.728398375773,-1652.3713424134078,-2702.919865047407,44.75593677954867,-146.12611056625485,24.358346360585646,113.0468542333925,-128.97651074407935,1.0
5072,-3347.807045986486,1557.4690420935888,-848.7718504881432,-1565.8683785232972,-155.07497403029043,7.026223228512535,99.97307336455304,-131.25916917565763,1.0
5073,621.3892665174839,-2892.1090766798043,-1902.396515946908,-402.7148365681822,-155.239457481088,16.150264795466033,110.66617579960419,-133.60067663413813,1.0
5074,-1972.3042345719603,-190.81194269608173,-756.6469634689107,-900.814620269868,-146.27555213629532,19.088196134020336,103.61063892188926,-137.06670433045193,1.0
5075,57.28971292733818,-1278.9049435875875,2169.654227582621,2833.1122570880157,-145.75269075575653,19.830828420851084,103.79167357747053,-128.6384189828908,1.0
5076,-1586.8098588591213,-1707.6070119541002,-2947.1838517474353,-1491.7416169562507,-139.69466886427747,20.645925521629497,113.16620388870462,-137.58378008919678,1.0
5077,-663.9619900820336,-652.5532747712922,166.12676145550435,-971.9965632466146,-156.21963382553642,19.685660570816662,96.10265118210285,-126.00227144668769,1.0
5078,1354.2907752973376,-1033.2217998933634,-770.8393263647317,-717.9176686274528,-158.40697314498567,17.180006568275545,95.67713072897664,-128.6658651763114,1.0
5079,-1397.8848506767988,-2056.335212808789,-1280.6625495894239,766.4000223306585,-148.53812250816858,17.975746700406788,107.70837071766671,-131.8204639527321,1.0
5080,516.7876934407935,-1345.6567166638606,-548.0128716446075,1682.6430180438274,-149.22798479910347,19.896697995431524,106.19920555842012,-129.11926896185201,1.0
5081,64.57539345063745,-1302.8312103023932,-603.1979372785248,-558.9234066829985,-152.9529316632899,16.0083807897939,102.96804071471799,-127.59148256090425,1.0
5082,-1165.1426264710194,210.44469600918896,811.0801777727105,1124.8181701690257,-146.28098122351315,17.529327530087954,113.73514218083565,-144.49494065789267,1.0
5083,-894.2876669737215,-1642.9158140795691,-2545.8285940081996,306.4816419372383,-134.47813406423768,18.55139295557636,112.49956662766799,-151.59247079610788,1.0
5084,435.03390712874807,-1423.22459635939,676.4365195350107,1923.7750674224349,-150.67379919550703,13.514850166418015,115.74700589217585,-139.49185838164672,1.0
5085,-1906.8522111508141,-215.42423763859702,-2022.0600620933824,194.3046743949855,-150.6952595929252,21.80964098324792,102.11897182299228,-133.1252725972587,1.0
5086,187.51146178699835,-914.5052569514892,-2382.3799689566454,-496.1914557483806,-156.74909510524677,11.524394666919317,105.99312522529911,-131.36354284841386,1.0
5087,-466.9541466899825,-895.1363119531128,1252.4011232138755,1072.591335794241,-152.1117210662623,16.347873726934044,98.04357086068566,-126.80255075250382,1.0
5088,-505.3704482617727,111.8279859856668,957.9141212581433,2038.9795071398821,-153.01272821356136,21.53439283559269,107.75173131896054,-124.32100544598003,1.0
5089,-1331.0167556635076,-897.2376312060303,252.06251129065754,1549.964058880182,-157.88856070708428,18.08646124485139,97.42412369997899,-119.61399863927055,1.0
5090,-786.2560997483794,377.8583786002127,-664.1169801321921,489.12739829897475,-151.414946039605,15.216069382199517,103.7213182461825,-128.5771790030918,1.0
5091,180.36502977437542,-2067.289140133866,681.8404773048618,-65.34510717018466,-153.81486227301573,16.179937641044845,102.67714460429464,-119.48785689147056,1.0
5092,2734.290300082355,-794.6953642895271,1807.7393679065983,-2343.738392236992,-153.85418030660358,18.34028029691254,92.10422045316251,-123.4641951361947,1.0
5093,-111.63460119591177,-1654.4054862010412,-913.3429383585841,-379.6156228006212,-140.1804071038521,23.576938223500335,112.75855034656257,-136.3559721875768,1.0
5094,-925.4834738463398,-951.344513985378,-1423.4303509402032,698.4535802932438,-142.2734525568211,18.403816529581913,116.0848477950944,-144.47087736930953,1.0
5095,894.5287299089655,-1920.3023491183346,878.0796277351628,310.1718803605196,-146.05620891801803,16.469802369668354,105.42958393611198,-134.06534674806971,1.0
5096,-3057.0450177781736,2346.2532609465475,-1151.3183287837387,-1639.3312252089056,-150.4007612553927,9.857775794324006,99.13267458180815,-122.40722633088129,1.0
5097,-1010.0388025557837,-682.9976679196218,-1417.8809417474413,329.9496019008265,-151.38090984391218,17.499190776989924,98.62095226008537,-124.55481445728745,1.0
5098,200.99891428946148,26.12110902088348,-1366.798859877178,104.11279785303115,-151.33803036698757,12.289614615535324,109.62830759893552,-132.57039261187938,1.0
5099,401.95920527970975,-381.4660961780042,2143.1000582727643,-1579.6939407412592,-143.18707854234472,18.447801391941866,117.57531504548254,-136.74736640274324,1.0
5100,-1226.214156107187,357.5754456928168,-1126.5866349622495,-266.6740097710159,-146.8777901504113,18.595063545185244,110.49228306805601,-138.89341589934418,1.0
5101,232.16285465421225,-2989.7783473600393,-1762.7855827153164,400.0386174779067,-160.03727895254747,10.892314194684364,84.00018936243868,-124.0465187501518,1.0
5102,-547.4697520394928,-1701.370632061119,-1162.4337200550815,1009.6766572145824,-155.8085365348797,17.937345399092518,102.10432297476322,-131.53356071284085,1.0
5103,-2613.6264910675345,3.1652869575483744,675.0672716003397,122.62919652124329,-149.72328322618685,18.455781962241037,107.56881688090402,-136.85259871110824,1.0
5104,-1117.3027251368026,-1833.7834144703654,-1737.0615661423055,1215.183379760656,-157.09613514652935,11.382366720573732,98.12923375556768,-133.4389213965822,1.0
5105,-551.2530362295413,-1122.6823317963185,-2560.90266969039,250.9099171647665,-142.7016093222258,22.163935694840642,108.9783341023853,-136.7255497252914,1.0
5106,-2048.3790533049664,-331.2881588945347,496.2292334819236,-1947.224878604588,-145.526745378288,17.67042660878664,110.59102569521728,-140.7582125484448,1.0
5107,-46.58521125071875,-2150.697084556124,-2184.911104941045,445.74130940590686,-146.57062886228334,19.490901934270454,118.9733203620903,-128.42110970331942,1.0
5108,-302.2515871905808,-1530.5804421769255,-933.6492543072999,-134.9864591071666,-154.22251462512855,11.468355956444626,97.10048606956771,-125.61503195736579,1.0
5109,-1510.6981807648247,243.76130643877826,-837.438329534209,359.92971810672407,-152.3301821297554,15.90642515727185,102.13425210509256,-129.68053635672285,1.0
5110,-288.82524520039493,-815.331646634846,196.3750406507286,-146.13710113308574,-147.59422253595184,14.887867852538834,103.24288847573288,-129.10093411529354,1.0
5111,-988.826760517517,-400.4385276339965,65.16056012351329,376.6772635790257,-154.5743533773325,10.899339087360158,100.15550180435451,-120.16005602854378,1.0
5112,-1477.8311070363243,115.11555012101618,-739.0495580007511,-1059.0897094674574,-148.50231904241184,20.379549918850714,108.52993033176297,-142.50531339820387,1.0
5113,-1716.7798568921903,-2771.3826777434933,-2537.6867270339762,985.1935613808,-154.62249613920494,10.748488596048848,99.29122800219938,-131.5682189837738,1.0
5114,-590.9728356251911,-1493.4342051390022,-1319.9348269472675,404.6879568751605,-147.93734095997908,14.890887549346743,107.5093253391664,-137.73970751132512,1.0
5115,-661.6950262472063,-328.6878333597412,-1514.7989154934496,-833.6326185716057,-145.56517552407539,15.307100334770356,103.7762220404405,-134.5254875014565,1.0
5116,-228.20271516359614,-848.3902946067632,-408.29780328382554,1646.5569625514997,-153.11919405547857,14.365683175336834,101.09870949541887,-130.73151042189457,1.0
5117,-2518.4546197958107,-419.98039562939783,-345.2279115785681,-53.90191223463333,-151.93411675236533,18.71676191806943,105.97185026705041,-133.4135562043744,1.0
5118,741.3754234835094,-2035.1300000341319,-1540.084330410217,294.21935438282253,-161.02754668738584,15.843925073246956,97.99067169362296,-121.22724712360429,1.0
5119,-414.94974429833763,-36.831033617575805,-1428.718830795183,1379.9041763975422,-155.81429047869733,19.57223209383913,102.77738198608294,-125.14309918145587,1.0
5120,-419.78748010328576,-1162.255595234024,-767.8263991913177,2190.8952520185867,-148.74509567997308,17.818944424397046,103.1347747234843,-126.85088695911065,1.0
5121,-519.0949365088562,-2015.06836131482,-925.0998857332075,1123.7192342131466,-151.32572414358086,20.657801217825224,102.50568577362725,-127.09239879562793,1.0
5122,-1097.4997076541747,-1900.9666034583452,-158.12505278021854,318.3205772864803,-162.00089186493747,13.560966841556183,100.64617867874271,-128.80853784988244,1.0
5123,-69.38504892328854,-790.4247406049252,1047.4814384934484,1526.2035791171015,-146.11470397292183,15.112215976416234,113.39432680604551,-134.22221018920234,1.0
5124,-451.0505903917146,-1651.1966639976076,-129.6481444606118,1023.2086534039341,-143.21653090012657,9.680642292269125,112.85951713797957,-140.39370513046705,1.0
5125,-987.7343928063789,-1178.5092393439859,-2671.2378196716977,-107.09611758866977,-139.43908917413825,12.235051525004922,117.85002641357248,-141.11236447603514,1.0
5126,-870.3877242614627,-2840.3052982769213,-1434.2516115330122,-1802.1314424733011,-150.35036971785303,17.358635729804575,109.46672310931334,-132.03162419576105,1.0
5127,-1100.1878904245293,-1069.2133499796428,-896.0832970949715,961.2753691077078,-148.88657064162047,21.05497160660756,107.50774308717823,-125.44761014101765,1.0
5128,-1777.6010084521756,-1099.873036471748,-1234.1247025816097,1218.6966675813326,-157.11465319296016,17.611421445527405,106.52887562093333,-136.36965972699383,1.0
5129,-2048.99653797553,391.31389110629607,1652.888811114706,-1134.9467833981387,-156.85040305875643,12.361314919163705,105.77413774833053,-132.5831657740317,1.0
5130,-1262.766622819374,477.27253918825113,-494.2400818332842,984.3307728024182,-159.9612651790743,17.765801700639887,97.65564854137276,-127.45520549567469,1.0
5131,-1332.0062910461722,-1324.46580414879,-721.7770426327313,715.5691930219064,-154.39514681854058,16.941327521216873,99.9996434654049,-130.96522768947256,1.0
5132,-80.63304569792152,-93.57920620031396,-24.648042770486654,1020.204515398408,-152.0735662640053,25.60414338707389,104.96937562769351,-135.20321103069648,1.0
5133,-507.7592094821056,-113.74444272650321,-1434.5006415589735,1049.7220313607936,-152.46817906592943,18.590659041858547,112.30316289415133,-127.85565534544693,1.0
5134,410.5561643600421,550.2660308141126,-200.86353735901002,827.953928297646,-149.70487098501994,5.533952106469544,109.79751380348719,-134.40390816581086,1.0
5135,-41.879214585453084,-188.67717347393506,-108.82489821643203,-113.67881756126961,-151.77508476876093,17.79368185690398,101.72615143433917,-137.84691638776303,1.0
5136,-774.4491812834289,332.68565474998934,557.8205154669214,-646.9685284368794,-162.1638836361252,15.114537636113987,93.90315449716252,-120.43512419783997,1.0
5137,-474.349064053513,-1036.9953102972754,-1963.4788660461318,350.37882507275066,-156.68759810900107,18.667658148691007,98.93927536405936,-130.6266572526378,1.0
5138,-2934.973041686473,443.7111611003583,-1309.8928082536363,253.25251151882162,-134.2118651291557,17.82641912157693,117.13931969155685,-138.81324735478185,1.0
5139,-595.3191151994841,-340.5875173126198,93.38162591339176,-276.2514541491736,-144.13589364630468,20.055630825916445,107.91861349324192,-135.28453814273064,1.0
5140,30.36534788008862,-2083.464275032925,-635.0852852099543,1131.740044394677,-151.32345309881768,10.347981443228413,105.96696308286006,-137.5586356553655,1.0
5141,-2502.837764476153,-33.30901230644885,-2517.698225284553,-800.7745663921261,-160.45071046868716,12.026669655259127,98.30269258117747,-137.0990072854561,1.0
5142,-1624.183081970256,-317.5739270411061,-1080.356862505584,-66.01176826494836,-154.10999024833652,16.160903546337227,99.91461603206965,-136.6831534076254,1.0
5143,-445.5461621168075,77.49465973899781,1136.919150432947,1508.9005970840085,-153.63735262039876,17.450923968932887,109.77246001416763,-125.65667868823233,1.0
5144,-294.00992907469805,-1438.5677862206371,-191.65617174390798,968.7733468109681,-152.4045985949506,19.34937033719496,96.07687601664593,-124.70521901341702,1.0
5145,-862.0149956357346,-2369.865409524564,509.3616402043538,784.8444212205853,-153.5892841618399,17.637154813259844,110.29530549671486,-132.0494463080477,1.0
5146,-1260.2627195483892,-1501.262992820468,-2022.0182928529775,252.48787200499982,-150.34731394232,10.988489312827209,103.36552003944992,-132.8393928979173,1.0
5147,-214.56518241408202,-1753.6711314716051,-2380.174187138243,23.06007806036986,-137.2609112001619,21.95365109082549,117.11703904252462,-148.64787554153733,1.0
5148,-1470.2007078152637,-25.047520627696773,-1816.4505304166792,1387.9958459750032,-162.31396528144998,19.623167522470194,93.84337217551396,-127.39068051451918,1.0
5149,-999.8314180106372,-685.0856311320632,534.4575582755334,-962.2008862352908,-152.52507623215945,14.472856187160387,104.19347165085976,-126.09325653742671,1.0
5150,11.247026598558596,-344.94225871867764,884.0154885490847,1154.842745874684,-144.3015358893653,23.375158618570072,108.53216859588804,-127.23122289756816,1.0
5151,-470.8965732575926,277.00467997082234,505.71709086187644,-1581.990406496926,-149.28314140035434,13.480078450633748,104.98977974352604,-131.564713610482,1.0
5152,-2647.083327834413,1246.8726264193733,-681.7457874753537,-1106.3774422483905,-155.24518528152754,18.084096756361284,100.71954501059736,-125.14199469364053,1.0
5153,231.7940213865074,-1741.8263194433648,263.33778838651233,2202.1163556147303,-145.03740579705882,17.819543442162505,110.36247394087557,-138.01798898641914,1.0
5154,1285.3862992982845,-2947.9026074151575,-1880.2167876498504,1009.1566985244999,-148.90011508201556,15.55500943457422,98.4652482490784,-124.41135544191405,1.0
5155,-2888.5993526499356,922.3040391415402,-858.9394105521504,-700.3228580390142,-164.8067041267747,18.286517068977957,102.77490918351945,-123.91492669801455,1.0
5156,-1001.671517629595,-100.70232412229684,245.9856763627267,-1626.9138694767353,-145.86474463405108,14.726760430097576,107.74821046450481,-131.55791986322072,1.0
5157,-1906.5330449171768,-625.7759736860028,-1241.1139039474042,635.6553873635999,-148.76553919350317,17.001972810137374,104.92589787085554,-133.601625757032,1.0
5158,-2326.410257448398,369.88740522990906,-997.3626018679682,-449.28296074002236,-138.69367241059695,14.541562585823636,117.4150287994754,-136.572158912629,1.0
5159,-2838.4185729036635,-62.61614021557859,-4237.10896639452,156.11964548660575,-151.85418206481395,13.303755724408155,96.00276237229114,-119.08692697630843,1.0
5160,-2746.0208182929196,-179.12263085798764,-1910.7894931808219,53.06594820914222,-147.23671487273515,17.640192869866766,104.0892839148422,-141.8123145101493,1.0
5161,1973.142463792639,-3119.7422893177304,-2044.799940078263,-591.9348898282103,-150.43199457105203,16.300080081021537,107.59891488362204,-133.29078714455994,1.0
5162,-912.4794801288665,20.434719339670103,815.6968661844584,-329.59398044114135,-147.11835734565804,16.97960709359388,111.68015452285223,-133.89650035495163,1.0
5163,2338.1449998935523,-3029.393665746817,994.5534449173665,1177.5186031684595,-140.75123199590158,16.7961900416478,112.8544972429325,-130.7822363128613,1.0
5164,-643.2493903459514,-182.6655046783943,98.03572617282933,699.4643802607966,-151.18650352218006,14.45601877517035,109.04812463399007,-132.5608319350068,1.0
5165,-3053.8835897585122,1184.0859575798277,478.4704017599653,-697.7586043941609,-163.19682586534583,13.097961288274943,90.58868551334508,-112.5764969354556,1.0
5166,-1584.6390270564252,-104.30355608561291,-506.56768736886283,-943.1207251670136,-147.78528766022959,24.912563139497912,101.58795580525843,-119.77353223628944,1.0
5167,-2293.364862442089,-3.809560693801961,-1246.1815556956008,-1105.83255279972,-150.34441839527926,16.803817813261592,109.70879727009742,-128.19278562625624,1.0
5168,187.80590688655488,-375.9612321165496,1775.403593627902,-178.12400189621604,-151.46565975203896,8.97590528394252,100.9115005533034,-133.8110302435017,1.0
5169,-1589.98673331825,-48.5732296438585,-341.51991876640045,-2506.7370662272224,-151.02965310118987,17.22488813746304,107.93290854135392,-139.81198618316952,1.0
5170,-782.5821899644094,-1117.3841462051525,-579.5580191082346,110.46500428954997,-160.11595267072275,14.968018517227016,95.81534904305764,-120.78879395924807,1.0
5171,-1901.6978757694046,-2257.787621852343,-2750.4068963131294,-521.9967378714629,-153.91615626616732,18.890031567211896,108.90745448822385,-137.99431416079187,1.0
5172,-1060.7667345019117,-1229.6111127942565,-697.9889536679012,1064.9946614293722,-152.03872895140594,12.451053962378463,99.98561030783718,-126.27525357525869,1.0
5173,-135.9486710087307,-819.1541404454505,362.0776896168107,1866.5416690945908,-150.97818390189502,19.324682410785506,97.33407772924079,-137.4759095137907,1.0
5174,-866.7224930258989,-1.2911645697780694,-1133.645988292647,-506.13074969600916,-149.2387680023589,17.91499555378038,109.35656409718463,-126.25004100850272,1.0
5175,389.84948726782824,-1024.392945754737,-959.089451200765,86.87221231909108,-145.7532448801702,16.30094497860901,96.98440801694052,-127.57808140734892,1.0
5176,299.4283540923751,-3234.5381357936776,-2550.6144983708177,308.82745697699033,-142.95223523475335,17.777773885492472,105.88832757109553,-125.40948094361936,1.0
5177,22.35170128936632,-2663.4031875400847,-3583.743148420852,1248.4516721432724,-161.1391615741874,12.677624250771512,104.52140046811826,-127.86729288839248,1.0
5178,-421.79853579389004,-1630.922277108593,-892.1390221121244,43.87859298207443,-149.34322038898134,15.601886481650345,108.1450751295871,-136.7442873127332,1.0
5179,-690.3061199314974,-933.6460455357608,-765.7669065012499,-641.0400824629214,-155.14516407192795,12.832842778088189,104.77166400630311,-126.11000201362282,1.0
5180,-1850.1928192775856,-1049.9287017459105,-1086.8168984336696,-801.6836069867239,-154.4539298260269,14.10164881681224,101.60826882271242,-124.79103719409567,1.0
5181,-1719.2502719367985,1547.5232086584017,505.2776405563475,-3159.280913181789,-158.35875446585314,13.469442232334112,95.2224427720209,-125.26290738712058,1.0
5182,-747.5385818978145,-1183.4238565614085,-686.2028822003637,502.6776912009804,-155.7977516051089,12.101884129938822,95.2157276778591,-123.44087055030792,1.0
5183,-1916.3296348049369,-2335.025642320237,-2156.5837475359326,-81.48827879617971,-144.87320946534243,17.174938098632268,106.6139016609409,-122.94884908704205,1.0
5184,-1660.194268812287,-1782.5609469222438,-766.4860753709615,1170.4378561139524,-153.14717553727513,17.50029766932134,101.28115085869109,-132.83028857556303,1.0
5185,-341.697142477632,-742.1096027320773,432.66866564758953,362.2908230049002,-157.88677339064793,15.047083969381283,98.14284932138258,-128.7098055515523,1.0
5186,520.4352751202676,-1266.74367913083,628.8090288369317,1873.063257165675,-154.84284893552714,13.5286560874642,100.95306902467613,-134.09609413393966,1.0
5187,-507.823907043808,-411.48492697071356,-1560.7721607859912,-806.8307360081642,-151.56712253274142,13.379436147633239,103.34230581617679,-123.11954179145089,1.0
5188,-142.53045196394984,-1008.7222783852699,90.50848322622555,-210.51494406983693,-152.74593923421386,11.19993057763045,103.96546576815422,-131.95205643614702,1.0
5189,-989.6406031394497,77.66034550844903,-944.0998764248912,1580.861355664965,-151.4777514356963,21.22671794494611,102.63254424883085,-135.92377613917347,1.0
5190,1210.6585283227496,-1925.4747036228666,-1679.1831900057734,-1949.3674017092187,-151.46241671249015,14.68691323440868,101.19538038896155,-126.63773281329621,1.0
5191,-1744.3589791300124,1130.3225885084971,-830.2959879306461,-1878.3495043060354,-150.5039882058854,14.963201834066265,101.18263799378954,-127.10109389447484,1.0
5192,-196.1002799818852,-952.4590995244706,-1164.753243985695,-375.447327759163,-159.21594581416701,14.904979017615478,98.62416251851586,-127.87579713023618,1.0
5193,-350.46149847853155,-1335.225950537037,-1899.3632279334452,-804.3289255192666,-159.03228928066054,11.85269625275031,105.39479905740787,-127.19596952028868,1.0
5194,-729.2879980866122,-53.167484185816726,-1481.8782048209569,-541.4017591177492,-156.46357561837888,15.213264912762913,99.79989777167883,-128.0431967477291,1.0
5195,-415.8767522589691,-798.6699958108428,-1505.1677556449388,1592.2622268561308,-151.14041510263522,15.42951535837734,108.69602893650449,-131.33525355841408,1.0
5196,-3982.2366674584523,3306.3956216480474,-626.8318786799244,-3382.7232241635884,-145.67150428720512,21.45956366462852,109.90234568884145,-128.1036756614985,1.0
5197,1451.7563176564854,-2566.6685278012064,-1271.553160555509,-268.8372360783274,-153.98069837870895,13.384222518297282,110.89268362793256,-132.88280189941784,1.0
5198,524.30736087822,-1853.7503613218294,1660.9101022900436,2130.1150928587167,-157.27184408556477,17.332398248370183,94.87839767310619,-121.40347532593219,1.0
5199,653.1378225745257,-627.4423034863548,-96.17864126595302,-1443.4971327971082,-148.80884775951174,19.745636613867493,111.5821441198729,-130.8808515359673,1.0
5200,-887.8735446846839,98.51384527933863,-795.5789857649378,-374.6762887863087,-158.63569683485824,14.027531832111972,100.35441510282719,-126.92833945630183,1.0
5201,-699.7197875145725,-809.9719525175844,-1365.2498584742584,-2270.68303737316,-157.901381140787,7.353049643036668,105.40121431349432,-128.87442737663707,1.0
5202,-1670.371991821229,103.31906036811421,-1814.8273285745393,-1161.4277063074144,-138.45323121587012,19.055641208922175,114.99652730354279,-139.7996566414429,1.0
5203,-634.2208112276778,-1463.7083927864342,-1742.1347447175942,737.4841937284821,-157.35140811700134,18.211675900181316,90.415980792784,-127.72062457479151,1.0
5204,-748.6511209555648,-1026.3316540421654,-1217.8828952533247,228.20140114171232,-154.7241625010894,15.372697634951503,98.6268723846512,-121.69932859826498,1.0
5205,-1222.0098585977698,-2784.209924521599,-1588.9407261566737,-207.99356102216743,-140.5735747041707,19.90387073605168,103.84183315295812,-127.93826690941818,1.0
5206,-252.94914621665714,-1836.3444740139544,1243.229975775908,547.0058073310437,-153.55738716743184,15.036394436696446,96.7757594585965,-123.60701340461016,1.0
5207,-1923.9650535311196,36.81835148510672,-1486.4569841568002,-183.42583592235147,-150.74605694983026,23.319048631369533,103.7802355944196,-135.85405563432903,1.0
5208,-1253.1534069091845,-25.19925016760095,356.7650607823026,5.480913206624449,-138.87315375732732,16.600799561515576,119.71673715619752,-140.24499510632327,1.0
5209,901.2686956908665,-1857.1881345819693,361.06652519854964,533.896646937915,-148.32801356555836,16.85007738536792,118.34445647540782,-138.24545414648878,1.0
5210,-629.9155013896333,-1713.0351901405838,-1935.5543077550738,946.6700151815728,-145.81518676180278,14.183540714916742,112.1468411124602,-135.6040236435217,1.0
5211,-1452.1906765446377,-1420.3305658610063,-1728.8200297272372,-471.08909360244104,-152.7560498547114,16.74087637543531,102.0033757256112,-134.45461388854537,1.0
5212,-728.2332921131051,-243.98292943616119,-2296.490952660974,825.598298611895,-149.64026742608183,20.599294221611807,98.76021034766764,-121.72896003041065,1.0
5213,-687.3410897555364,382.1381478193573,-1316.2121320590481,-575.6664865671786,-151.02150038329953,17.359457492978695,102.86559069704516,-130.5116284701089,1.0
5214,-2965.24730011898,-287.62709785756596,-1040.8584867105176,-1701.0224122567038,-155.2137136826753,7.957910429736746,94.84772268964376,-123.3149559424931,1.0
5215,-1676.0810759589494,-181.36441348759047,-2517.3424101300234,-973.0148478766005,-141.1443795872576,16.928387382268163,107.58808031483505,-137.90374673749724,1.0
5216,-560.9310741324481,-1368.8082106447969,-44.70859874819255,1707.4469586457747,-155.89142395746546,15.963952716798458,95.76832243167864,-123.05141482366264,1.0
5217,366.7634190729453,-430.667993526673,420.57069277242937,458.27268533229756,-144.33611529023747,19.617754233569922,116.36108351920272,-145.62712085945964,1.0
5218,-71.90651462267313,-862.3511653201512,-324.44600650143013,-27.04539291946758,-151.05375085542167,14.528249481892887,103.53282432474757,-125.77186377009313,1.0
5219,-2983.8471065366166,774.9114794027495,-1186.17922879806,-1178.2559170878417,-141.97188989011667,23.91708379616222,110.18053498297495,-133.15770398608282,1.0
5220,-1511.7748958593813,-492.3907152396346,-1932.7696291291081,1041.0686606627605,-152.64500673971992,12.679052141477621,98.20007748442724,-134.1839355981704,1.0
5221,112.36940813544518,-1073.6803487495015,172.10656534800071,-1555.8711193870713,-153.23284935086141,14.492545423636422,111.94844776046797,-130.6479048513928,1.0
5222,895.4375214746954,-1255.9697576815602,1413.3597395721329,-1321.915910541479,-160.4592973274155,15.83835903139386,102.2511396537134,-127.20289660778612,1.0
5223,-53.24105546086797,-1386.6500372963167,-468.83192976848204,-614.4046358126269,-154.34738151191732,13.066350523629195,99.39739826927318,-122.92269858145768,1.0
5224,-815.7575292963359,-1605.9863298215353,-168.2494404529924,613.1510830651932,-154.95474255198977,10.222439201508378,107.6604484832159,-135.2942979610609,1.0
5225,-728.0412516923104,-2033.2747085126,-2025.3896076416331,27.018517732622215,-141.80114151932406,19.698934503245734,104.77607345118231,-140.50195895535475,1.0
5226,1319.056658848289,-3878.8487076661713,445.87244694172125,351.50531978633154,-153.74344414284064,20.062324787652265,97.29256338633022,-125.61283563219165,1.0
5227,-2381.6669922295314,1321.4691329546104,-24.519242083171566,154.78699434602308,-148.16045816690382,22.271489458296127,107.8010803793871,-133.48329094846585,1.0
5228,-1186.5922723379485,-159.9649851112312,-418.7501916008198,-1050.928258050602,-152.86151233457815,21.88563014925231,104.48411483343264,-129.8524109364712,1.0
5229,-876.7899834483084,-1525.5754715835326,-3194.4963042582026,-858.6164455871404,-155.8427134585952,12.535812453512822,99.91336511594989,-124.45289658590163,1.0
5230,-2637.290375667439,644.3754011643391,-241.67044502899896,-707.3982343835564,-151.7320963665247,17.072605684826588,111.26001228312091,-134.3648114939896,1.0
5231,-1604.3054263699032,-675.658345199262,-1134.0666492802216,-1071.0391706067696,-156.7355148283639,13.101455602515701,105.66267494036988,-130.1222001406563,1.0
5232,-512.2825040365723,-1021.6999660321861,-64.89429865045653,1761.4808354503107,-149.07276266151752,11.12288732161053,108.38873058156824,-139.83680184800693,1.0
5233,-174.460160051603,-1325.7668911147337,-1650.2765737394411,-581.4547679364317,-143.8425864508355,20.262709078846804,103.21831389188216,-134.99182727776284,1.0
5234,-106.20788897693781,-2527.9010372796233,463.9947432566591,2420.857103946165,-154.08383345672712,16.59641940059366,110.53391913736108,-134.84826966430833,1.0
5235,3384.3807669232574,-3209.208167284406,1100.46922973519,-39.560891236448214,-150.03010870778388,15.43475900889663,106.27113764637357,-130.27786348662838,1.0
5236,-723.397261008303,-984.4532768899809,-755.5132547810932,41.547784632587906,-149.11582001908607,15.208585495681486,111.41528419034866,-135.13536544160877,1.0
5237,-139.40603680070888,-929.3896818845999,-662.7670895795616,1604.8250296284125,-161.7639764990793,17.817868588100513,100.05480617864016,-131.62488894537663,1.0
5238,-1875.0306883530757,-122.08760282069771,-744.7134231671959,-689.0727709696257,-149.15220789831494,16.443518707395636,103.86024798157868,-129.99147714094937,1.0
5239,-1308.5178411625177,-100.38272171924821,-1596.4735459284182,-941.0409831049819,-149.5711226698959,17.05341253718935,109.91812648005202,-136.50331587767838,1.0
5240,-600.4692610068217,-969.1173414642634,383.1857998949867,-156.13446041548292,-146.20720969922374,26.110808690197047,103.5763452569915,-127.07523669585365,1.0
5241,-900.841357150314,-1611.666266409584,-2002.5337889782882,146.4558611284238,-150.35983505254816,14.326015590279528,107.07204230355184,-131.8795465284238,1.0
5242,802.1701193984934,-1929.8964578216699,-900.9751010045427,176.63858738715894,-152.38190251923896,15.046679258907245,103.0373989664791,-130.54248089018347,1.0
5243,-500.95033578289537,-228.8950255472096,827.530800720356,-1278.368727074326,-147.208295423888,19.86128865795849,104.20413864366814,-133.35603863349817,1.0
5244,-254.55612601166828,-1535.0945461943074,-532.9663135780324,1247.291655428791,-151.9486642344478,8.017093640703452,113.13557177682085,-129.68289944349536,1.0
5245,186.66641116921403,-1980.6704074797196,-1349.17777513899,1346.6169187407015,-155.33712791811084,20.760736240578122,93.26867820152619,-127.98731057583541,1.0
5246,-1734.98256577966,-1654.900483486635,-3330.119098196705,-1255.7897340847264,-154.0932064306054,22.597027955835603,93.67890666662805,-117.81493479155085,1.0
5247,-896.2162395028122,-2406.4877121714985,-3565.248211031343,477.0000566408908,-151.01187841170506,15.266270486368677,107.83344487572315,-138.422511186476,1.0
5248,-183.41602138997874,322.02603673826326,-678.5695814211113,-1151.5453434157087,-147.68128410307423,19.655314728617075,112.47976397927724,-139.3848251475868,1.0
5249,1446.8880032283248,-2353.7225219793727,-1994.7548727447486,-501.40964003311984,-160.73773443391184,9.357220508232292,94.6041243513933,-122.21293217000122,1.0
5250,943.974660126489,-2516.911324410233,-1307.6334229935017,-1958.6066138375395,-152.94931469189834,11.893264681703197,104.33776805136968,-135.6846548271839,1.0
5251,-1278.8139328491077,37.34352692725127,-2289.032301573368,848.1780547867711,-156.4356665079121,17.92297257354904,103.62782895872023,-134.29169481359503,1.0
5252,-316.99183897419186,-322.27154298986125,-680.1375867626374,1337.6074151417818,-145.13765662047632,17.130140379957055,107.14266488897228,-136.17645115356603,1.0
5253,-742.3805651257294,-869.2994716916586,791.5453777499026,744.6770538821266,-154.46759278074344,18.360770055230038,99.42186999064884,-128.06113637403516,1.0
5254,-36.539167221350034,-1457.033006021561,-2621.2587195645633,30.074308362221235,-156.2226176343631,15.861093735962283,95.45925082193351,-128.71619842005705,1.0
5255,-295.74239334428967,-948.6468051216061,-848.0483369570787,-1145.9904028780581,-152.43253026568826,22.088325258502486,111.14449085926701,-130.6094457552952,1.0
5256,-1200.9749616678498,-1054.264966245842,-71.86891101721167,1358.4583940273383,-152.14050082150862,11.676997077437573,103.22886774745784,-120.52055175301598,1.0
5257,-816.2874263043301,-379.9996451338933,-1117.9778523299208,1251.680066468458,-155.05168946311255,14.807922942429279,91.96577686317919,-121.88447924866308,1.0
5258,-1404.7054419562303,-1234.5707349712745,-2184.026292237948,1986.5326785814425,-157.70255273360107,18.68741684524025,94.97632052706597,-127.76237824128172,1.0
5259,-2195.0616802836853,-408.5489626331357,-2026.5030800868615,-1288.1588655234054,-152.08474676252817,14.031007510679203,110.16866492854439,-128.7313992517101,1.0
5260,-1658.8879439800862,-1038.595967507643,-929.9987927975639,-1461.411383897726,-157.37505501905517,20.599487725474198,91.39866384415326,-122.09940033448757,1.0
5261,-369.13546186307366,-2394.9537002095353,-2082.959373642827,867.5234407767512,-141.05211657177855,19.956120378854898,108.50763064506975,-131.1326585178375,1.0
5262,820.743936886125,-1359.0894418830571,-349.9760615925633,-1171.244268385213,-155.29816927008076,15.546805330446947,105.11860892283255,-126.99550398700188,1.0
5263,87.24707145519,-798.530355562961,1312.921578129109,359.8034651474531,-140.58678059548316,20.044426814772137,105.64531980403413,-126.86562860227087,1.0
5264,289.9975495771304,-1806.4279179098012,-1371.970993324787,-1136.844232372183,-147.95017682426845,20.362831912233823,109.59887695778467,-137.81045074566825,1.0
5265,-1089.5843244007096,144.03836286307086,-1260.0805962665238,1318.2095134149413,-152.83332774907146,18.513200384034402,105.16412691241146,-137.3300827931979,1.0
5266,-2326.455264262517,903.1977975387024,-1808.9862188420673,-1364.715638773628,-157.4010610600911,17.3708157831095,93.14693970608889,-122.09428311667439,1.0
5267,-624.3680493313476,-1214.7848544444103,-711.0049679121618,395.74260091308673,-142.5480672192248,20.326054910704833,114.51341734572921,-139.66345636464592,1.0
5268,-1336.7018834906028,-972.6860464979775,183.270116861951,-368.75809455077075,-148.5171726464031,11.226526617535614,105.3816754373413,-120.34975555473392,1.0
5269,-1013.6083916482883,-1121.1305997729417,-3349.6097394108438,228.15162188465294,-153.31692756169076,12.716151746985805,102.22737922316526,-130.68604255727791,1.0
5270,1821.5782517225332,-2532.6495530669285,370.77057635891885,39.31037769011751,-154.47544291876392,17.58362230269623,105.35662067523354,-136.37520751655438,1.0
5271,-932.9765542160523,-2577.487135656435,-867.4131804743056,574.4915809788324,-153.02815143999112,11.349502631112793,110.32029369161319,-136.72071529088916,1.0
5272,-771.0338234779326,-248.6000472009027,-1234.146562666106,1453.9942454601533,-154.76504088658922,15.414923102206302,104.66159083521224,-132.35674998304,1.0
5273,-884.4252263615836,-1518.7911379940372,-2006.2832774460287,451.7838693539819,-164.9662473274927,15.683130332313349,97.82121210967243,-115.42300456584385,1.0
5274,-1044.517643953507,294.6277547489585,-1812.3678155670307,-2547.436574600439,-151.05573558149555,19.58928943648991,103.87631145441193,-132.22610206843626,1.0
5275,-1038.9582829836997,-912.8555846302581,-3631.3263446115247,-25.563205073962216,-143.59005733459435,20.006765497604988,116.07039972971411,-146.6622091124206,1.0
5276,-818.5540273465092,-833.4884125460262,68.67363116611692,53.00859619908624,-148.75435516799772,14.778412285402068,111.79084440820637,-131.31182023409994,1.0
5277,-947.3654212839307,-2778.066262992421,-574.2167968337884,-106.55404887139295,-147.14780811056139,16.753718813716485,104.2604363439997,-130.63474008777155,1.0
5278,-303.716964305788,-750.6136046745564,698.3095511001499,118.36366811988945,-157.76149312624077,16.34909218668025,98.41964279615762,-126.03754421502448,1.0
5279,-579.7961100195772,48.80960151570396,-1670.5035774834585,1906.5187328601621,-153.8592242001171,19.003498202948695,100.28290654017287,-134.21738716962247,1.0
5280,-1992.8755992338688,-1874.7254362905185,-3396.83294653186,383.4302591583832,-157.2996472849118,11.875557429746697,104.6326223260629,-137.79755750340462,1.0
5281,-1962.521648917906,-750.6842243855086,-2894.8158099018233,-516.8297760191643,-145.51244093492073,23.221348789045088,104.87892346882037,-129.85691471760694,1.0
5282,-1600.6377801034853,267.44424423731516,-2717.0518248589688,356.3882723924925,-142.785172245063,18.50198250023267,114.19151045721672,-131.99218807319073,1.0
5283,12.552498311745964,465.6605132137988,-265.59616851534406,1717.4510991181548,-149.3986657222659,18.12288791732915,103.60007999918764,-137.23122244503853,1.0
5284,1589.7291106086473,-2297.9525183846004,-267.08424797121256,-1594.720243664073,-144.98661737986802,18.633053856686615,105.631716804635,-129.74729782588417,1.0
5285,-2560.305599375573,-1014.7482417292617,-1804.602219362874,1335.5244194150937,-149.28957986244,16.765582054871466,109.67849807118786,-137.632887090678,1.0
5286,311.59045954296073,399.3760803284269,-1494.5006663410525,479.65837738752066,-147.74180172850424,15.84948202796678,111.29229736483131,-132.72121229136636,1.0
5287,-376.08665755638316,-164.1025107080141,-738.5234164788069,863.1879093642838,-152.32632858773934,12.032855750385234,94.5216405850652,-124.85989146591542,1.0
5288,-2058.5494263011074,-778.1128563911391,-2801.518350908183,188.52490933684368,-153.36209524236963,14.980309761576356,105.18670437010063,-132.92746640761143,1.0
5289,-2490.319854590002,1275.9719552788351,-1985.2639307820468,-212.07512802522467,-144.59429290491707,15.140463037966118,110.63857534363122,-142.0681163280589,1.0
5290,476.09573771091476,-118.44512950523551,737.2160439743371,462.36251972541316,-137.61417354909423,17.27914359136245,117.68688705423864,-142.63787136188031,1.0
5291,-1718.2539963025058,153.5097935968608,-2162.2329488292503,-645.4258125736463,-146.22320553971485,17.86976001366687,105.14454619773525,-143.50977891989146,1.0
5292,-2853.857761277049,1102.1773123206376,-916.7928593495766,-1668.483602856578,-158.87320664200453,8.035617521954244,103.63245100548353,-124.7799670112847,1.0
5293,207.68343841486936,-2052.6609118772008,305.19584778265937,-514.6452913031101,-150.52834192812423,17.331126795252732,101.99862723747498,-120.84228510020787,1.0
5294,-1293.4310083657883,355.6069864527599,-353.083238384704,519.8853335830672,-153.2652739566569,20.49553571210922,118.42842440308715,-136.2550560128745,1.0
5295,284.99221640177433,-1951.6621999468314,-1169.6405732840085,-1268.2223542160666,-153.37313471194136,16.522022039051908,103.05586460541053,-135.04944469971988,1.0
5296,334.6839354038586,-1285.7333402602221,-177.65991697309536,-78.35675976504402,-153.9420115204757,9.323234708113748,101.16580914671,-135.14268293192657,1.0
5297,-2335.12692966173,-149.729056113153,-3052.4360649954515,565.7376832009284,-153.43420398276035,17.22125609618581,106.92769255391397,-126.12260344937893,1.0
5298,-527.896585083521,-1756.347373336605,-376.2892765254956,-34.919226055698005,-144.90185003260615,17.469993607220353,109.81195237211338,-140.84889017364338,1.0
5299,-209.62680204329098,-1636.1265219059533,-756.4610339560834,356.01724887143837,-156.17089461229705,18.140518555487706,102.68205767463104,-131.3479166991861,1.0
5300,-988.6881013764109,100.03275622130164,-2073.182292545713,824.8119238984757,-150.89955917087997,17.64329386531182,101.14436298138271,-127.61619169884878,1.0
5301,-615.7670005636782,-1188.5723915054507,-1159.3500160091148,-1567.1577086765608,-154.3580580224289,9.53065334283314,100.8616687330882,-130.46067595758774,1.0
5302,642.4140938092047,-459.07951705175157,441.9155694445116,1346.7896411906222,-151.2763165126366,9.607117345476086,109.52745977881693,-131.56026168330436,1.0
5303,115.61286975523124,-1484.019649507663,-1239.0921939858167,653.6986028697859,-149.50652823798896,19.19010875042994,102.66010364449507,-133.69480614202928,1.0
5304,-1481.504143173245,-745.7656797805569,-3506.5782753015696,-1147.5191654794362,-156.54341533010253,13.886665463389994,95.89848164511146,-115.90982538600812,1.0
5305,-1169.0248714372897,-701.6283476564461,-2318.188284220905,1004.8412693135876,-172.06995378926192,3.905428817025717,87.73705412814309,-110.32103386910217,1.0
5306,-1773.9422534278626,-140.61374634084385,672.4038027615026,-620.5989488888131,-146.65757163912127,17.80569342966931,115.27354846675338,-136.08072221211674,1.0
5307,294.0616355446246,-862.1411222417358,-270.3931102643482,-63.82751949707923,-152.48436763374048,11.564705160022822,104.42811670112681,-118.78766826642429,1.0
5308,-1332.2018995150013,750.3347944183823,1170.6560766613227,-1414.509708960448,-159.1401623656808,17.024758370222763,104.28631046866948,-126.87047176824665,1.0
5309,-172.39240324050687,118.63455182192817,148.07268814595614,-93.54175267483456,-157.61688181969117,16.306668171282517,104.17070056454472,-122.68018913592631,1.0
5310,-601.7374155411776,-402.16470186725167,-604.767390002241,-668.614891774393,-154.3831707841572,16.693609887666845,100.64555197927328,-123.16145124416396,1.0
5311,-1309.8329403081705,-2565.2806281344706,-2054.0332856426417,1382.2703422566065,-151.4112486533925,15.428253084189675,105.92179689114673,-134.2191061371504,1.0
5312,551.7719895849272,-2757.096473358352,174.77554840084235,54.208355109090846,-156.9432060617473,14.571295425634535,93.74755407327746,-123.01769394438554,1.0
5313,-1286.8964820074154,-2033.0760098630485,-1912.2213394227128,484.15581711704596,-151.44355221611866,10.804818204421021,106.85398803249541,-131.41288205233548,1.0
5314,-563.3290782779779,-2338.7238211762137,-1989.6960492676412,2277.964986904242,-148.57874294971688,10.74620521612885,101.58085812148573,-130.5132226922955,1.0
5315,995.0918148619457,-1788.45933458267,171.45058815829827,1850.2993766687352,-155.92289606257327,14.681758944056309,102.95165987454396,-120.938176380351,1.0
5316,-662.341584105885,-1288.9201905871876,86.91571598852113,-374.44985721442055,-140.3308707989152,19.604903726191246,117.529677504038,-150.31486908103554,1.0
5317,383.63222503545603,408.2787140202727,1941.7791042598335,-1562.9774098573316,-154.74479491080726,15.166656273417686,102.23939963628425,-127.55313451074177,1.0
5318,-311.9596320325815,-612.0204360691213,2815.432913009011,2792.7025623121185,-150.06369872170066,17.14004684956213,106.9535673491526,-137.51796106032438,1.0
5319,-1103.0389474028752,-906.6691887916227,-904.5062180805787,1526.0938596363635,-144.3424722240436,19.69615383590929,103.80223674593734,-142.1093237878868,1.0
5320,772.9663293871773,-895.8108743851313,1240.4611455533452,1610.932935635511,-152.25338656949475,10.019036532963234,101.42751043625195,-125.71804547557656,1.0
5321,-275.06590046780815,-1379.1000769529905,-1417.0661760388384,-1175.0488470101243,-154.02728252924263,20.460453819565203,97.800512725811,-130.83162442718296,1.0
5322,-471.22831481589276,-1573.9126691147678,-1563.4712574893533,17.551811005025307,-148.77088835273906,17.857424268045957,112.82757321700043,-135.69677326519627,1.0
5323,-581.6221914384416,-32.082052412537756,102.23269166698906,896.8030072205298,-156.94994886520865,18.07106825923434,88.85283371533967,-117.28260804979921,1.0
5324,-1122.8688991920117,-659.7845171407644,-755.7535213190434,1117.6767496400887,-152.5547680751314,10.154901023747954,106.42468887631297,-135.2343103372958,1.0
5325,-927.3317367098338,-187.19684144998672,-872.5365024931134,-1052.060888218996,-150.9474308247651,14.128518991122188,107.46878664286017,-133.72376770260573,1.0
5326,-893.3218553675158,82.65037493233517,-3204.01217055507,208.5722025801095,-153.30399531645412,14.014833316491014,99.92003574306278,-123.02897766342035,1.0
5327,2069.182373828658,-2398.97943753572,-1865.7493052156578,-30.725918148738383,-150.76783052903573,20.24411417907236,106.66843178837945,-134.1925980930161,1.0
5328,-1273.8711417737163,-972.8290598700794,-970.9522582545661,-609.3579166820336,-145.95003743163764,19.904811888721845,103.76169496031582,-130.259584021,1.0
5329,-564.3225284249943,-1565.3417612579242,-1246.1355782557464,-945.7156579932005,-156.46050784638032,15.208873224833894,95.35677632939075,-134.81658651894264,1.0
5330,-2307.4985719834203,228.85946916084936,287.6318602479644,-443.7488793148779,-158.0550094779528,16.398855892985857,101.60119820517741,-129.2738070954853,1.0
5331,-735.9796771835192,-1419.8605735923309,-2512.4188041071166,16.69745314433263,-150.8906103006001,16.076720129306025,104.22631483818819,-127.21988068999384,1.0
5332,-739.7158175549488,-715.430468696708,-464.00231249167615,991.8843689153093,-149.1727066126862,17.4622013363785,106.33994642759089,-127.46926418143843,1.0
5333,-212.14121639511683,-2102.172158969196,-2743.4856651867503,-1124.6599266616277,-156.61259343357295,19.947187438394682,95.68559203138376,-125.18395669713404,1.0
5334,33.661169955104384,-1571.4625743625666,-1044.8238141342033,-819.2832494568453,-145.58271918469347,23.147967550717638,111.43463682335917,-131.80866199140476,1.0
5335,-494.160640734436,-878.450541916859,-1060.1239098616907,1766.4024465138552,-160.12840473503024,20.09501020520146,99.76903499275967,-120.48663682535125,1.0
5336,1048.4048480979552,-1713.1303241783157,143.78169594686534,-389.2812224069631,-158.73970625231098,18.95246653186017,96.94234866914452,-113.38729594740855,1.0
5337,541.9533690127773,-1179.6528697408326,-1588.7343794327896,-150.87374102177574,-150.6382224376618,16.25679947295,108.28285511204523,-136.2818420868162,1.0
5338,-695.3110414169774,-282.69673110220776,-2392.1610279685187,-1391.1720041480037,-153.86783195222395,20.750689113831044,102.79388036327794,-131.7594766718626,1.0
5339,63.097164726114244,-1557.9885792540877,-172.34107325121474,2160.174490634705,-146.63017172130102,16.667948619044694,101.28935153402034,-122.8960539640068,1.0
5340,-577.222991300121,-161.53540739897434,-315.27372437465647,2354.700237213489,-152.63611004856241,19.31980133076147,103.58751731843698,-131.94623054975605,1.0
5341,1220.9837483996012,-2079.393360546105,-208.47604536460173,-1123.1240321391788,-156.292822651717,12.077823568420682,94.94425115185334,-124.14627168936192,1.0
5342,-388.22199883665564,-362.26634504774273,-41.9707066806137,-240.96342188517835,-151.97558637377935,23.226496057046802,99.96802542342539,-132.3657611492131,1.0
5343,-598.8048328780966,-358.8731373029427,-1780.5554894077757,-1256.5195102764358,-147.09761081869294,18.256402976443916,109.18248704326587,-134.0342899360636,1.0
5344,-537.4429543021298,-818.9118933693256,-572.3884774929868,977.3809678998329,-143.87568379426125,15.35424902383684,119.27674467278514,-138.52327712731764,1.0
5345,-907.9933755391506,-679.0961440468657,-1020.7632139197932,-1784.2817949915232,-153.95893855224023,15.095971734785685,98.25516207683575,-126.49118351397445,1.0
5346,-1403.6957762538043,-548.8525725799261,-1974.3403144468195,287.7429476226611,-157.0144755385009,13.738190108409249,105.12035006427276,-132.22010741212506,1.0
5347,-1803.108065780145,-521.9160381976295,-1021.5909776259674,-591.5354688972125,-157.155533204921,19.699428511880217,101.53773007663239,-127.45736428409589,1.0
5348,-1196.39966868199,-676.6749545519281,408.8747943536481,-1043.4735386816042,-149.98250743828422,12.750589978606882,101.495629235177,-133.52330251683458,1.0
5349,-1750.0973126178533,-286.4220967187669,53.57521824285645,-727.8315525494697,-150.14923385649118,19.810061941209753,110.58171391431773,-132.48431355270242,1.0
5350,-1501.1033803651412,162.77974946320705,458.3278516730218,-1861.141840731665,-151.45798930192686,15.640065890275856,111.88833937206597,-135.49137250997393,1.0
5351,-2238.525066358509,587.9433370288688,-1543.528451257127,-1363.7368577964485,-145.23026846510584,15.92602469858807,118.19600681149319,-136.39506419736696,1.0
5352,-1474.2729288809712,-824.6195665092885,-715.4359362308095,-19.342541031423576,-155.11368348143426,9.148776571487694,95.98631716942361,-126.03413301956597,1.0
5353,-1035.9151709871348,-683.7577740498352,-1951.7150435480703,-1114.3994920833072,-163.91662462725165,12.534201438085997,87.50600523026282,-116.23007952858053,1.0
5354,-398.42216649553546,-1029.0213606658526,-1461.4740382348714,267.56970637681474,-161.46970553967128,10.078879145308035,99.63851653122308,-121.35551148820372,1.0
5355,-2385.0205456784647,907.1621058030505,1361.9249102712206,23.676282960693506,-150.5537428955207,19.498349006676282,110.68146190703621,-136.89499547865023,1.0
5356,-955.7932380348286,-2105.9157699096745,-2517.5876200992693,429.13761719688546,-149.6720424435622,18.045765048493852,104.14850028662198,-131.07928279275157,1.0
5357,465.99267688321424,130.11735259681916,797.0459496559596,2163.6752823144675,-147.41648701013384,13.44012331419097,109.81997270589318,-141.87961067283118,1.0
5358,-620.1100950252961,-62.10162318540294,-548.6148234732063,1333.493380927816,-151.4531596031345,17.509057396683573,108.51173771751405,-127.67174455138127,1.0
5359,-2018.2389117089988,-729.7572879495908,-603.0616039945594,122.28801722097651,-155.3959142343922,15.008760190293273,98.82100567109404,-120.29456795928111,1.0
5360,-2073.8912046840646,695.8009712090552,1634.1986918451953,-2255.584899417349,-147.68866320169883,14.344575308751567,112.4792590620099,-140.2548633401359,1.0
5361,-553.8269306554987,-687.4630085455831,1400.5809741016333,1568.3042740419332,-145.43022264860048,22.89317990801293,113.04270559891582,-142.23235798633712,1.0
5362,-397.84696588043,-555.4959604973204,879.8151166450785,-431.42869817407274,-153.77943397830975,17.70167382997117,107.45685142128136,-135.17397985164257,1.0
5363,-1792.0754807992025,1235.9699230401359,10.99221865049158,-1796.0241339536328,-143.5676276025339,10.957762756561664,112.39340546320099,-138.3350298827995,1.0
5364,-1233.8445551114012,-622.5906258433249,597.460080573243,-1213.190370057248,-153.3637740000883,16.262229123504362,108.08822396887653,-136.79220913497858,1.0
5365,652.6522377699478,-1095.7892939610676,-2248.7163375125947,-1429.0426119324197,-157.92011486748632,13.842357542078224,105.62728154797418,-133.49195472490655,1.0
5366,-786.8601732177351,726.022386499847,-726.9995040437606,-939.193187072496,-155.54443348484784,12.272252720749087,100.32639412755606,-129.95396313924465,1.0
5367,309.01277342831014,-427.5049152206746,679.705005878888,1546.690587823085,-148.31774603941508,15.233300770727611,109.34094387694435,-138.31072306163645,1.0
5368,-1472.9585425811442,-512.9323524477828,146.09596485563395,1456.9496064242285,-150.04405229029086,16.84056526245562,101.3871938390785,-136.0021998363487,1.0
5369,34.232883690112125,-1709.3477224064227,-112.9799032810467,-1497.6334046426416,-157.0145090851308,15.070565929670554,101.10836490087098,-133.12369307184332,1.0
5370,-564.6021366187275,-1028.5034420985187,-78.56940656734753,1461.7343449912482,-151.1920860601673,16.075047209167003,99.49546628818436,-125.56132217582932,1.0
5371,-1785.3527907455941,-52.35177748486892,-754.3342253057554,330.89881212788436,-155.85724363315398,19.45123590739364,94.28772783940008,-128.33922571182217,1.0
5372,-1233.4820849862112,-2068.212277538878,688.1646164690872,2259.0057866967945,-155.54438928524496,19.750877608223664,99.91271152721508,-125.10402724956155,1.0
5373,-2211.9843378087407,485.59381495087064,379.2107756777384,-542.4216185264316,-157.096106932857,17.62797504590699,103.59469006654011,-131.0157951771727,1.0
5374,-503.79379751377223,153.39416300567697,-222.60104160342848,1898.7505421657802,-149.29810816670334,20.524813024547925,106.656154511522,-134.67202500731827,1.0
5375,-1007.837812898309,-930.2316712340108,-1243.4743885826524,-1172.566242985725,-163.9348020596213,11.716093212553954,96.40897945064182,-122.44751302365006,1.0
5376,1914.4688479844467,-1992.8497890824035,-500.5954266440408,-2151.760474297654,-146.96879984404777,13.987077457997898,102.9837664347482,-130.03187887273097,1.0
5377,-692.0412283656559,-959.6811705916557,-1681.3148700924914,-865.0191221511839,-156.0104558000177,11.257480966701072,94.9391262473058,-125.56169469345811,1.0
5378,-132.53640828849228,-1240.4227947581976,-931.9724683054542,1218.7156181660032,-152.2991691980352,16.67776482531311,105.00236540592152,-118.22581463590842,1.0
5379,-1212.920375404556,-966.1982167161267,-385.0473427042177,2662.0615494564063,-159.9348894346807,12.160647366465767,98.55652124874644,-119.30601884121562,1.0
5380,-802.9136756302714,-159.83130273869395,-1343.1639444512928,-584.5063164528069,-156.56498345454983,13.567628356036096,101.13604900836609,-126.02598676476946,1.0
5381,-1143.2267982995859,-2577.7374903746118,-938.6750854203048,681.1585764894919,-152.11155974176376,18.642368769958285,97.21168628331213,-128.90246893602043,1.0
5382,2099.569718628366,-2096.1641884368596,-39.90587504787759,-445.204760011594,-158.57810638818734,16.487871887971718,103.7216744220218,-130.05774089879483,1.0
5383,-782.8152882799077,-469.0912433598993,-1587.9859502804434,1739.4067143241057,-155.35814532340694,11.405081366061266,102.69127173955731,-131.67021575526158,1.0
5384,-477.0583715243121,-860.1328726655865,-576.6639654769895,1330.6000269985354,-155.34922080386275,14.108010051141536,103.26916785767742,-131.32447125508259,1.0
5385,-1052.3226285197259,512.605970486654,-1457.2476785981544,324.69033932491527,-148.8710466137116,15.815308419413679,105.48427207170491,-122.9217844000596,1.0
5386,-1082.9585336692003,-743.818874961992,-2290.008720219378,495.6978443025427,-152.71162183234603,10.785944625746978,95.2375851496443,-121.88707329478498,1.0
5387,-1188.1606935314664,-756.6070388790357,951.6453055077793,271.9430940319843,-156.27348048278796,13.203954271294128,112.99708533029454,-139.48102455924942,1.0
5388,-920.8557211194778,-2018.3226244963816,-55.697388180651394,513.6420720087149,-155.80262128884118,21.387691506308354,96.98650042085049,-124.4921576828347,1.0
5389,-47.84170993606121,70.37907450929387,601.0986421426035,-367.0232100482482,-144.3805086976095,17.602761844123226,110.0489615972482,-131.74424090982788,1.0
5390,-492.59205703473,-766.0496462943213,-1787.617653648935,-934.5930558510842,-157.5492049609995,17.815010013152445,97.92558104215897,-128.72582394084108,1.0
5391,-472.6604534448102,-820.9736931176392,99.36033206144819,987.1983978698665,-149.72864254449922,20.769093210405654,101.76420138884087,-143.05985779105112,1.0
5392,-1456.5398565774356,72.65502492444497,-909.2102795017247,-580.2945582928397,-162.26570416612728,16.36451924151326,100.4359367371514,-121.17554247410872,1.0
5393,-1060.1749620266,-1533.3200228165217,1452.5168088945818,928.1119135597182,-155.7800859135363,13.027673201838432,105.84510560912636,-139.18218915026335,1.0
5394,1288.5643728741684,-3012.640815126173,-2601.2951065787456,349.4517455230877,-147.4966930780551,17.636616346527635,101.60482595729759,-125.34576555304893,1.0
5395,-821.0268465701656,-2233.8561058137234,1244.0574975785541,-362.3192567059723,-159.84501146263912,7.377445171108205,94.32826623080167,-127.98764894478262,1.0
5396,-2390.957334312548,969.2057766407834,-553.1551962465443,-1585.437114579464,-157.37151240299102,13.880116973171555,95.81918455355186,-124.89975378816759,1.0
5397,-3475.5121088303495,2269.652008788566,1014.5144951162492,-1681.0518151710987,-160.75370787238757,17.15031805146724,102.92964107982604,-121.7124540903289,1.0
5398,-376.06949587605374,-2197.260015206714,-1079.8671845191038,1635.94754763044,-157.67933805977128,6.650487197740908,111.98462856302476,-132.45819039267502,1.0
5399,-626.7257251859124,-699.1471906637627,-1705.4086958723367,554.1177497046832,-151.3283378705281,15.750870102088971,110.03166218311603,-129.3402528712176,1.0
5400,-1663.3316119620351,-1136.7606474203185,-1747.6425833674793,-908.6799247907989,-150.00274855385732,18.6276387559854,105.25309887371827,-131.34819041242977,1.0
5401,2182.808325957092,-2337.0605627669265,-1048.416211616939,182.0025053024031,-152.5861897290751,17.074218196991485,98.42899938605683,-132.46070210127115,1.0
5402,-1232.8442280672245,-1497.0694038966535,-1585.6777346124265,335.67683243371334,-153.13069192032603,13.899898810565105,101.96386877863344,-133.67457727994756,1.0
5403,-2555.4236009132446,989.4338589229783,2096.9630635171447,-2385.907918846407,-143.90515731296037,15.717556006143822,114.62652460582714,-139.42031202661497,1.0
5404,-438.52998160195267,-1076.1571027432583,151.0887836402354,2597.0881176284297,-155.91838854949953,13.36341892568706,91.22236734704136,-117.34027026622022,1.0
5405,-297.34583401163957,-1504.5475189005317,-1423.820657423829,-86.16649050260068,-149.48025622234508,13.80292217526586,104.767886548304,-133.1149691506884,1.0
5406,190.2513051359166,-98.91114710922211,605.0171785468846,-1368.722395469717,-154.43190668865068,17.255906804337606,97.57102810643441,-131.16385780304466,1.0
5407,-802.8094171080314,-677.8636653079271,-171.13393792822902,913.6071296810521,-146.4741907423346,22.301110432857868,113.3614086485523,-138.5068279858494,1.0
5408,-610.8496317585452,-1137.3515400860406,-2449.2522878495292,-797.5885149235908,-147.43240749688272,19.998606387796034,107.05945088996387,-134.76669062018055,1.0
5409,-758.0907110569336,-770.9507492210494,-994.3213254654634,1407.2215846466947,-162.89448253428685,19.09500611922867,98.39697479533915,-129.77224487820442,1.0
5410,-754.867707908563,-2022.7496670549833,-95.25247847740272,1074.1165072572571,-157.26846222873954,15.551083813165796,98.11988054620127,-132.51962588909973,1.0
5411,-304.89863620459937,256.5442225522016,-237.02141719188006,-1221.597319537751,-151.24743197485077,19.54636864578532,103.22174590602947,-131.06868043250077,1.0
5412,-2404.573952589699,218.65015852834972,-431.3470925134962,-1910.7500769431883,-147.3592548449143,16.62196927271798,102.8906949439828,-131.7139740038583,1.0
5413,-1060.259335635916,-1075.4435133906886,-6.897932029845921,-31.00428621263317,-141.6056351583501,14.964294528179826,104.23726404688583,-126.32266964133453,1.0
5414,-1717.8244586172837,-1063.6153129613858,-1406.9539629122748,-278.49960338738055,-159.20595225886504,13.44724633729313,95.82393644959393,-126.02915411728513,1.0
5415,-562.7213352317609,87.08696528761192,754.173054033816,-837.2743395580095,-151.70289020714202,17.29088070082098,98.93295629637188,-124.44823216109457,1.0
5416,-1192.8661145797696,823.4415309929519,-106.79171711424156,1017.2632605086707,-154.14645693479292,16.256344081698213,104.4853482205448,-125.13004992321322,1.0
5417,-392.29064581151846,-2503.082546649006,-3194.886406120486,-373.965411536391,-155.041352384608,14.77003260186992,93.42952477003115,-125.81245640298492,1.0
5418,-986.3056534475355,-51.692733990587726,-213.84159316820848,483.6948898833712,-148.50157608272278,16.488032793735556,106.93590638052234,-124.90053597433447,1.0
5419,-93.18790786269959,-488.4614783582018,-268.4647931401084,-964.3627820501179,-147.45660019508261,12.215220237261232,101.75763884742253,-128.52152743191098,1.0
5420,-707.4656212175693,-537.7941171217293,-1832.8723771062105,877.9530306434305,-147.73305466576377,21.60614278124885,109.03060636908928,-137.2906754565291,1.0
5421,-1124.3834468878474,-123.6283981010235,-422.48998436411824,-358.1798365724899,-148.24807604231623,12.407622623679051,103.8268168280536,-135.59425926382062,1.0
5422,-927.1242735816523,558.5475260200695,-1691.6050037674013,-1110.5191063813286,-148.47377887238886,15.856903480824814,100.38500939422062,-130.70503444146647,1.0
5423,-1130.8429983887027,-1468.4200806689178,-231.4887455314827,698.691221263656,-160.52065634559514,10.51204316749924,91.89741727262265,-119.74230918820919,1.0
5424,3365.8428663086324,-5195.559154456748,-1828.2230513260238,940.5716782653063,-151.46218604781816,15.053780417182717,106.0414826609372,-140.1784303257451,1.0
5425,-991.8539158020816,-1424.376127245399,-1007.4533550698874,391.35667769869644,-155.84851876388686,15.136409860457137,93.8843646741572,-128.06255504002854,1.0
5426,-222.73850534419864,-1701.194677049636,-1636.3703652093536,-1443.4972189340588,-156.316237376634,13.441204694065306,95.87029646297607,-126.63020852984123,1.0
5427,-3961.457557990681,1352.0024729429304,-1950.961476020956,-1472.5813096162387,-162.55543430240076,14.424465066323432,97.46602192671132,-128.6263700708805,1.0
5428,-376.5792902822957,-758.4335364241565,931.0017968278206,-1528.0496765764717,-153.79693326529502,22.081653587216486,96.08629050948363,-132.14572321679637,1.0
5429,-2787.5718080825527,-129.58279195601077,-438.07128556171955,738.054355517005,-146.3178778191809,20.312484439077863,108.84025154923799,-137.04906376952093,1.0
5430,-223.46652668276275,-1980.6687021568969,3.772115307852797,-2093.722971014655,-135.61795126514144,16.37457402052161,112.8135145649999,-142.06902515300985,1.0
5431,-376.54598100050805,1591.8323545068226,-1678.188142522964,163.98149860592807,-149.06450754383272,14.856984247472772,101.73768272579346,-128.9500310834253,1.0
5432,-1354.495533664453,134.78945000084002,-1644.124828834402,947.4158523107419,-138.94285427894874,25.295010913683505,113.94469037232517,-135.27737275787376,1.0
5433,-744.2614390244106,-307.3535153281396,-1062.5817628260552,-1498.065542832413,-153.52097412122632,12.790978095793085,101.46624514248501,-131.1328104398247,1.0
5434,-1244.4731125156998,-1165.0751287601859,-2938.259207813044,-327.64679725195316,-147.26739714160877,14.031756342135221,113.06116913641893,-141.6089346982455,1.0
5435,150.49151918054753,-1130.5242321603562,294.01677671267856,1157.9852249246924,-157.0163161285184,16.811050114850275,94.69788134419747,-130.37773664185457,1.0
5436,-1209.677765671147,-336.83993470398576,-1140.6329722065886,-216.74134472482282,-158.8500111918298,16.018838636470736,97.29688547217563,-129.76918515069414,1.0
5437,-690.1605483307029,-233.09628598388616,-1474.7345364200114,630.3811339397741,-158.54173117266953,14.788905935128355,93.49244737064247,-124.6021012582901,1.0
5438,622.8445156923178,-1027.836260775436,-955.9608420624604,624.3981032706965,-140.9907465760586,21.137442206434866,109.02519138742402,-139.8273312757887,1.0
5439,-957.2910157464042,-1472.1403293231017,-597.450605258303,1982.4713990960602,-156.2613651702006,19.52573932064378,102.5624798371369,-129.39307736690435,1.0
5440,-603.8363118699065,617.6736744729351,2490.6221445642595,-1108.635460720847,-157.18428681023536,15.41731538057375,99.52707266074138,-120.07471919232563,1.0
5441,-1135.736787926337,-980.2753655935751,-2377.353925169095,1596.359377003817,-149.20339936661114,16.816782927195987,102.26025703631879,-128.01481513322145,1.0
5442,1761.3133182376546,-3361.2781229952875,-1630.1196715781514,195.36316600836284,-156.28929915087755,22.27189486276527,101.02976439087402,-128.71862549460178,1.0
5443,-2092.7660412534337,-196.3170374533269,-2629.9850963531867,-352.30638145163243,-149.2825333020557,20.951647843414207,105.42119408674364,-132.1713950812209,1.0
5444,-1150.6189032990178,-1059.8842467885843,-1927.0433414362142,362.4720584195115,-145.5647283241938,18.02333487446641,109.26192017801465,-137.6413496371735,1.0
5445,-149.289926863837,-687.0433700127818,-873.2023721765469,833.4764159848005,-142.3598480821314,21.464820175019966,109.51535189192207,-139.1157836055353,1.0
5446,1.2802536458782932,-2592.6516974875426,645.4063141829371,1962.6960173379161,-155.92228734229766,19.649904284075493,98.96465970945812,-135.16883371570546,1.0
5447,-1944.1321074217524,456.94764385791706,-1828.6025025310387,-20.0613255198537,-150.46104847090174,17.283461501185815,94.96203486091764,-124.07012548372276,1.0
5448,-3650.825176047384,1524.2816185973045,1080.8412680955573,-1062.307532639362,-154.6306601170448,15.276324444186049,103.41143938646009,-132.27651874187438,1.0
5449,-1334.574560998316,457.45157422779124,-718.973129956908,223.9695528273994,-165.4304948240656,14.316808119733016,91.2104889561522,-122.55790934115106,1.0
5450,302.7336793618933,-195.64993950402595,-763.4447599607795,1336.6164494266798,-152.67243588930052,17.598601497347563,105.25505304816627,-132.2215888739526,1.0
5451,-1143.644894314676,-231.58819587153238,-1104.2395946585682,292.66971427871715,-149.1404658575606,18.82219144234033,112.69429240214846,-137.42095749122925,1.0
5452,-1485.2811815995283,-682.7341374516213,383.954021403825,-1972.9372374229272,-137.06052914873638,18.812769356559805,114.26650543264707,-154.53873700862184,1.0
5453,135.87375026927805,-918.2266122970566,-740.970135791078,-260.77624684972153,-156.8588124172163,16.73085044083587,95.6028350865281,-133.03074066475824,1.0
5454,-1219.8610706428367,619.102105113856,-1497.598834652182,1061.0344774446637,-154.1205606258317,11.03138867958066,104.55934203261144,-137.38775666654604,1.0
5455,-374.6179341112736,-666.9920537092944,2057.9013464533296,-1260.648713270128,-143.77226463013997,13.589404338915346,108.03541217780695,-143.139328385666,1.0
5456,-172.69499396708468,-1307.361062213883,39.2628200834107,2308.967741663211,-143.2586278805854,20.381326406617163,111.60371447301982,-131.35314855013337,1.0
5457,-1215.4530067986507,182.1351836864771,-3576.7159831192935,-492.68001661020514,-159.45667933093202,18.175798017460234,101.12589187657707,-118.75435741485003,1.0
5458,-1316.4457398681227,-2096.5409918554215,-918.1237697382024,163.7141508737122,-167.20860014460732,12.50840654855865,91.32951869253161,-122.53802599014357,1.0
5459,-963.3057485714671,-1119.6235402776172,-975.1741453351891,334.90121735807304,-149.022922661014,15.9191967481598,107.51425090171664,-131.42028153595373,1.0
5460,-1384.8555343800858,130.28349818528753,-966.741683473404,-801.8175841639893,-157.4704469832348,14.351125954595846,98.6505643780521,-122.64003798297196,1.0
5461,-722.4138103033088,-1194.0132488244183,-865.0204877403909,-920.2609689044291,-158.11753193688804,16.485239146322165,103.4858167028059,-127.56052081534878,1.0
5462,-368.53005046232164,-1203.0129149811448,769.6287147123039,1948.5913975951905,-147.0980119201957,9.770735238398315,111.26271488275582,-133.3027427512637,1.0
5463,-2177.912068360948,-204.2172262358238,-3158.7355488342905,-1151.16688016619,-160.03237366375336,11.865713169984081,96.48695822700505,-122.77321586126735,1.0
5464,50.33150891431069,-515.8629968681265,-799.5337259097856,1606.86885809668,-149.06054491941214,19.8280030326588,101.72002137155874,-130.84287060558302,1.0
5465,1089.8441608011883,-1832.1714752182597,774.1992278204282,-611.0786646061648,-153.56862911316458,22.048268072786087,107.65631591306473,-132.28977714330276,1.0
5466,787.7268999840171,-2685.9070114724823,-1033.9579081577801,-525.3783753860642,-159.57325438653322,14.392920615803694,89.80938122558844,-118.09331087317685,1.0
5467,-3492.752250197283,372.435224076666,-2440.2312543501353,-1821.782786533601,-143.03352622602353,19.517097330833842,106.84181590386285,-129.7166553239277,1.0
5468,-731.7490419884202,-1143.1617345808793,45.4945165910706,1314.7048879598499,-150.8663759944633,22.19936583777802,103.95477884059791,-129.29442812716644,1.0
5469,-1880.0977057519044,-78.25454515067557,-774.9219050796365,985.8029482388006,-149.8862475316883,16.791216135169716,107.55839943949587,-127.42724740085362,1.0
5470,628.7310225599078,-1498.7865599080967,936.0447156331966,-1144.0883917913493,-147.23179388707396,18.594137688816893,106.7788982999151,-140.19208769594263,1.0
5471,563.8053387210077,-786.0580300276512,-730.4359963876178,193.70579729975972,-157.9305752350263,13.350828182701155,96.99243063065094,-120.04526469752973,1.0
5472,-810.0295916833987,-1371.9677493960392,1314.1863172837552,1411.9533837339768,-156.83583749493724,15.241839303051128,98.16542756267859,-118.27841005433436,1.0
5473,1780.591241462327,-2705.6303969371966,-831.4410045439924,-977.4893661330285,-147.75869911653862,20.088566491250745,96.85815270507881,-126.91062969109095,1.0
5474,-4581.089901418036,1107.0201972970897,-3013.443960083716,-1900.1888863074707,-157.39381628357978,16.378073335318003,103.32778347180353,-132.75072524060872,1.0
5475,-814.0603085062256,-2589.2768468474146,-1047.7974378584627,-392.20743445514535,-158.8211431842224,15.130203847170083,102.4204008743878,-130.1451186749313,1.0
5476,405.14522285362375,-797.0263281841846,-1344.4101024107554,-1486.3149900674769,-148.53723379713003,20.91577833475752,104.2251754127677,-143.8162940365773,1.0
5477,-3046.80510098269,-25.173845353317393,-1766.337012490269,320.15258138170054,-156.12788230396856,12.315163107601823,101.11303898698787,-129.69750785620423,1.0
5478,746.6161669946647,-1938.506182232016,-976.3962784726152,636.404294069725,-148.59654446354546,17.021277842610015,101.54064144100174,-131.058541143972,1.0
5479,-1511.7370869763301,-211.9621052817875,-892.6944238236231,-59.55612851294566,-163.83680410419407,14.448061462954442,91.56062373589685,-118.31211227576615,1.0
5480,-2188.3201364290358,-278.9718245362847,-1776.195888269033,476.69348958861576,-152.78476857743675,17.6449729054044,96.12650836787313,-132.39741829056976,1.0
5481,36.886190776145526,-1632.7317651582882,-892.7268648848059,-1010.0141935872731,-141.54856158381028,26.058358697566057,108.07784039337575,-124.43214733373436,1.0
5482,-720.7019482601323,-249.78021054718505,350.8539068555851,1628.3848433483872,-150.37412236691412,13.561408993161713,98.98233704235605,-130.26080078113338,1.0
5483,-2595.709587873269,657.2383040601773,-2066.638177311006,-960.9492078492275,-171.61212814631062,14.848434483775952,83.33522029549312,-111.71818669826627,1.0
5484,-932.9931419112299,573.8809507238152,-236.42624134046503,-1334.3224522310875,-135.85967074959171,21.635623983371037,109.74250004159076,-136.60679153157642,1.0
5485,-529.1155600162573,216.79021179498082,-1330.2683916650453,1066.4461474425514,-159.29749339266107,15.203991724504432,97.7626623864587,-128.81978126784276,1.0
5486,-1581.5588336491703,-63.69734792947506,195.66915814328507,-1082.238152547112,-148.3823994730621,22.247284237571527,110.58009506617074,-138.69805816436423,1.0
5487,-592.2842399412064,-1787.2697348381785,-850.0230125129463,94.19916920579848,-162.96849597038423,15.95759437925792,93.71976555763804,-121.15632996605503,1.0
5488,-709.732198856727,-146.3287657597201,-1507.2358511745053,-1965.4272390760832,-150.87061476276244,10.831282691131126,99.7744644103119,-137.9002127988198,1.0
5489,-2462.3489469284136,730.6543316457856,-1346.195662368072,-854.1001065081741,-145.46652666206805,16.170495429239004,116.53085103946128,-144.69762878077506,1.0
5490,-969.6015597267876,-370.48543646864636,-827.8309805182082,2133.7169732900197,-142.2683048477023,13.432332326677322,119.24929467582355,-139.78021605716208,1.0
5491,1977.1602993165918,-2605.44845294378,-2307.633368854798,319.3303774613855,-154.91627593107097,21.422805405079174,104.06722786837777,-132.28721559268743,1.0
5492,-1434.8525921525918,-797.8636374725832,-1580.0792085682347,625.5338796323468,-149.65049660956944,20.316949386131935,105.09768152145394,-129.78390868574678,1.0
5493,-1257.5943324614489,498.02619828679275,-1093.357085760254,-12.13275936447744,-156.05644560102849,12.064250854424346,94.07306217142059,-127.59752484271525,1.0
5494,-454.00863801932314,213.13751160468055,-2060.9549554381874,-383.99282336780226,-145.74191490815556,13.323429925465717,112.15714634857179,-129.0674091906776,1.0
5495,-2899.7482969611847,782.722476281663,-377.1559793848908,180.23730309733625,-160.7991703913343,12.81492397338516,99.90437064246267,-128.8863650103219,1.0
5496,1951.6084244115755,-2144.464856445571,-538.6756853225763,-1273.2802039149735,-153.48457706658232,18.029704243341993,106.30816509215563,-128.32394916074549,1.0
5497,-682.7960001003906,-1200.163053546094,-2476.583896584927,633.5175874220729,-151.90070185040048,12.840836193256221,107.23346332746974,-125.85689535250498,1.0
5498,-58.84646357404917,-1124.7265698409324,-253.36401049676383,1042.0088106786252,-158.87620185448847,10.428225312068323,98.27249481349642,-128.30546405819595,1.0
5499,-324.80252801982584,-797.5740702507927,-87.9406587545398,765.7477450499115,-153.11265301934196,13.971419538371944,111.086828158532,-145.69430970435687,1.0
5500,514.6068209547362,-485.468622824093,-1014.0168618377875,-766.6205929645062,-148.9254640194421,14.135191192928238,108.01572187011273,-134.31667636734025,1.0
5501,50.066573582762445,-2403.450233608737,-1340.441423782614,2699.8875291508,-143.04694637305892,16.448664056069614,113.35872662618885,-135.73765270465688,1.0
5502,1200.9602245492524,-4542.3702797733995,-2280.9517482152855,678.821696511578,-152.12417571695372,18.006372175640706,102.01509748567831,-130.08991799270987,1.0
5503,-1546.4980643813378,-658.4900973631024,-609.7015185973225,1184.831453514276,-149.55369401462917,15.818314154342106,105.02426307712297,-136.24675527444896,1.0
5504,-635.4688612625765,-629.2361722555422,20.718201456419784,847.7098171954077,-168.73932835610273,10.616720509271204,89.85844325735486,-114.59807650333401,1.0
5505,-782.5987262296064,-1210.3447206090304,-662.919212047219,955.3110102384081,-155.83237068380612,18.928308473724986,93.99957281636506,-119.07969299092352,1.0
5506,-1813.5975890119207,-587.8339913082717,-2476.406208454589,859.332983936471,-152.15789953965609,16.009712221533917,102.09568225767259,-125.59214436311153,1.0
5507,-1034.688473269755,212.51425487773315,1021.7789057723871,-1014.9091340638445,-148.63014608264973,22.683113235726832,105.77400993730875,-132.40626788846146,1.0
5508,-266.5769201400167,-1923.0126654029368,-801.0635719001659,-79.70963101636008,-147.17171192305224,19.687561412430753,109.07791836697494,-127.37193524824714,1.0
5509,-3245.4912307914606,747.6957335875501,-2845.8545485353065,-388.06689851230357,-161.2320300594379,12.7154991097035,95.81742320104173,-134.4284420635363,1.0
5510,774.3644270215957,-2232.1449763059604,-605.2026361121082,-792.1205613019459,-144.76529388949592,16.362902360509807,104.05821848002498,-124.03273280218913,1.0
5511,-145.7328481775546,-1348.7459757864722,525.2582435716683,-27.373772119217133,-154.8868344069539,24.151919339672023,101.73839897631436,-125.95982085844567,1.0
5512,-1277.5918321283316,-964.5563540027533,-1278.2092569257995,1739.354446287822,-156.85024919161046,14.979014342138475,103.38136974173047,-126.11089179617456,1.0
5513,-1303.4265745356338,540.4688152632735,660.9584758756183,-697.5685660087298,-147.2201169919864,19.516421618477207,108.4894878164608,-135.1920925853331,1.0
5514,-785.950480012303,-2169.662182492282,-3688.128142893747,-19.42532493368092,-144.73542753990327,15.746359908609024,105.04571502240405,-131.21991694036325,1.0
5515,-156.63037676368248,-491.14781363733186,718.1107836241597,1572.021295393596,-151.62443573411235,15.849190848352686,109.02005660864491,-132.0448155888279,1.0
5516,-878.5992090036823,-623.0084107486102,1001.831069020706,1850.9219261666065,-143.32266334325288,19.468665014021052,120.28587370614721,-147.0754925866771,1.0
5517,1035.0201096422081,-2494.8367259557103,-719.0017971562556,-495.42239554826574,-148.39368857611984,12.714743365438359,107.13095681453677,-131.87838181224166,1.0
5518,-384.98146403721285,-252.41641831866806,272.3433183151871,-1866.3602739775608,-159.07082866554373,12.577165151817733,102.09458416773222,-128.30128386072695,1.0
5519,-2482.7072438113682,-48.11818813591333,-1383.6797398856381,-1759.2337173584094,-152.58068222458084,14.599227670406625,94.10407694555747,-127.66330915194605,1.0
5520,145.4588850287293,-86.38147820300914,1797.977998650112,-1342.8285831204846,-153.71045173467806,15.231335080967646,99.28169232378124,-130.3731696211615,1.0
5521,-767.2455799847921,-181.05913723589885,-682.989413474252,1362.1644219832128,-155.89121331632253,7.349568030064971,99.54985516022396,-126.11194459361965,1.0
5522,-1113.7343789008255,-825.5630808764727,-2129.061272957484,170.54574464095896,-152.9758980613243,16.882424808202035,97.73214661459579,-132.11676316077268,1.0
5523,-938.8054717859332,-906.0888636768608,-116.36130350740942,-520.1693261359858,-154.93342219401316,14.729953456005912,94.83319688852247,-131.1118365565014,1.0
5524,-122.41359341358276,-1484.353722454368,-789.1063018692099,289.1563969442182,-147.55437039844074,15.990420100631367,113.67091091308413,-137.98937635495955,1.0
5525,-2367.9059434007463,-235.0594668578798,-212.54751139527477,-771.5089607705303,-168.4619242219509,10.156609808422607,90.72503728051,-120.57330034295582,1.0
5526,-1696.4013162803094,1397.7997469687527,-1344.6773125749257,-1593.7836820292773,-146.9752677886891,16.283422220571325,106.21821393395005,-136.9450981036691,1.0
5527,-168.70304364853158,-1923.8688156440342,-1335.5419701125832,-122.97876786291445,-147.24066902096203,11.255741571825244,105.31434442181894,-123.93178383672402,1.0
5528,-263.7390818517223,-2036.5315967913782,-416.12503905860547,2009.099126976362,-156.91419550834797,14.929624282341795,86.35116680666569,-121.92719480814591,1.0
5529,1272.4704028499375,-2925.3508342609766,-1116.3132912934404,-1013.1856848442748,-161.21417017757716,12.734521769203472,98.12309231236281,-118.7394232525514,1.0
5530,-790.4723085358371,-1726.580352672629,-834.4376885680082,360.6595231655896,-146.36844575928487,21.31360598212548,108.97534122839573,-141.41318249246297,1.0
5531,-1654.0708192833204,560.0185745243439,-922.300562185487,-213.65970773948996,-150.84563421038476,13.027431500440608,104.92287936858641,-132.30866049773778,1.0
5532,-77.33338342893393,-1249.262805913562,-1024.5835308920734,-220.92219794438455,-160.80548241257358,17.108644860668,91.80334415116413,-124.50261558327908,1.0
5533,-486.52262246985833,-510.6843242573782,-345.58854320034095,648.0123671072678,-153.90831086839415,15.504299429432061,101.03650044747569,-128.63511684646096,1.0
5534,-521.5753014842275,-1664.3830962633222,-298.8419548122488,1483.3608100779395,-151.4564592543546,17.677161352788804,110.39183280557666,-136.3627422135092,1.0
5535,-710.1780462227703,-2119.6329888761884,-679.1883533993508,-241.3400502101243,-145.9715082510903,17.818629904990164,110.29961233922106,-136.99637137710272,1.0
5536,1270.4762981448011,-2608.700159134014,-355.779054688848,529.5184959588245,-145.22494836166914,17.78028950119395,109.95377472349821,-135.2161602227812,1.0
5537,-6.236151956588398,-879.5974061925409,785.1510922380645,1654.9339341738894,-147.22481737679067,11.380985578050204,114.15048814017106,-132.61458304257746,1.0
5538,-813.774672109104,-1263.6498976549074,-1604.6724359098496,-663.6736288502779,-149.58877032072567,7.579959468697668,93.9999193320681,-132.6488040988347,1.0
5539,-831.8437123454623,-894.3780750449179,-1005.2147958401016,-1522.6661941391683,-148.62763594185674,16.249561933385543,105.52207735111784,-130.84474729806746,1.0
5540,-965.7944779325804,-122.89221311544273,-2933.0608124364044,-926.9302604239657,-146.53869734282637,18.12834554381021,104.96492009847361,-121.64730853029644,1.0
5541,-2379.3772855465113,-438.8142772342563,-2592.3428739098185,-1248.604279889965,-158.752865921337,19.217412584615428,93.24671362076941,-119.3222668145736,1.0
5542,867.0568402614723,-2748.3889555007013,-2877.040200558629,-247.39779913486274,-153.32790754268015,16.29845386940584,100.58484581461491,-127.37973672302581,1.0
5543,1908.8436136452056,-3337.9641462072277,-1416.6523062482354,-323.68150957033595,-143.89035110272545,17.14424521423989,103.06174367207855,-134.98670674700944,1.0
5544,-1745.1971270847894,-679.4306495745659,-3064.5743631599653,-875.0995644040041,-150.5853285172813,18.381733831170795,105.81671972090449,-138.32570040027417,1.0
5545,-1138.289798285068,-945.087276584606,-891.1078878315453,-386.7731144581463,-155.0983943659158,15.51313280265829,94.80433934692967,-119.7539029767132,1.0
5546,-370.30287307828314,599.3014288157235,-542.6409254501613,-425.80156591907564,-138.26568513352976,18.902057235417313,120.19951019726736,-150.56866758835324,1.0
5547,-2190.007484881809,-154.60556166619293,-810.8716818357116,-954.8084483182381,-153.55358269321158,19.724318046983605,94.96058353613553,-123.88808932929813,1.0
5548,-1006.4274298748281,-1548.346476857733,-1253.8133866108906,-773.4354554072673,-152.22199820600164,20.974839540194445,103.06955882050119,-141.6492033234055,1.0
5549,-383.03666249860663,-1090.0025724033026,-1675.9977175348708,982.6201232016414,-146.57935128514154,15.226344541069908,108.6117683502732,-136.1466117719925,1.0
5550,-808.4459571366035,-80.16831909411525,-201.5502358374821,1299.2862147731923,-153.0088228330533,17.097761245394658,96.04259787037289,-124.97825315764915,1.0
5551,-1930.3517553213696,-766.7860757858853,-2542.5614702717257,915.3653131919591,-156.87879811846372,11.393536858802259,109.61209428323839,-127.50093613789919,1.0
5552,-1557.2862468212545,182.29910963822743,-354.6242500711895,118.07025497681349,-158.04252263904095,17.251469144374244,89.73067883789749,-117.06378614566994,1.0
5553,-1425.6194199714325,336.1174267644224,566.109553730697,-1035.383138013171,-144.66149807502882,19.41461732762341,108.8987830828995,-135.4389757242608,1.0
5554,-2807.307924108854,920.1751910278298,-882.9294901974704,-1502.2538907704416,-158.10017581097475,15.229607675926149,98.66165541859934,-115.68189220780606,1.0
5555,-499.3601878611223,-1582.5330608002641,-843.8584615436126,-1254.8276634527135,-152.8469560687569,12.473304041979604,96.65333709873408,-130.92020933588483,1.0
5556,281.0129848420892,-53.97564545014731,462.1457601375694,-694.6360928904217,-147.64169838189886,12.828915726515582,109.22898798851433,-140.53396958550485,1.0
5557,-903.5397648178217,-2233.200566620831,-2263.579983670835,-962.2065102205181,-153.9296514466581,17.211743268517935,106.21472791624498,-132.39941772669766,1.0
5558,-193.09345726205592,30.99000747794175,-2816.666839899599,37.200280496676584,-154.82526874453393,10.768252773310838,100.26719373432618,-129.50144435599472,1.0
5559,-1358.5427060464744,-515.0759604355445,-3748.7884073955047,-1958.8409760775326,-137.49412842672024,17.89417125156681,112.69897842013495,-139.2091751062685,1.0
5560,-938.6320697347606,-629.8384339761045,-1402.0926195401796,633.4649162310983,-149.81203141299497,16.84574652127193,99.43037158776973,-130.5120514444189,1.0
5561,-852.797416788259,-2509.037130374162,-1738.3039488962631,2063.584640820828,-149.34677396827158,14.770110805379538,102.73740036842098,-124.77557705840641,1.0
5562,-1391.4722783819936,-911.9884656095242,-3268.7032731980544,250.83922514054342,-153.6671823259152,20.22256878797,103.10271617516872,-131.5021414623482,1.0
5563,-2136.059839413118,108.5188011151667,-971.112768850331,-1601.1062593156064,-155.61335151125803,17.70832708275944,100.81313829665746,-121.31278198435989,1.0
5564,-1664.2325025023229,-864.0167794861578,-456.59475957150914,669.1100547264616,-150.49555881893858,12.478291263829226,101.03291831993002,-124.601344106375,1.0
5565,-192.58423315100848,-412.29870808990006,-1332.5197367541552,-562.8552987689874,-151.69750235806603,15.94658188345004,101.79631572159914,-129.66038163200824,1.0
5566,-734.1610716505846,-176.109913940542,-861.5672128679698,-1307.6823695153325,-158.48154916577278,9.318779962414673,92.30914717651486,-129.47224862225204,1.0
5567,-630.0005451624404,-1331.4045696678097,-2174.627867070515,-463.7345502269847,-145.6940169308018,16.602116052903746,103.34303707459704,-129.92238493798803,1.0
5568,-2113.2358674267994,477.8678187033657,-2301.8708544824417,-1581.52393286451,-156.14626844329223,13.276977603650675,91.67521736711359,-119.21532690127785,1.0
5569,2439.5318772237497,-1305.490680607455,4595.839348397888,-1498.0462110985006,-153.79159578052224,14.115636676143524,103.75125012631061,-124.66168717555422,1.0
5570,-2580.4237655413185,1047.1695381401505,215.9569600532665,-162.82705904963845,-145.91369766470157,15.322541968028819,107.30484444431177,-138.1268840846102,1.0
5571,-307.13159720862956,-1205.2767368146992,-1718.910409966252,-225.87877050787975,-153.54038698079853,14.835162420420556,105.22931465744112,-129.46825492388953,1.0
5572,-779.7621939232034,232.65772707183825,-582.7247087005841,715.0301744416747,-161.36344808374523,11.343226696968756,87.57701483226549,-107.65097887635267,1.0
5573,-1530.2587384257397,329.621184468442,-1168.4107070226953,-864.877742855577,-156.07288752622767,12.639367104209907,108.11430561830582,-128.30098030908357,1.0
5574,67.25278060575756,397.53736518587266,-416.87051647804253,755.7240112382444,-149.57331015636066,17.904086583881835,111.7812093575363,-124.52867524995723,1.0
5575,-645.1458116133597,-368.56729998688894,-516.0314149746775,668.5756053291558,-147.0416491927868,15.306308267574472,110.76940974891293,-138.31210792076098,1.0
5576,922.9566355473585,-1593.8046432852423,-548.6953423241536,-1422.4243541727783,-142.65185536717306,12.268399841199058,118.15236676550256,-142.16136222797095,1.0
5577,-344.0502151537117,-569.7078044540519,247.7651167878182,-601.8493064703162,-154.75632393541687,15.297701950055519,101.31643294623015,-125.3247368975017,1.0
5578,-1379.4187511839639,-2005.8222334050479,194.2972648432885,1336.0375346575004,-159.32246714620325,13.772123066328163,94.5161729289151,-124.38393784313342,1.0
5579,-2266.458866545521,-793.1445771256765,-3323.8824681075853,163.32868700672586,-151.58772788741393,19.879512777424015,99.88019775386161,-132.0999263986158,1.0
5580,-190.7117904381945,66.96346679603107,-2274.3427181194056,19.094136444711516,-151.44152406278943,18.87321970792304,97.18242977969273,-122.34818980630678,1.0
5581,-589.2285504275895,-1647.3871528149373,-1575.7277468018701,227.51399416605824,-152.0210636069099,11.165816425404435,106.11515073011158,-134.62140020661798,1.0
5582,-953.0220380733593,-140.88741034866575,-2496.9509528552535,-276.44310264554247,-157.51640270718778,15.869904744597074,103.68434451533916,-130.4979963954384,1.0
5583,-945.4804799934552,-1913.6500100433177,-2786.041680080896,615.8729968697012,-155.48179289392831,5.950132029218535,96.3731608817343,-127.71687045806011,1.0
5584,582.7858860977235,-1902.2497734452327,-2054.7299535849397,-811.5584856967829,-159.96346590082402,13.11578904239884,90.97236526933425,-122.13402472359775,1.0
5585,-693.9312160464208,-1042.50301139836,-2857.642664432819,632.6586188557573,-150.98513005054235,18.90358178566175,103.36154935761056,-133.02874899381524,1.0
5586,324.9485839485817,-2398.2518296481385,240.66888898853202,530.6727545722919,-148.5858249344606,10.988788998850845,99.83072486510852,-132.0906420296526,1.0
5587,-1125.9535415287257,-1198.7165222163196,-621.4078953242976,719.2299738403673,-158.2836149329465,12.509656893959345,100.88869472831021,-123.86169818260842,1.0
5588,-1423.4106055084103,189.4831579913988,286.30349226954434,-915.1258822096725,-150.41787389564237,12.315354578954597,112.02851634537771,-139.29927049358767,1.0
5589,-2289.60347812905,1280.7791113212093,270.9815835035139,-1560.910137450176,-146.77888556508506,21.434166913424846,98.27209462725993,-129.4625025504533,1.0
5590,-365.17176236994356,-1327.111369217935,-1553.0532783642325,-1039.3632963894304,-155.29743812872206,12.217315911005967,103.72225880631636,-126.45868735152673,1.0
5591,1574.6170367741904,-2135.132918414285,-35.53289635453556,708.7571070935071,-145.20222771065283,22.655169777755,109.87987983374757,-135.897608942743,1.0
5592,73.51408014650562,-1207.8047841020402,-989.2290943407023,235.7375630381212,-155.84360378751296,15.878029313542507,97.88880172791222,-120.89505057361289,1.0
5593,-2070.0462639322714,-1593.8215563302633,-2057.913901648074,1234.964399603206,-148.3564491959572,20.84247074897624,92.87668226578728,-116.7836790355812,1.0
5594,10.80536719046128,-2087.4868152763433,81.10536766723412,2318.180916463727,-157.53937764236795,9.383609502727793,98.69068113895429,-112.17791956651234,1.0
5595,-1569.8399045106764,526.6886357312943,-1202.2205293090237,-1938.6384541137327,-151.7171805037999,17.090874151319554,105.89315559729361,-126.59866167800052,1.0
5596,809.0351179396678,-1525.6129993457464,-1647.7277844368534,-900.1697047328688,-149.6195116072754,17.300975607774948,103.64749455068731,-126.09637445872356,1.0
5597,-855.0719855622093,-364.6872960636735,188.16004504979026,1793.7186253156713,-154.52528337254986,16.969016607894712,98.6406476070737,-126.05689103287139,1.0
5598,-1703.7275847544665,-387.44297788489854,-2125.36722440551,112.23313968118617,-153.38520181744212,10.5808897964572,96.58855390700994,-124.99053626563591,1.0
5599,-321.80151092819864,-1008.2316252746363,-680.0860481084155,1230.7191893044876,-161.16292515344847,10.485559638534308,91.0966367853936,-122.97461531279836,1.0
5600,-985.642895974564,-2356.6638452750435,672.8643104681664,779.0775819883095,-155.58560748208345,13.050569796501396,100.19645529320697,-134.42500228690258,1.0
5601,-1062.3729620264733,-673.8399271380875,347.38491048859345,492.08169682393884,-151.44660461906642,15.0136410214969,101.09037379676886,-127.39712283378034,1.0
5602,-1331.9828262535027,-943.5995006626468,-183.5660349848924,-397.2872939908084,-142.3383968661507,21.0350244501865,109.1222656593982,-134.7509046861536,1.0
5603,-1609.16543853981,-1451.839075695157,-1787.907882380732,52.059117563704696,-156.38019032107314,9.033085615401703,103.6752851230765,-128.77443968409503,1.0
5604,375.9224064673618,-1565.3610461116716,386.3168485089167,-778.1242380938579,-151.99848826015844,13.933660414709632,105.90960312583523,-127.39784241663841,1.0
5605,-1693.0345499098992,588.1719896048243,-1767.1549734789326,2554.787427721621,-155.0371208950378,16.117853578492696,96.95214390493733,-131.8575603104047,1.0
5606,-885.8878759607605,-816.3356613662598,-1959.9402964138997,1860.2709289854338,-153.56479914911915,15.760700613398829,111.01212445936076,-135.2249861189958,1.0
5607,-189.1107099111058,-2822.5203472268745,-1794.287967018983,-1068.752516319281,-149.37937567641845,22.578553171900968,105.67742699021282,-137.36685070364953,1.0
5608,192.4848478482879,1723.1583022529185,776.2498168186031,1544.6461499385455,-154.8269105882945,12.343678333378485,96.47543040583689,-117.75309576155637,1.0
5609,155.0332185154277,-457.3482898499629,-1085.8736029763152,-1343.5308198639743,-150.04598006926867,9.72908073918784,107.38083589515074,-132.8847206233277,1.0
5610,30.33031352080088,-603.0519091915883,-1695.0805535933573,411.58450001000364,-157.45553705831915,15.76771631498077,104.54622460238566,-128.8459300790962,1.0
5611,-164.88626928190413,-2578.6626745389535,-1795.9162620071984,-3.3251594753466285,-149.65437755263628,15.527486932673089,106.30191049456677,-131.22574449994622,1.0
5612,-318.4526953524178,-759.5120202400841,1774.4082069819099,663.9480785853988,-140.18037110909646,25.027461499437504,112.34942570655045,-145.8655529919459,1.0
5613,-1499.6810654720389,-231.95900666333102,-1558.5791522332854,-736.6720015412827,-149.99090582196322,17.93819427865215,103.74501995340201,-125.54232506465827,1.0
5614,-316.32202506911733,-1337.3562455014203,-1680.2623163129767,1311.316374912758,-160.95591077634458,17.20851157299125,100.14426789901489,-135.91015277809822,1.0
5615,-127.84701349781129,-386.26944042685597,-1229.5278381378625,618.9090179892339,-152.37691071676306,18.255020143268336,99.74605364341267,-132.62984903307094,1.0
5616,-1133.6832373939576,-595.9368291373546,-857.551456697751,-115.74905926217147,-154.4951387239343,20.012257065298407,103.35858639858473,-130.33156481243122,1.0
5617,-1305.3873274653638,-2271.3399735916532,142.71708278062778,1335.9174012787482,-145.63915310318973,14.673500665513805,113.50016862907302,-137.2318433379183,1.0
5618,-517.5785580223843,368.31494132026086,-202.09932770621612,-133.29864726500355,-146.29506425007776,18.444046190610166,105.8885212952011,-140.14436872490384,1.0
5619,-1045.1522582859848,-963.706487482942,-813.3884510863675,1608.513499538965,-148.0795714108736,17.755454531653122,96.783368255777,-123.70170112454133,1.0
5620,-2219.9431452199933,429.6256615346382,899.1596309741113,-1501.7325845342255,-149.66375980934166,8.38417392815063,95.94133822925097,-125.287524769426,1.0
5621,-200.13976153765813,-1317.120788518413,1010.161164111527,2142.64732575246,-142.47515187910835,14.513414430864756,109.5655350304222,-133.75211319527148,1.0
5622,-2385.768367954597,571.8506964017326,-2194.753945004511,-1127.2160379627812,-152.1460623803431,15.684709700686321,107.53635243183369,-132.88498752461908,1.0
5623,-1089.479435736255,150.5279410294524,-18.290685823516295,-203.4441082754061,-156.8064070552698,13.290388177909987,91.92829208586079,-123.03991533557084,1.0
5624,607.0879637898086,-1650.7751434162838,1945.3523355287377,103.95572445643691,-147.46205446791978,17.67672394184961,110.02134175111432,-136.29333626404363,1.0
5625,872.7336380052716,-445.865365322207,-604.3512901782434,-1618.7451138059685,-156.0744095177468,16.544529611310445,101.59330690608726,-130.73298672935735,1.0
5626,-424.37016076823926,125.8618970492357,235.40806391446125,-282.5155125343629,-153.39802915789488,22.73530179448685,108.56179881357787,-134.3354859389016,1.0
5627,1950.6019171344342,3682.350255079622,1238.5931069799744,3858.605395884875,-143.02929387661098,22.797035167010222,103.20081921960892,-138.7491417473044,1.0
5628,1974.445975955781,-3071.325143843604,-1517.1423309632582,-18.005316141828963,-153.32754452441392,18.262216193851224,103.31519049132876,-135.74921928196602,1.0
5629,-1754.7727759650425,-1565.336396240707,-3750.2176188520693,185.73556621387365,-156.40445340909295,12.643434183345763,107.51605656932848,-137.25065604633355,1.0
5630,-517.433584864399,-1381.6332102404217,-1074.5197529810828,127.37119913346962,-155.91260441204378,18.004824398890495,103.30696278539325,-130.87724406409998,1.0
5631,-470.50578292366544,-1339.7241430528525,1031.984866979072,1258.9308708778563,-146.34793617062323,16.212689073869285,113.42211049634791,-135.51733309814352,1.0
5632,-814.6570712187387,1333.0024163164055,-1619.4435182386153,-1141.5759510362873,-145.20601470828652,21.825206186215247,112.07733390400563,-137.58819956127223,1.0
5633,1630.9590201438712,-1404.0785389137282,359.31813900308197,-416.07884884990995,-151.5964183072121,14.475888648787869,106.65483677613724,-133.0743884567297,1.0
5634,-1039.02809488699,-1769.9242627310182,-2415.1143908661084,-1202.3389142209944,-156.67122219178435,13.089506240519956,106.08587469707915,-133.5991875800671,1.0
5635,-510.6096120484329,-1776.9511912822898,-1321.3999553990323,916.2289639214537,-152.09102610821455,17.66111693836974,102.76924261089809,-124.18241029538807,1.0
5636,-500.5007635426266,-615.728689788388,479.30945882777,-1326.6939743164576,-153.57438912986902,18.179255573197036,101.02959097154432,-132.34752643056478,1.0
5637,-843.1543886544473,-384.7033356966968,29.15107577753767,2120.828458534423,-153.92118415176142,11.686336496990819,96.57011579418524,-125.35939203705723,1.0
5638,-261.73679863078337,1128.1390598453106,-78.72106292135895,-93.58492802558396,-148.42731167714345,19.707712964150573,105.88458355628471,-140.8078456642115,1.0
5639,-1062.715121349166,-838.1721851746946,-729.4640751670541,1142.5143769721576,-156.6598947808196,14.340851035823675,99.66211517447506,-126.99848433742225,1.0
5640,112.91918399190067,-2189.9429460074753,2023.244361572594,1070.787843977954,-145.00006641664538,12.655321688082196,103.22711715065282,-137.77818555871346,1.0
5641,-3036.70049863539,1483.0471945680695,-2279.176464606235,-2462.6691251870357,-156.15807088116358,17.803296332672954,106.71546461316686,-130.3321338958536,1.0
5642,-1548.7389368893766,-761.192240886817,-1018.0070227548467,-543.7108934337865,-151.80823707664504,14.31781788288259,104.57011841323613,-127.11969361821926,1.0
5643,-2105.644613343173,880.2816906100452,-2305.556851460576,-938.1832852713047,-155.7170447628247,12.707450245402129,98.84913964239688,-127.38757707890217,1.0
5644,-821.0793003268674,-226.42863541927315,1284.8493847236339,-1198.9429480201657,-144.58898277575756,13.644673811668191,114.10636382934173,-145.1657108130606,1.0
5645,-952.579528036801,-102.6555394458891,474.7031046929112,-713.2187873223689,-151.38135706381135,18.825907567255992,103.45050481041628,-126.73777462774268,1.0
5646,-524.7112624154805,87.30194696716447,665.1094323796535,-1247.7102054790234,-155.56613419383294,14.363338708611403,101.7477981653726,-125.79651504117302,1.0
5647,-341.84930534732814,-327.4569101594623,770.9404602274309,35.22518059702618,-150.12348129352452,13.280510914969788,107.40981177392337,-127.359585080563,1.0
5648,-383.806793235794,-2524.1121950694214,110.73055758094002,332.7728814676072,-149.56551098283452,18.069597575769,109.31295760414186,-139.70006793290452,1.0
5649,-115.65102274688753,-1736.8008295532234,-2.2518705606050626,2118.5909436154757,-158.8249653105027,20.425749651407166,96.8910062221174,-125.43010557373303,1.0
5650,-1236.0076369498652,-153.00532774922604,939.7700450132603,-197.21439616060545,-155.18070297391543,16.121181079772395,106.06736536109486,-132.92859332671634,1.0
5651,-658.2692921464434,-135.23839184130378,125.37045838131849,46.43246093168675,-152.6695657213008,14.70212988131226,107.55058930985068,-129.9873954165532,1.0
5652,-596.5813892185579,-374.8984373018941,-673.0318615017029,1107.0053567632467,-141.5588876668622,19.04964223997012,117.20417913629888,-140.60005812846987,1.0
5653,-2336.3435248828355,290.0664469439619,-1301.7506898618833,-1569.4260990839846,-150.27408295768637,13.639635239352385,98.69410985855811,-131.65798015444872,1.0
5654,-792.8120504033263,774.3292170686025,1985.7672168663273,-518.536118404509,-156.32759152987344,7.297088252055728,106.74106509679396,-130.302720757703,1.0
5655,-2261.065108941663,-2015.005687444228,-2419.7565526425096,-387.38179847551214,-151.92706020851378,12.09926328993143,104.4130615238404,-128.35039997901987,1.0
5656,-831.177521149797,-3286.665225654714,-722.4216173966107,626.2546023614401,-157.3195794658927,16.167933687845593,108.24103166697557,-133.63909302344697,1.0
5657,-1016.3024701112303,-1505.5727273599532,-1960.7355030000383,-1318.7178958897557,-147.00152639338808,17.47502808966377,107.74301762154154,-138.0542128001742,1.0
5658,-329.6863934211683,-536.0208335539303,-258.7412607454105,-327.29521060827926,-153.89795833773917,18.131785059247093,102.70577722679062,-126.53437063058146,1.0
5659,712.3988408546498,-1593.446170391666,-962.29213093926,-437.50710733580155,-149.98605832984146,14.223953621873825,111.995985165787,-133.4877355293276,1.0
5660,-423.5308259665023,-822.5919086558512,-105.12454037390506,1330.7022418358888,-145.79014598818296,19.91917310195433,118.37730204845123,-137.9542906140752,1.0
5661,-255.6617645982016,-1023.2313877704541,287.22258284055465,1118.3438823796262,-159.51240550434454,14.21462905475326,100.4798824620549,-123.81843855434603,1.0
5662,-896.695224238737,-1968.4262577749016,-4005.3414735227384,343.6435684463538,-157.27320034644674,16.666116870870976,100.11878151038982,-130.73645392795527,1.0
5663,-1623.6233643094033,-223.2806092626859,-2145.4126421452415,-357.7300801173193,-150.43447225901707,14.8305586096581,102.43419892804594,-122.44800748255516,1.0
5664,-2422.4020953480135,925.4707088068083,1656.0837184572413,-2664.8424063934694,-151.8159917992677,17.21305319557537,94.26631070529054,-125.62424761446748,1.0
5665,-2100.1810827500685,-1042.9022752739163,-3589.393097922909,-374.02108700660744,-153.22845581551329,15.977222298325161,102.43637607094288,-129.13674629106313,1.0
5666,-588.381973756606,-781.5788181050805,-1410.115424219215,920.6363297559712,-156.92662823712843,12.33074136699745,94.4894266509324,-119.51259984020018,1.0
5667,-262.6646970878022,-790.483124635629,542.2426481602694,1306.4395221414313,-150.51292968332663,18.41213435613891,112.67548901572766,-135.6019931522282,1.0
5668,-166.09937758099917,-843.8545573292189,-207.67711906975308,2211.113093572481,-137.50080372239907,20.626482794328982,111.62757648081968,-139.98517970268406,1.0
5669,-806.512150877736,808.3528171266046,-3199.96083134723,-1087.1849910074493,-142.72544030305266,17.75856304047468,104.4846086410584,-137.6543688853201,1.0
5670,-385.5416443441165,-910.7566932564386,763.3518596577273,-1781.1099448024233,-156.80967079585622,13.412250827657804,101.07270110910473,-124.99076282155764,1.0
5671,-1485.104457332319,-77.26894711649854,-358.91220904148963,194.32228204223662,-157.15271437219116,13.012986024444874,98.11987506657698,-120.11907520451159,1.0
5672,-8.963285620346639,418.81896115552445,260.83957997832727,2273.473714053965,-151.81549632460386,20.038751919699955,93.50677835471512,-128.21080791214357,1.0
5673,-1327.6939604165923,-199.35523832782815,-989.9163765663507,376.56446025223096,-151.3186467694799,16.253112669953534,102.16046704773089,-128.08040908753483,1.0
5674,89.46871231744763,-1978.701378109072,-3266.2438805661395,-785.4971986602961,-162.01500449879666,12.221813176054889,87.38726860754468,-114.56825937650322,1.0
5675,222.0508625235959,-1771.062052096314,-204.84048227603253,-1272.9501711382427,-144.65773688043905,20.455151349712743,109.63898914730508,-136.22192088554672,1.0
5676,-636.2395919352336,-37.44713140652378,-667.467438600784,150.6212349954916,-154.72814263664236,13.980794469002298,102.6365722178642,-127.10227749077815,1.0
5677,-1737.5926345032667,-2.7425776644173783,-1289.9645014786233,-561.9492498733428,-157.99769405284815,13.35216449431846,103.77852583531427,-134.58583635680282,1.0
5678,668.9088643695319,128.39976773818617,2099.643956966587,-2574.790848528476,-150.7991044967933,17.81653775622432,104.01087144423761,-138.91902341656214,1.0
5679,-612.284634377195,-205.6963229045728,682.053377463585,644.4201527737873,-147.63624995547747,12.105979783194407,107.68229354324868,-133.68338350617,1.0
5680,-301.5192357820355,-1130.9085876140057,-1311.6963106540913,829.0906176665035,-164.03040958154673,15.802648541325102,104.98145191449457,-123.60042370717413,1.0
5681,-1152.833738034499,-536.3002835081468,1190.79081778271,-1394.2873521876897,-154.31918225481647,7.017871601289864,98.18224580495647,-121.11055830246158,1.0
5682,-604.893557273342,-798.8852230885465,-805.0263585223883,2230.0562492661224,-150.25635797343335,24.59051285245645,103.49803403378476,-122.04503218849149,1.0
5683,-353.9635089408238,-1100.4931583755788,1438.4694300024364,1511.0473735708474,-150.3397900096819,17.091105595393337,96.5939677862637,-118.38948432001285,1.0
5684,-1830.6553287559248,-615.5092007317621,-3159.942071366438,2692.8231865353127,-156.61707570378343,16.52551308201246,104.92850782486283,-124.09775719206353,1.0
5685,-537.8860487107345,-1234.839595113461,-1283.0529212795952,1476.9168295081179,-156.96562866199375,13.830153482883798,95.66868316047486,-125.07341706912028,1.0
5686,-36.79835559473322,-1681.2226356642077,2673.247909746978,2293.0606185558486,-150.55927548438817,11.74505422571892,101.98021407827659,-130.90097824999887,1.0
5687,-50.61109493003006,-1831.89024495828,-2626.936902863252,-225.9663994106561,-151.24301407942306,20.758324028612954,100.47082050125256,-137.5531844632667,1.0
5688,-713.0717379027444,-362.7797111097006,-1563.5697119042816,-847.1244532716495,-149.8102938498344,19.749170053118576,107.69841434031709,-135.3267030603076,1.0
5689,1227.6207947838584,-1895.7367408134298,-3405.5957942412338,-278.0985738562948,-142.81987903196784,18.76462263587987,120.99153323997842,-144.80475975611967,1.0
5690,211.1824196566699,-946.0253655837487,114.4647961676311,-1094.3289630629117,-152.92330194961121,11.9530288534344,110.53127519212296,-129.85826145212303,1.0
5691,-1947.815839045068,-199.19615575218097,-1140.9497488007244,-6.914775184162691,-143.08338256630458,20.580006258192277,111.85596097772998,-139.66072643265377,1.0
5692,-97.4846049021852,-593.3450211179043,224.77978127340103,-811.150401991317,-149.69973427265646,18.398103034715128,101.33516861187702,-132.4607579156371,1.0
5693,59.49363635847648,-1021.7674146581702,456.61927826611264,-2145.605067498761,-148.07934611815517,20.621041856630946,116.92877778771559,-138.03712610188563,1.0
5694,-1511.547240643518,-714.2885366853014,-1236.1280638820306,1372.7537046783036,-155.27249650149338,8.048168233648678,104.13967065628538,-133.77749974644243,1.0
5695,-1024.1505971108736,-846.6924020119978,-3215.546385784963,-1480.8117121328032,-151.43535312841902,16.09666831834036,109.33033778711561,-135.56852719880587,1.0
5696,-1236.5530952410152,-597.0104481537985,-106.01490102187289,-250.5063361082033,-149.47007318422172,15.076610532673634,109.30673129808201,-126.44714684814977,1.0
5697,-173.3448954255899,797.502392367516,662.1792610162161,-3384.0097014460516,-153.64189503848092,13.266456939080845,97.15817128900476,-130.76429035126262,1.0
5698,-402.1757638351602,514.3936041358356,-152.74619620847005,950.7575434973365,-147.4989351980988,10.897771858745438,100.3163992148716,-127.45880101016564,1.0
5699,-2406.510421987012,1490.750311043943,651.1255155485644,-1501.9341570322717,-150.99448484204999,17.921384072310328,98.02154144777059,-117.97019857303258,1.0
5700,-1124.640023179529,679.6341008543711,-121.43244591380564,-172.11321343872905,-150.2720677597527,15.158507368727593,109.44357876801622,-131.33622207123062,1.0
5701,-1551.8432381351954,280.2239889358983,-1137.2765416649177,-967.4728011406866,-144.07593923450466,14.402206410778742,107.34345023187399,-142.11477933320535,1.0
5702,-348.216051097674,-1293.9166492174384,684.1645332489734,2934.84629213623,-148.44368019865917,13.52307083860194,95.92675662196069,-123.82199949309866,1.0
5703,-3395.8909255937606,-831.073187055248,-2553.8544604928675,86.57472849844538,-152.18003117279463,14.144073617920792,108.02239952545281,-127.03609709078023,1.0
5704,-323.8067891656942,-746.8716364036851,1410.2625256601552,1597.575018200656,-146.60191074772223,20.888744053122313,104.39404119910883,-130.65145757067452,1.0
5705,-2646.1499961841646,1086.0763285015755,-1011.805964097064,-1315.9279936186156,-151.53965020575038,16.250855494830788,106.2100804092739,-136.58737598961525,1.0
5706,-443.8987524354397,-1270.8523251619572,1659.12096133039,1572.9290933145726,-150.8538038813457,10.738338779749377,103.09771692346573,-127.65996200318341,1.0
5707,-349.2082041154758,-565.5848627399926,468.0457050852452,71.3401351686643,-151.64609320085665,16.0539615198791,100.07138424853076,-130.69153994115615,1.0
5708,1357.7676255279723,-1639.180222859851,985.2423387411473,-157.97958430819722,-159.82097572156957,10.606293353164595,99.46933984002013,-119.74515185901498,1.0
5709,-980.124490245072,-698.7066333772411,-1487.9476804035692,1656.4122660852918,-160.15823514780723,18.489895860962314,106.5938897243421,-129.0004096736316,1.0
5710,-903.4896042444738,1837.7604399216877,-165.0111791840259,1636.4034319629116,-152.35360360392406,10.772163359061643,105.03409545147458,-126.34887400546376,1.0
5711,-549.8870072052679,1135.4719747668614,1605.8399294603125,158.83080983622733,-154.8254254819351,16.573046973644253,102.16749894756391,-127.48891914433862,1.0
5712,-1537.0778463406682,-594.8232217256758,448.2116331690246,1137.2327556819569,-144.089933983633,12.594537043573505,105.38639005975587,-134.80185686393045,1.0
5713,2487.5551001278695,-3328.664557702851,-1264.1038481334826,-648.9735143431689,-145.93862616877266,20.2904143432091,109.08865888118234,-137.73361340320318,1.0
5714,28.489674364205364,-1973.5117268785266,-2614.528641528666,-172.91170475433188,-154.0819525643008,20.80495143476045,109.30012001311191,-127.17663900690445,1.0
5715,-301.4486745524935,-2591.7627498710535,-2933.032479564902,-144.2131488328064,-152.73000611827942,18.36706894752955,97.15987456461745,-115.59157865667632,1.0
5716,-852.0615797261423,-722.8864184879286,-343.17456817765026,148.90241248121885,-141.5146764338195,21.310991147805314,105.9779313175969,-123.83605276150185,1.0
5717,-1138.4375002144905,-878.2642357962841,-3098.205029127998,83.50295329216648,-153.52347561474042,12.289617716121962,106.3522956251966,-139.111618734901,1.0
5718,-1242.9010188046304,-194.08582035213132,-1069.8978232469135,-816.3193912872237,-149.6537780889054,17.548867517636378,100.84869119750327,-129.22535561370427,1.0
5719,-230.4144655655748,-1124.5750538501457,-955.9437744094953,-566.5955701128386,-151.2385119846115,16.841527796024238,107.13118029054334,-130.94361982712593,1.0
5720,-1465.6668847418684,57.41902204604935,-1342.0155533746472,95.88151138252506,-147.55950002257947,13.717187934065945,108.19313783245822,-134.04458509414198,1.0
5721,-459.74994295456185,865.9467464521678,-372.173710973334,144.5221269005838,-153.16953056426485,17.117816976832575,93.67847459183518,-128.54850625823207,1.0
5722,-378.40667808903754,-1121.917293279009,-1647.18632505623,420.46791802878164,-152.45182487174233,14.217141733336721,98.47774135125675,-132.67789745854137,1.0
5723,-890.9148836257239,-126.54121364315752,-1208.7293087708322,576.853187222828,-145.14646983804275,23.95793926919719,108.65280240255731,-138.4684365383819,1.0
5724,-2026.4795479227807,-2082.727314589338,-1696.0580641525082,568.7097784498541,-150.95140246844804,16.60672659396457,99.32640016737419,-128.80961387226213,1.0
5725,94.046694106851,-373.7953817292523,1130.9906879276414,-1335.9313153943192,-157.7080030799653,15.874818856299122,92.89970263630792,-126.82617748994048,1.0
5726,-562.679971944294,-283.47115833092585,-926.1434483502711,-13.160936080562646,-150.95372759745445,15.177745204700472,98.31007277135059,-125.260379589819,1.0
5727,-1568.4605629402133,-1504.5351077751761,-818.9050963475993,344.85193835694184,-157.47133181926637,11.791949282783012,101.96116683450248,-119.83969104104645,1.0
5728,575.8561906514647,-1282.5941084937745,609.0828226015999,-1245.9934221700303,-159.5206667243003,15.336134325436435,100.47768493436809,-132.02629301310293,1.0
5729,862.6323057897368,-610.9191062855778,-949.0751847020239,-498.74537079139657,-148.7331452734213,14.277170449551136,107.35732699146754,-129.82800866950433,1.0
5730,-1981.4381014955918,-2207.0819072945574,-607.5672676622224,266.23975122526247,-152.09230306272156,17.289981814510178,111.45445015671325,-132.03077388316336,1.0
5731,-1007.9392482956767,-102.75646263536923,244.02208935818388,1040.3790948978653,-154.66632850757148,16.431595754410257,105.90497019109884,-128.190309705998,1.0
5732,198.0521153005751,674.2383848176177,1625.488949177024,-2188.5799349354297,-153.10505509124272,11.521189661268965,98.12161168887224,-127.98347980863738,1.0
5733,-786.2140341135693,-142.40985712388508,-444.1557502065873,-1906.2347841465387,-144.49795849667905,20.404043686696557,112.3732894568604,-135.23562470623176,1.0
5734,580.8823787986115,-48.561940108051196,-782.271493883121,1101.9018687205703,-159.98609896105313,16.400762972559292,91.09224902743574,-119.8588572162339,1.0
5735,-873.9433221819131,-719.3177558615192,-832.9894826817683,1507.0992260007165,-142.60602955351615,17.180955801451095,111.51029213345063,-139.1038433065811,1.0
5736,-964.0938464038526,1083.3205757867925,-2173.2219173391727,572.4192583724766,-167.14258832373054,15.738251719035786,88.681774126977,-118.30844264049826,1.0
5737,-1243.532909671977,-1715.0325771945913,-1924.5486262542913,2143.52175282298,-152.77728440893543,24.070461707399268,104.95095593455045,-134.8316695124776,1.0
5738,639.7503731873077,762.6658813734865,922.3970039362038,1841.0625370626608,-153.4780144447529,8.569776040701429,100.81771377660334,-132.97875937564413,1.0
5739,-450.66836740983416,-1225.255918131863,-214.63720579647412,410.9051164808976,-154.61053295881152,14.289286075377253,103.30115293631772,-136.8417715204014,1.0
5740,-3489.450466256777,769.365010605308,-676.7011455119189,-2118.1436814970248,-143.59618595550515,19.53169721641437,110.24679854244262,-131.50751176601207,1.0
5741,683.9621167055694,447.41970032962166,815.3166071488243,2154.5549823295482,-144.58882157429184,16.37409958026493,103.1884980484939,-129.8074595898768,1.0
5742,-3705.822128744932,1307.007838267476,-2669.1519659127075,-579.3993019553084,-148.59356386678115,21.08235855990616,109.12648910251103,-136.59566261520706,1.0
5743,-525.5382047910158,-1135.7260665332276,2036.9941152544266,-821.7226568247802,-152.88814977782246,15.767899648696686,105.97537171918077,-138.13862611392997,1.0
5744,-837.7329506093224,9.085907117746384,-79.46770551231359,1157.1203805233995,-152.53113484678556,13.29809037354278,101.39717252282254,-125.15315158094569,1.0
5745,-1237.0153129419132,674.5740868725147,-2156.023076374567,-632.5329155497986,-152.12316062926914,14.849715271077857,106.87347925484846,-125.11788136545859,1.0
5746,1060.3231098101157,-1262.6761468963039,-509.9802594232944,-1436.1196688020889,-163.804645600016,13.29381598546729,93.54862021709765,-116.18537420366157,1.0
5747,-1260.1134948297456,-919.4809727494063,-1638.955642769044,296.00656352199394,-152.9536258550797,17.542835836932728,104.46661429691535,-132.4725411633292,1.0
5748,-1292.892466217774,-583.5324284561888,-1137.314630982273,1076.4914814866333,-148.3936378285569,18.7967754702805,103.39890455536244,-119.19389402593555,1.0
5749,-144.99983314014614,-1707.2143186313563,-944.3858258426427,135.73970814394335,-149.42759952505833,15.079212895001808,101.71276484244642,-137.7151257111225,1.0
5750,406.99072517587666,-1079.679921129442,-1404.4323762469653,-2158.4206656118126,-140.24606568764668,18.654325011401973,105.75182926710617,-134.16006748359328,1.0
5751,-2210.329899297,-1095.8057240354708,-2542.915798026748,-365.38509809803674,-145.42030144152457,16.3549695642165,99.26238508409052,-119.73687019265617,1.0
5752,-615.5128554671903,-2249.9992226940917,1221.4937885970926,-78.91873805618529,-144.94352104989045,17.72573373136957,109.13845972024863,-138.18812087115896,1.0
5753,-368.22234586205485,-292.22962587823713,-1993.1691867384247,-680.432920939637,-159.3957770945398,9.820029501439471,97.36747980183068,-115.49233390518718,1.0
5754,-1533.1219610018425,-678.2725705762832,554.9997891259316,-963.4956980617599,-158.56070361746924,7.667043464556844,99.64551973037207,-118.46283166005911,1.0
5755,-779.3187258750831,-1693.418263183702,-2777.4400754072603,-675.1926741633455,-151.83737139815926,16.08313376622632,101.65840681494664,-136.57163693850097,1.0
5756,-716.3964957589733,-899.082682072333,-2023.9959166449617,-81.43148677332525,-144.94193913014527,13.827728893703199,106.44656483092031,-142.97540651036664,1.0
5757,-2031.6020418110256,595.3152031411302,-373.0931423958137,-561.8467319757278,-146.59061942522345,14.534983638684825,108.44400898522035,-137.22704574287448,1.0
5758,-350.8010655655904,-162.97526169427778,1173.416051527194,-1057.615338887318,-153.61512331880033,19.066864016037343,103.07575453773053,-135.9703226354233,1.0
5759,578.819501743077,-2894.7594063247807,-1657.9325225239818,-272.23538592287673,-156.74963415719952,6.001299910298485,108.65175794175099,-130.5506279100161,1.0
5760,-1583.5622248928626,-2173.210383463344,360.8402227806051,980.7748833934731,-151.3266463169099,21.837744704683566,101.77919970852922,-125.68475214733641,1.0
5761,-1611.6476075301653,-2589.9861318211633,-2047.0806026728812,-1691.6225473983125,-154.43543734505485,15.016955923537928,94.01164801332027,-128.48011735901946,1.0
5762,-1062.7527971883724,-1914.0464238625773,-950.2816077659786,2541.7290956209235,-147.42109303934416,19.4809815768148,107.90602468961418,-144.7428496503409,1.0
5763,-158.21955386163512,-2500.0233306833225,103.18066029836598,-156.8482700799031,-155.64291414824493,14.116846444436131,103.55433898450816,-122.52864576049062,1.0
5764,-1155.2660311859731,-506.7030637398751,-1917.5339477457642,-19.69949433892775,-158.70702537790257,12.561930245218932,94.79022027626952,-121.86056194027664,1.0
5765,-330.73913980632534,-655.7731740117398,41.49272383011519,2568.4729992154944,-160.20229201198154,13.89023096253663,95.637905304039,-128.41672959324978,1.0
5766,-216.49177101936786,-1009.4707350771637,184.45642847841842,-493.1413660109399,-151.2293016844645,15.178895141441012,102.11218027962565,-125.20458468752157,1.0
5767,-221.24777045228797,-183.04320992419574,1013.02196820451,1869.3582314945222,-155.74337312740712,13.911276872803988,99.3124648323541,-117.24079463151195,1.0
5768,-1127.6338355868074,-710.1478706693324,-1863.0773557564028,929.7477456220122,-157.04308713458022,11.108621010173566,96.13172063155501,-120.19975753353305,1.0
5769,-1460.3601800078577,-2553.8567033830195,-1793.646105016975,409.8173708380462,-154.22142009116297,13.939717175857387,101.13534556593856,-130.68990149912244,1.0
5770,-126.45105438818952,-1408.441258610995,-3262.453506660925,30.02003024368748,-146.61608264705274,17.90911840413245,106.42591630030448,-126.50082774644535,1.0
5771,-18.837545356280838,-1103.7175267681512,-1567.688227906697,2384.9133067874845,-149.79174234562345,19.310278360707578,115.25889701607433,-143.79246578569982,1.0
5772,-190.2424176717585,-1748.005471186965,-2328.742867283638,117.11139835426081,-149.92018737321706,9.750705383259998,106.91196560954346,-125.15913523082466,1.0
5773,-578.0249509659767,-1018.1014238935552,384.87104848130525,-1733.9810501805864,-162.11308463378785,16.466135937600832,100.81144193482986,-123.67049898689183,1.0
5774,-992.1900768520919,-1437.6728220214065,-1902.4076091816253,5.149394284889997,-155.44160782987967,17.73001402696303,99.87051656045392,-126.82640531246625,1.0
5775,-1593.2496087478667,-620.9191475173806,-1204.6525235170898,-799.7325490976144,-143.59308687203318,13.521674005007892,106.33852420731888,-135.5229566831762,1.0
5776,-3840.9893005446106,993.5448335327629,-1152.6794818924034,-1467.3364360275182,-149.48209352336005,11.295723129767266,99.17571605894366,-138.5881593122486,1.0
5777,-3313.1972928988102,704.5343438873333,-2477.861592325809,-1960.6621088628242,-150.88697153323483,18.332835847456547,100.15160483474922,-127.90545718596948,1.0
5778,-669.280985079267,-1891.6149818367046,-771.5298019436473,805.4197452048722,-143.6471849780142,14.883580551108505,117.26033205945018,-138.0319200397654,1.0
5779,-2078.2106999880407,1115.3013712921934,163.66813905192396,-2004.4622103441563,-153.37658676913676,19.215194747690557,103.80891755041172,-130.99565698920432,1.0
5780,-1466.4242831340027,-144.12112677837462,-1347.2954548704777,-213.44973017935814,-146.2985534629474,23.40168260453863,104.59698008767755,-125.39126591804363,1.0
5781,-1106.4828052445448,-1915.578143831337,347.6733998030045,-44.92090960649144,-162.09206607195367,15.916492108062688,103.7513537366516,-115.78765281851594,1.0
5782,50.02490366708214,-1651.1606632241785,-667.472716637098,-242.7958263565036,-153.82962283132792,18.235672088440765,106.93115306710905,-120.66499069968135,1.0
5783,224.9694192694948,-952.852878404848,-111.13560003930868,-906.098831935519,-152.04276138335442,12.334537141161732,106.16458337416525,-133.5690409139379,1.0
5784,-1392.2952014409984,-323.11734136996614,-1772.3422184343676,754.8080043673399,-159.07964663279856,14.595490548578448,96.81758472048307,-128.99133957146185,1.0
5785,-810.1422666734685,-486.5653827677083,-1915.4945737912285,358.16156462483707,-159.87818159048862,10.655271704853984,103.70579758600479,-126.97363438345626,1.0
5786,277.2893576819666,-211.8505576701904,281.94305666136506,-31.69668089485701,-154.7248175136265,19.09448523555034,95.92565872731859,-120.6968599890912,1.0
5787,-409.05399367555435,235.45963746909598,-232.49636909929177,1458.4440156657517,-157.2825978679848,19.796607522205726,104.62067489948446,-129.08300461855066,1.0
5788,-1140.9643333762635,-645.2002683892365,-990.4613955462701,1520.293583785663,-158.2678699991455,13.067656781186768,100.49821028861841,-129.26200353239457,1.0
5789,-130.09184059289953,-2052.9838632652904,-1196.0924127912485,-486.7417783510572,-148.89209728880007,19.006038915053747,109.78919079226486,-132.9823021191059,1.0
5790,371.23795474389686,-1531.5260930204454,288.795112847131,-1647.4419351627132,-151.94821814293195,19.893092013578148,104.3429350772525,-137.36597422126295,1.0
5791,-1659.0110259283836,-1598.9031234380557,-1017.9002665972041,-277.8166941015686,-144.8786899491706,19.3490066217817,113.81081353155686,-132.07684414371127,1.0
5792,409.7810950237295,-2333.424025435804,-2692.299921519528,-460.3677273547482,-155.97108186184786,15.110523710772224,104.77413271646212,-134.23454663220852,1.0
5793,-2952.6288534604705,-150.3467513018128,-2574.763499584655,-1582.111666112525,-148.10912646454634,20.236852365785843,110.96666030287263,-134.52448062219014,1.0
5794,-1374.961078176222,-881.5535560333554,-1142.101394838545,-969.1602140844959,-154.2189048492854,10.443544968827265,96.49657810506817,-126.08667166698066,1.0
5795,-1202.3867788853638,-358.17029525856714,-1497.489768456178,-83.8039493887026,-147.1319132741332,13.28046713797539,109.55633329695367,-129.7747126876627,1.0
5796,1015.067831703116,-1448.249396317306,-625.6283658225653,-440.93177739007893,-146.35916870267815,16.451152074138484,108.23239691416721,-133.39661240323437,1.0
5797,-352.8886734933739,389.15359858970595,-903.58106768076,536.2024863256041,-151.16869164054563,14.593187403589297,102.80792202053433,-138.20548061742912,1.0
5798,-451.19154340156393,6.160505249854542,-1723.3516977950328,-1192.671476666484,-150.35708781446107,14.620775852699193,110.75066536963658,-140.16142002466074,1.0
5799,-834.0509174135226,-1545.3777319439253,-1494.6234845129875,2174.3530189578323,-154.41277967206088,11.813163384878662,103.20413322146193,-129.18624967967318,1.0
5800,-1618.1138571316403,-500.78822889073916,-1205.8911733208781,-1602.7020832337878,-138.69258271027283,18.506713362515786,109.84379645021947,-128.42092997647944,1.0
5801,-1272.6243910405788,544.6310909242341,-1360.5825561814638,395.6029721489796,-159.50046618735837,14.050665780351302,101.98483764951543,-127.44508177514247,1.0
5802,-288.547528205836,-930.191827189285,-1486.2744602375772,-142.28390312189785,-149.30866701508725,16.086009786207693,101.31110741336272,-135.82863617125972,1.0
5803,-3382.7141676181127,973.5350188301999,700.7006592220283,-1724.4048151399563,-152.49070064007884,21.20789680325222,101.82298979789036,-123.74821084018876,1.0
5804,-1455.0823767118882,-618.2634551266418,-2042.0954849162836,309.81382739690787,-158.29856323495895,13.45697555910064,102.0844035307917,-115.76263581033464,1.0
5805,-22.459827965732725,-554.8413142861542,-358.33914553549283,912.2370288768877,-149.82934494053382,16.658936530672502,106.8456096473021,-141.64690806838667,1.0
5806,-74.16489316584244,-1063.0388897165797,-2092.8181017324364,-455.4361728734637,-148.86380047601565,20.09289252080253,102.51786864007323,-137.86516552673083,1.0
5807,-1155.0230624580631,2104.6628092663445,-1489.056316178576,669.8259393919423,-152.1688692522564,16.986083351177232,99.47918496357177,-127.166885302082,1.0
5808,-2894.790810214898,198.46229723194895,13.475564868704758,-164.1024533499609,-148.41292087417608,16.532493219666772,108.29531319744295,-134.02581969321736,1.0
5809,794.6707519381822,-1098.4769739264223,-1108.9793656630152,1252.761542874955,-147.59766172961625,17.663906794084475,110.09298583805412,-133.39938611217244,1.0
5810,-632.6004269169514,-6.29591514267741,-654.2017035623508,-64.66247019034631,-148.0971051637609,20.428489538086808,99.42431637194812,-126.03191550901245,1.0
5811,-646.0173168475666,-799.1926256596836,-3367.924278171149,-109.16312535972682,-153.0801367334981,15.536436228004465,97.98858391550705,-120.66630785082728,1.0
5812,-958.3548657311158,-960.8392492267168,-462.57860225893756,325.8318845964872,-150.35831212487278,19.87928126829684,100.61928314859557,-124.0942355822762,1.0
5813,-159.59886823351908,-616.2255088329139,529.4987853904894,2195.3202205586163,-153.0704938600646,16.275814848455365,106.79025016207005,-135.448396535234,1.0
5814,-1213.6248048961734,418.1099864972491,1634.0159475307423,-1776.1041296233514,-145.22615775874885,17.026553270126968,100.73324457677718,-134.31655881011812,1.0
5815,-1218.072557630241,-1161.6982269780763,-1456.5705698198556,-322.4187049986639,-142.37971944052657,21.297874851370622,107.61305785402608,-137.21864942318388,1.0
5816,872.8704051475703,-738.0105684727295,150.54726536036205,1262.3292274360458,-161.0882966575171,10.904452711675226,96.87535286655985,-124.40946825615046,1.0
5817,1770.3056674300417,2866.135028290327,-1611.869889905262,1516.2329716908991,-160.09222415220864,12.612663391954534,104.06512776010631,-136.3810992428088,1.0
5818,86.20647484381507,-1775.524055880395,-622.5552379785655,-814.766977287895,-152.75685206145408,19.555177284378285,98.74301413713681,-133.26787922869246,1.0
5819,-1312.3841009357175,-2462.4323989944482,-1477.1655607844712,-664.2190780783378,-154.03479834873593,11.952391253316938,97.81161474184638,-137.7885353139559,1.0
5820,-291.4752609026095,-1404.7503464633378,-923.6092556987945,1158.1764906705464,-155.72113082938458,13.212552648657127,96.69084863041198,-124.41963504342671,1.0
5821,-244.5109965902939,-595.6271831727021,-2067.1837877987114,-609.7127180976227,-154.51779752738884,18.70551222390592,94.86518522157697,-122.51367099484384,1.0
5822,-1311.0411078698776,-486.385176149422,-1029.2319410588484,42.643181697916596,-153.85478168556546,17.661500771852538,93.57960400602745,-123.76188427600138,1.0
5823,656.1433943688486,-2767.329400989217,-2843.192400218317,419.10870892984497,-151.91380596806545,15.809848288656257,99.62291519246644,-129.18740213142368,1.0
5824,33.485283905695,-1019.4941030464536,72.3619658253933,1426.8649183739522,-148.95862610884967,22.481466639148124,108.7850065754295,-132.9415867148537,1.0
5825,-1134.4361578660878,-904.1027525923901,-945.8751277224679,496.31599745625783,-149.4649002157509,6.781192569839979,106.28608408108893,-138.34446495010974,1.0
5826,-1146.2358400968485,-2364.5596731390597,-2112.0072077026266,-641.9518815301875,-152.87155511982272,8.999780216130286,101.47141346303225,-135.04456981578696,1.0
5827,-1058.994431931096,-1291.1862045622163,-433.0338952582041,244.14038843809948,-161.4605092427766,19.2978081723179,99.2736672962756,-133.2723900940521,1.0
5828,-2691.697670765203,727.258995307472,-1080.2900337800752,-798.2308638049998,-160.365125893342,18.49228004039317,93.60282869520537,-128.68193510457556,1.0
5829,-547.4816612999045,-180.73862785329297,-229.8065523270499,860.1323173643509,-152.32785476086204,13.009915444336542,109.40224763117531,-133.3864772555952,1.0
5830,-866.6143152554565,260.59655674212786,-1453.2386190277073,-50.53668278767394,-150.64672584662242,10.707005300538732,106.2726310332556,-133.03988481453308,1.0
5831,434.44023117130877,-1060.505654125865,-445.48043992428546,-838.6478083858007,-142.07512668354804,20.759405597784486,117.45873651881975,-137.01050587079374,1.0
5832,-1387.5975702328478,-1191.561130533028,-2567.7888478235636,-189.0784029300572,-156.69753814477517,16.36781409250546,94.52415687488563,-118.92757369786297,1.0
5833,-1373.699035258232,-1899.2062669277923,-1367.8694705116304,-1302.8654644613503,-163.84319418763735,10.353607817437187,102.95901701335782,-119.93282714112685,1.0
5834,-1674.5459445435765,-286.8115324886384,-78.26040188464486,-1252.3449228766979,-146.62085369503305,17.076488427940866,107.17197729561674,-133.5488964391487,1.0
5835,-377.4048594631175,446.7324400790149,-362.58246618932344,-488.86021186172263,-145.84190682394555,23.34832197260493,112.15458711542303,-137.21846857094656,1.0
5836,-1487.854896213121,-655.6833431395365,-3436.199333002609,84.15640899044857,-153.3891739480915,19.749297171974227,104.75705217703235,-127.96647755072532,1.0
5837,-1253.883718776624,437.9159679979407,258.78487055950546,-515.3463820147111,-150.89770347630346,14.927884789106585,101.46455707667873,-135.95643753735317,1.0
5838,-24.021419452761418,-611.2360124995172,422.4874819288817,-490.56963274458013,-144.25319614535056,22.38564838853555,109.77390979660116,-136.32907557340195,1.0
5839,-212.15023138069776,-1505.3767262419049,-398.8678231825596,1861.5691887288738,-154.44816130207934,13.70333631795646,105.99805094949161,-127.91571194244771,1.0
5840,1237.6231011147856,-1447.9527910172544,-165.82451900818765,-489.5570931806644,-146.70577808464063,11.127694532221444,105.95786439472631,-123.45249601544172,1.0
5841,-1744.6418383642958,-759.8706940226851,-890.0775330492162,-945.4033402180324,-158.16505209873694,12.04830057616709,103.04581064352728,-130.24471394491061,1.0
5842,611.6192412967225,-823.089580160876,237.88065702188186,1393.1930057302216,-149.51903166774025,15.943363505747657,107.94642685679614,-140.63152741971464,1.0
5843,223.79279303796088,644.3997827032705,1605.5717379991327,-1240.8663437661303,-148.50512817752286,13.48482663705251,108.07903086468201,-135.75290162136105,1.0
5844,106.36295332497502,-1994.0211065024387,238.48147648265302,-455.8875385964752,-150.8044365937109,9.420219123805776,101.99170568300312,-132.08093798792322,1.0
5845,-2083.483411276109,527.8410655696124,-1468.811949184922,-264.9029144478852,-136.98133165194454,15.625370265737113,120.44079391938708,-152.62685455536067,1.0
5846,-817.721948309096,-1368.9001663975348,263.2909649078522,1026.735976338813,-147.53956476479283,15.099771442481222,110.6067693093828,-131.13358513436162,1.0
5847,-2755.6632065345766,-587.5134648464863,-3129.687314432318,1003.7169483427432,-149.3228046052261,14.955864673785156,100.32644291686285,-122.91532989142715,1.0
5848,-3372.2837464008217,216.2961485874534,-1536.1811815228507,-391.7024336029939,-159.3361823408364,16.986372959438114,103.34193183147775,-127.47539029222534,1.0
5849,-1378.6748121377293,-785.3629687152895,-1463.3728793184423,-110.46686260327357,-151.42325969228656,17.863539376033618,111.3206748142003,-139.00167176812016,1.0
5850,-1047.668822309621,-689.3476261426304,-731.7088202485311,941.336058981543,-147.20959902547023,12.162586095596614,106.26429127545997,-124.67600044858943,1.0
5851,-31.58854034338294,-109.937014676142,-1261.6433321702257,-475.64090461221895,-150.98795667428482,16.340845223034343,103.34092396251384,-127.30519924911984,1.0
5852,-1420.4119289157932,-138.7703157393662,-262.3294053502657,-56.172860431693586,-146.29655664212504,17.726770858923985,109.10731455672018,-136.71591512980527,1.0
5853,-2634.366605697351,190.47672098128322,1405.1265074365854,457.5958205989247,-130.69040676481828,19.904747254133976,125.92112149157734,-151.5327905907118,1.0
5854,380.24490888779036,-1102.9494522931432,-1047.6517172751553,6.159136035750345,-148.80810165433084,18.040912560883424,106.49036173832972,-133.42303682070192,1.0
5855,217.1197511709025,-449.9715891424418,406.43315364576677,-2011.3160845941195,-158.0317439597573,12.154890641092932,102.08617202586403,-131.38617682344875,1.0
5856,1235.5773841634805,-2218.9203787599445,-643.0939718769739,-1154.5204759126045,-161.68299184400183,14.970012527040849,95.09068921586272,-126.33289683339207,1.0
5857,3423.0282990862825,-3237.439359464275,-299.4824119010736,-952.996346318471,-150.3043110333622,15.590563954376574,105.96923366165555,-129.42009326955227,1.0
5858,-1359.3086473920291,-1320.4227733149817,-827.9759713956233,409.802389348311,-147.97363798812057,11.652243942888557,109.31033517123822,-138.66494455973722,1.0
5859,-1609.6991458915543,687.8713040274739,-3570.333413640788,2494.8825740034335,-142.87410936991188,18.84217435677868,113.23455212511254,-144.0536047146175,1.0
5860,-1190.6005130196017,-292.9630115322854,365.78642047137726,-718.8160871116621,-153.2354172970916,14.957367722101557,102.07535629148332,-123.98434197008652,1.0
5861,-970.1547016156268,-1173.555721369946,-423.0292475837808,1577.8936027454927,-156.18146660066284,11.552267833638505,94.84151217864687,-121.95311280263252,1.0
5862,27.584887871934427,-960.107700910256,-559.104892093715,-862.4712111872515,-145.88090130598243,21.90061007968872,103.28316050110404,-129.8055761130187,1.0
5863,-604.2977626429249,423.03832058055383,1163.0338549491669,499.979024721346,-156.5715012830127,14.714764450045823,99.84425058232694,-134.94282691050822,1.0
5864,-832.3113228271994,-34.091703610679936,-1317.3077524780888,-112.22345927333195,-145.8495142880814,20.034625867852636,107.53097800103332,-133.8879421576444,1.0
5865,-232.6782726349172,-1664.8247163500198,-36.81348112779117,-159.53425142834863,-145.55739656236076,14.01573522224659,109.73149488280194,-127.43507994766128,1.0
5866,-711.0914308501096,175.11316684418549,-1579.75986275379,-46.616589367842266,-151.86291496763465,21.205437329227976,101.82441450643869,-131.24739210183702,1.0
5867,-210.59606184191554,-1883.554655522757,-2182.2522316745208,569.2178231895558,-148.1796733159746,17.22359536926401,103.6987640606174,-140.07162251670118,1.0
5868,-1618.7996875950184,-1447.6610422511415,-2827.3175912591437,-1325.3929370598732,-158.13153274803486,11.546563387040035,97.19208556496594,-127.88033357557222,1.0
5869,-148.15698136445369,-1117.4591206315354,1727.0424131240538,1781.5434249666368,-152.77710433705593,15.544449996419697,110.59650285948202,-133.10763227119693,1.0
5870,-1067.115968546691,-1080.440738179983,1818.9624377881685,2676.3891810608447,-145.37812567644758,10.474609444907076,105.30787904776773,-131.7861727087882,1.0
5871,-649.1084820083024,-655.6434778822479,-946.9664692621385,925.1257375154814,-147.83140696287887,19.615919454716206,111.02683516625738,-140.23201937332308,1.0
5872,-923.3443551323244,-827.6837753430649,195.08442357772185,-697.0010724236952,-148.78566925654897,18.173482118030947,107.26793430272639,-124.24062901143127,1.0
5873,-2120.3513628964142,-337.1405983535944,-1370.965605266819,-257.806559756156,-147.93221957532165,10.482487767139443,116.41388211388258,-134.60815235624432,1.0
5874,-2606.348045389871,-1286.0716583617648,-2261.1005899881598,513.3505007384862,-146.0343463353605,20.72439412719272,110.42606161504422,-130.57358798464355,1.0
5875,290.8735985297863,-1019.1338663439852,-60.99714451009552,-801.9099290727896,-148.2472696838339,19.220667844404108,101.63226032364874,-136.08405964629114,1.0
5876,-1773.0664322942794,-446.553803126553,-1771.077765133331,654.4921994751822,-151.0382874267483,17.946838472017543,102.87397395901553,-130.7879553668745,1.0
5877,139.00124983773014,-760.3812312021029,-375.36025695685385,852.7078583810273,-146.68871403395826,17.438284039794592,105.06775444892631,-128.74647412278995,1.0
5878,-730.3692192763614,-552.5654539465451,925.898444563495,1920.1201531304487,-153.44160172477604,18.23934511411393,107.18070968850029,-136.66045734463194,1.0
5879,-1544.3976289660834,-375.97895592962374,-1669.1546773183015,-2851.137011851457,-152.3022997604076,14.031118725233448,97.67354642177654,-118.60964104485237,1.0
5880,-922.0202713530066,-832.6054425389027,-643.5185518104898,309.12956631994115,-159.5743985165033,10.015388782507209,96.94995726332867,-126.2822821214637,1.0
5881,-1424.9817604740945,-1232.736096652707,-1600.3157772477118,-595.9557214678981,-148.09264556756483,11.022439275529118,103.42304522581199,-126.8462898333128,1.0
5882,600.9756610325644,-1021.149164960902,-1164.5525838222857,93.863733208775,-143.09197393594465,18.58091691471495,110.4481015020373,-136.99244334727362,1.0
5883,-238.57209245809136,714.8948463017523,3745.0646102199953,-1839.2255538143663,-158.84378105990996,17.597884550175216,102.53643935568418,-132.90292186221748,1.0
5884,-2245.5073936173694,-385.53974778563816,-1456.9409163817704,1733.2852425698932,-150.8441903796404,17.18479874242193,102.15716243956035,-135.69833831818983,1.0
5885,-3639.4670960697927,3016.930169535369,353.1990046456585,-1692.541926158742,-151.37008956068104,20.961928012757838,110.7654117929075,-136.1482923599514,1.0
5886,-893.9969255464363,-499.5761215666939,-1166.8901053088891,468.8049410847041,-160.07259531548405,18.270213794342194,93.34540011653891,-124.89911222891337,1.0
5887,829.5831357372318,-724.1192290789129,912.2595181470432,1518.4078950035814,-149.29044045812728,14.094998740860106,99.46476366794371,-133.4685309297729,1.0
5888,-349.83455446482566,-1281.2392898987234,-2897.0033708748906,-801.9223084214976,-147.51710170747955,22.821314270676485,107.06234297824861,-139.97258160584505,1.0
5889,299.61021906306814,-419.98555581308494,-1178.8230149818842,1913.603956863859,-148.01897174598426,13.245649781129716,107.21777131420941,-128.55991558289836,1.0
5890,2006.1308869156123,-2615.7788870313084,-1513.3499302120329,918.9827628678813,-150.13021305414588,9.748342563776593,101.58931342991634,-123.84002307038,1.0
5891,-523.1194817015848,-436.5936801537272,-588.1236307765208,278.1761241815486,-155.32315419402153,17.59610430719496,105.77439795885456,-125.34032122929676,1.0
5892,2060.141209414169,-3340.337128766934,-224.947111478475,-49.629097239707576,-156.12413493102483,15.62183686570143,108.16517492481812,-131.55110505597048,1.0
5893,-1430.793809337583,-1738.2853801519536,-870.3398871248511,-659.0052756649949,-146.75380209448397,18.29001774008616,110.76524626558617,-133.8996157233621,1.0
5894,637.0308016528809,-1600.1437229145668,-961.5141447140612,1659.8490000200543,-148.3753776732642,23.030777748096064,105.36517713302968,-121.11541131291375,1.0
5895,-1983.008687155165,-112.57133950670791,-205.57917359951682,1091.5808681551516,-158.71579946086473,9.984602468443956,102.28757308916244,-123.2492657162734,1.0
5896,-1051.4555218930982,-1282.391328071908,-1143.7413723535137,-790.096396932504,-143.9492748970986,11.573922344919719,105.96565140183137,-140.1714713655825,1.0
5897,-601.0398507292796,-790.8355245483431,282.276650772646,1309.4591086344635,-158.4525269322756,12.40651557944707,108.48883081497132,-134.62071067313767,1.0
5898,-16.58625246648686,-1196.364949173331,1232.1786677833418,-1643.3132980646321,-163.03098439533727,9.552096025122914,88.21461537155885,-115.00224566313807,1.0
5899,-143.39599720735487,-1816.7662875893802,-2322.9139251106553,-78.13188996074616,-140.47720891193666,25.035026009801143,108.92752661324407,-134.20008089568836,1.0
5900,606.4585596426991,-2786.970747862159,-1970.6283272083244,-482.60849199720656,-157.49421231796117,17.466035976940436,92.67571282611628,-114.26608085005995,1.0
5901,-678.6850724415984,81.216599452034,-2968.7861940490325,-1108.8343643231274,-149.50093519584456,18.694431024808015,106.61646727249507,-127.34549319018123,1.0
5902,-710.7439151392604,-1697.887713695564,-951.1577044306084,-1646.4438996487468,-151.97330026849707,21.57574501627898,101.99893910839765,-127.7424762533012,1.0
5903,-1574.4288506092462,228.44796024712892,424.5626856015249,-1429.8989460451514,-151.22301475547553,17.505859543541103,98.95359285652768,-132.58489204954083,1.0
5904,-598.9959675943284,-742.0535361053651,-485.0451496302162,883.0409474181116,-151.73183477766355,14.120200493695625,110.93514373932138,-135.49096583550073,1.0
5905,-1701.0980319203707,-906.6250236028061,-2254.8254377461662,-518.8970377017122,-152.20782665982495,8.76211627472344,102.71464874998723,-134.0063096204419,1.0
5906,-3011.845522953581,1389.7840815521195,-658.6829374138521,-1973.836641644768,-157.07543194585446,18.17411888778368,90.54967355245608,-117.24674101633458,1.0
5907,-1410.198468245052,-1279.4102870529573,-747.0340722998731,-722.042571927603,-155.81054731940517,14.901150208585307,97.51962352159396,-124.96342298178219,1.0
5908,211.48224057883752,-1652.1034156880983,-1168.6450765226525,-1122.4211137488621,-147.81028574815753,18.335385869125773,99.4330234075615,-130.08811297123748,1.0
5909,-851.2393045352079,-506.1420706311469,-2115.629610892935,-996.5622234530098,-148.8592986991983,18.473288789225958,112.44588733762436,-136.22170970282022,1.0
5910,-840.0199552045965,487.0529511420054,-320.1034233111633,670.6690744789502,-147.35117307482923,17.76372157786687,115.71315000582312,-133.76549959689464,1.0
5911,-1382.0026670849536,-1601.1754825272412,-547.435160376838,527.2125348422992,-149.2491836010404,11.761762784484109,106.5393241493256,-132.67287423556442,1.0
5912,1050.0285571223808,-1227.093066701677,-255.31405152035492,-1045.7980696360557,-155.52415252852663,9.674822895813561,93.90773396511844,-118.09781497318093,1.0
5913,-1356.378680490537,-918.5215914924387,-432.7137882308941,449.0107227237071,-152.92850214777494,17.10891720292765,99.95136465087448,-132.67035639906774,1.0
5914,2228.2916592225947,-1841.2753475059858,-1167.216689638748,-1965.1587593846739,-155.52597477914648,16.226351258181726,106.75828770171124,-133.16505210948318,1.0
5915,-2752.164251374187,643.4029632388588,-618.3920910523325,-1031.3134118191706,-158.45827542496642,19.561743058680023,99.46477358339945,-129.6622975887722,1.0
5916,-731.2691277920587,-1366.5542849217732,-2191.311496592788,779.3843902098729,-154.94938285452778,16.835154053871605,102.71512169389432,-125.19379680445809,1.0
5917,-299.84110940160986,-276.45003521560864,849.0432657674804,1132.076821869301,-153.11987504586028,16.85872096255011,110.92292653219526,-135.83275786696794,1.0
5918,115.11584001294015,-1835.653315525854,-748.178122833903,-306.72228425935316,-157.5402705001415,11.166869319034468,102.3220699490307,-134.42085371691525,1.0
5919,-1857.012210310828,-572.8322226668122,-1155.127770516678,-1087.4246636259622,-151.50258981841066,11.804468514496346,111.49907510468663,-135.66451266024393,1.0
5920,339.39472615837576,-876.56449199414,-1503.9274998236187,-696.2462866456757,-146.91167886413527,12.059510283189868,116.0948169788244,-131.33602070589123,1.0
5921,-1214.1137029624194,-1694.828211504916,-1479.0542093471297,1499.8849794558535,-153.83541546141626,16.711212501691158,99.84489147666731,-128.21380567258157,1.0
5922,458.04173714795627,-1236.4576799264862,-702.1482566581813,-153.13814594634295,-145.1263217351787,18.512713022410967,113.79243811696911,-135.79313266545907,1.0
5923,-1378.4537109272526,-1635.0390778667975,-1513.5414217625998,-159.09714368421214,-158.35633702055438,13.05689302874602,94.8948411390944,-123.14092624690159,1.0
5924,-824.7257904415875,-551.7871441214847,-710.9537301410941,806.2089063789688,-144.05044346308375,18.55383492701775,110.98784625734393,-131.6511907660814,1.0
5925,-2634.37377965134,931.7983466984276,-196.90981966520553,-2352.1775235819337,-154.3187910737489,15.369463053919501,108.5836615902184,-130.72327067593426,1.0
5926,825.2520251986384,-1580.1734617005197,1390.8277945382504,-480.2333948866803,-158.08743344153876,15.062579949944926,98.32169821169597,-127.06124092581642,1.0
5927,-2459.727562268043,373.46997461397666,-794.3655301423904,-1749.219372438272,-159.77274446730272,14.286052686751317,101.84558984386909,-133.2796016756455,1.0
5928,-232.6546301279496,-764.9515803372961,185.45031347469939,1444.0068550407098,-155.89471183971324,15.777824935967041,94.51860405223437,-122.89240523009057,1.0
5929,-1650.3957264445849,624.332456666334,-262.3447250195006,-1797.7194298904003,-151.02379300770414,16.91349597257576,101.0162099227805,-134.84013096911087,1.0
5930,-482.51500750519625,-1375.9925670773216,-1000.6531946173909,-895.5318434906038,-157.30523982357857,13.639298316672862,94.19205568353046,-121.81400517538887,1.0
5931,747.5418696848438,-2170.1510916172338,153.51500665961086,1037.439577798672,-150.4440781664117,21.283273663522706,109.85537366189459,-136.00616966628405,1.0
5932,-1297.988682015927,-1668.7501531278135,-1944.2264038720555,-187.2259312650653,-151.00030900562462,20.917750399754173,99.40875100726153,-134.64856455175672,1.0
5933,-660.954027357206,-212.55937811674104,-405.587078692334,1340.327931840871,-144.3678725389676,19.496633770524404,105.20982778852724,-120.87981232090058,1.0
5934,-405.6799843278065,-1253.9146908675705,-1807.8296927009903,-64.09624767709667,-152.07230600610984,17.74096014366893,107.1260404032435,-129.8417256443638,1.0
5935,-1060.8155017279266,-601.1023138276167,-2594.3304449308534,1261.196398050784,-157.8989995825137,11.700559053213519,97.19169489033739,-123.3028857515388,1.0
5936,-2131.899183696134,196.66365723008548,-643.5035297756409,-1094.9156343885497,-152.0927500775173,17.481830032528478,95.65352478005228,-127.03686390755684,1.0
5937,-757.2677481714574,-830.3790695247352,-809.8143160267335,-426.5211480642054,-156.1333954856027,19.549244664179405,99.48493818724647,-125.69350050947591,1.0
5938,185.9216626035817,-137.38022293218964,494.9812442461831,-775.0901533474071,-152.60112845659256,17.55518566355853,103.91246148245433,-130.28823661102047,1.0
5939,-412.7426777487503,-789.9487368796467,-915.9992634640424,-32.728374462139676,-157.34136768048822,10.061876097953173,100.11362717592154,-129.22173830720834,1.0
5940,236.99678979475115,-915.3283470230688,-871.1302450401646,-1661.2052734003476,-151.2153791777226,10.857596304388043,100.49377462307179,-128.88844864682324,1.0
5941,-945.5811671939415,-215.13626914868456,527.554498480622,2387.039586862932,-154.26010365814545,14.262121948654151,106.24196333563418,-122.3854569547729,1.0
5942,-746.1051938011523,-1500.5983590198714,303.86718980869057,567.8642838891683,-150.05940411158394,16.56499281872649,99.39113202805162,-133.09455948977563,1.0
5943,-729.6306829975872,-339.398102341822,-1252.157218505049,-324.2277337471387,-148.61549557627626,24.67777385299478,101.28478796989552,-128.85146865164785,1.0
5944,-938.1563249789291,-1172.8841908774186,-2510.1427951635765,196.6694678068595,-150.36495232612634,14.114707085663307,113.57868855511053,-141.1758612696818,1.0
5945,99.02842563271544,-1733.0277542530653,-2032.3043208936576,-1141.198579607902,-152.31446098922999,18.734572639182286,106.60594886526249,-132.56462991906707,1.0
5946,612.0995500415678,-1958.3803598008647,-57.20099576331553,-468.024871988912,-158.5109844470297,20.585913320283538,104.857977124236,-131.06553286398588,1.0
5947,752.6844118709854,-2368.176105888354,-1970.2740363260123,-2100.7788335444,-141.93951996239508,16.796880681734603,115.35893818320375,-134.62162793054927,1.0
5948,-615.1741016058185,-1305.608234224539,349.7723377585463,443.81736940932217,-147.42669437507652,15.072856960354477,105.39895757166356,-121.69978937988476,1.0
5949,-674.2731648669529,-154.27792062029292,-1093.616430724803,881.4505516845696,-145.25710978551734,23.756881517794117,114.45612673251397,-132.70236828199117,1.0
5950,-1049.6005571066414,-1452.717199448357,93.43698332546896,995.6741245248761,-161.9525230104541,10.145570650860268,90.56681655720112,-119.9672892768307,1.0
5951,-1403.57979361922,-1299.1551290424275,-3404.553617335255,-767.9578189772723,-148.2888397521236,17.483436312126234,107.45608655200861,-135.85434540792596,1.0
5952,-957.8912443154868,65.91436412457405,-2693.848478121121,-469.01841123012537,-154.80764143636986,16.04413150819869,102.24313342743743,-123.8705844479077,1.0
5953,-527.0830795076519,-358.5747574560768,-3538.9583940556536,385.1917989388321,-147.95979843488,15.783151740218823,105.45110062126413,-125.20401295838096,1.0
5954,-151.58576973377617,-1642.2839508870884,-881.5375961262981,751.0890307804667,-148.6865864851988,17.759444833816485,111.99062996135339,-134.96540083629048,1.0
5955,-1579.2558680829034,-1350.1863349047178,-2240.747189774141,-503.3260850939257,-156.51223073577475,17.340515500566188,106.33059603336689,-130.96619523403527,1.0
5956,2176.954558292801,-2908.0993835548757,-1021.5021036424157,-463.3391027211988,-150.65791173416036,13.512084411792246,93.41083974283079,-128.01480154297536,1.0
5957,-2773.5320045989442,-358.7510231124413,-1634.7919730522735,-1808.6954893957209,-143.7244491773335,13.684085213914027,103.83519045300869,-134.4948830112128,1.0
5958,97.09274793667137,-1227.2276747626936,1126.6563682924598,-2172.8156633870544,-147.72958802072927,21.82102853233607,105.04878916637882,-134.3430998379168,1.0
5959,-125.35236902561313,-1147.7665872392877,1314.9035014185813,1506.254680352706,-153.95497553638893,18.70351718640181,103.0946916606389,-138.89412380821466,1.0
5960,-156.45010962970477,-1200.6184240780208,-1005.4773890872214,-1730.7325291850636,-149.51980607680267,15.736674245889432,104.32528549901897,-133.7873258145922,1.0
5961,-279.76094994134024,-2412.576114360509,-172.45502887319023,887.5744472513921,-149.74776058231706,11.703841659866056,102.08775132346636,-125.0137222754009,1.0
5962,-454.35992223469117,941.2991107849964,-995.2484633017251,-277.3197356068612,-151.8893694292345,15.271012330720502,114.20971129690301,-138.62381690616033,1.0
5963,-301.3458760198656,-232.52778205469616,844.631145727028,-1982.506100710188,-148.25558736894718,12.804770475325263,96.05175893744466,-123.06303299175921,1.0
5964,-724.882863070417,-1278.1608493789602,177.83378505909798,-47.37498521189287,-159.2541370069968,16.233565702875335,104.76961134441743,-126.46832496945177,1.0
5965,-775.7149170915013,-84.86021657282986,1421.3663809617856,1876.5187759270855,-154.9715684432935,4.761771111826777,95.5083096936002,-121.76858453669537,1.0
5966,-1613.7194544415015,-518.9979955950705,1020.8285304937503,357.76730740677465,-141.3706906988961,23.86771073836751,111.00883079674642,-138.45616963560306,1.0
5967,-1282.8230000691963,-1716.1222131867212,-1689.804033739863,837.2589940518978,-145.32824229678934,19.961806188477873,97.7132268091649,-126.41470901413865,1.0
5968,-1746.8603052633941,260.0234537631414,-1372.333245542962,-22.460012563767684,-148.38535487191027,15.25000349576124,108.6351529428365,-133.2210577352602,1.0
5969,-434.6000172170316,-1042.3832552746417,378.4377664597997,1535.9944050981976,-169.35337053218905,13.648422879913136,91.60045471554194,-125.94963760620958,1.0
5970,-1985.6424347531806,-12.034508924139331,-199.79399545537396,913.4410240052024,-156.8352338021701,19.83533028863877,93.10759562924711,-120.34204025172095,1.0
5971,-692.4877067346848,-421.27785190661206,73.54895701522098,1601.0178794330127,-146.5556077811244,17.782367333689695,100.62205106365288,-125.8974857994319,1.0
5972,-715.2110748898252,-2664.2012655604303,-4029.7139754619793,-759.1353170831363,-159.28735771009931,13.255466705465274,101.12554590530502,-131.1836486076137,1.0
5973,-1149.0259292845008,472.53868464001636,-2305.51503119071,-548.4564774826177,-154.58343465306746,17.12585421568847,95.68194286044339,-126.12658192668682,1.0
5974,933.6720446660177,-1799.0794543698626,-1961.523832724727,-460.6802867755064,-155.156125207489,18.23703149915074,99.6870462206792,-125.7532485118671,1.0
5975,-1397.113862431896,-214.54141878255925,-1685.8232900675566,-416.9618830520052,-145.91186033350084,13.432110952018817,108.78797686268739,-136.93928903075945,1.0
5976,-704.8593980973552,-1117.9096783522416,-710.5934116558187,104.15583921769372,-152.98654434404014,15.713172375377342,105.25003570967172,-129.6857516739394,1.0
5977,270.8059513113343,-382.709257404894,-2201.0749580891547,-94.06168225313549,-151.82890687429273,13.018772303207085,105.34665287771455,-135.39127773779865,1.0
5978,-1755.9281485400782,-889.1548448559611,-3245.07705512505,-651.7275488207009,-142.26147514819618,16.050088640020306,109.71032668234615,-134.1516662084481,1.0
5979,-623.468641548864,-1081.9723797561178,638.8828871748163,768.6445396638011,-153.6997822382224,18.348440552219802,97.17214734889554,-118.22325745750014,1.0
5980,-694.195161115867,723.6318802121791,-286.1164019833645,1330.6963491737538,-154.32073771143138,19.795410650742713,99.18060524660906,-127.04692870415303,1.0
5981,-25.06268813101299,-804.2400121957484,-1257.159052703742,-563.7071089247742,-152.7546415399474,10.36865575310086,105.5037443723904,-125.38147979750448,1.0
5982,-1150.210860821906,-235.88556575723254,-886.7432592199424,-512.8007076772451,-143.4290128588993,20.268660617536106,118.29177244304347,-135.11624242985187,1.0
5983,-1283.9138954003993,58.06616946184416,-986.6700590593487,897.8626931306558,-147.9130465597002,10.833642341511206,111.77355657884492,-134.30045515090015,1.0
5984,-134.30007525745052,-1920.5740575193881,-1743.4327058052238,-164.14278938489664,-147.59171719594067,13.296965459528316,105.9208945952235,-130.5293780529927,1.0
5985,178.07880977269875,-222.5951344524405,-18.2065897331257,666.7973462589174,-155.76626240135943,18.05767071954844,102.39050847950074,-124.37444326658697,1.0
5986,-124.60538941586871,-1155.089225781803,216.7234748891878,110.08323141843577,-150.4915398444241,14.46055825817956,102.76350345223872,-126.33156642682395,1.0
5987,-1210.7038816378672,-770.7460853808253,-485.1007414311904,-1502.1970859382097,-146.60168375862165,14.303445594617399,120.47098372715638,-146.8521063451196,1.0
5988,-37.733163610798705,-1947.5025263002012,-1596.694936672023,428.24776067028347,-154.06153422433073,17.332431528487266,108.7572805033411,-136.20486155999419,1.0
5989,-3307.345050100444,1306.8735330988695,-959.0563362118745,-1465.1594179293404,-140.01365888729782,16.079541975985247,119.12176643344341,-141.84370437652325,1.0
5990,-592.312823381263,-177.407035710662,-503.7749922592026,-1866.8364081824816,-152.68953016927415,20.214746925741984,103.57834470679164,-125.6824310420158,1.0
5991,-1529.409126935279,390.93420716728997,-1400.139813444961,382.4304027113614,-162.1473986316873,15.916886781693012,86.91386560092076,-127.5107754881363,1.0
5992,-383.2412441089737,-636.3223443808582,-1922.5671765821673,-1898.9065345026231,-145.73118740056435,15.039387068105244,111.05757500123602,-142.13461794413234,1.0
5993,-1452.0703733286714,1451.3242789054418,365.60500815410796,-123.48222966797753,-161.3208102593718,15.110417125582982,96.22910858710287,-122.92985497848721,1.0
5994,-1025.8025108023583,-1755.5318666233795,-821.0841771335791,135.59731863874663,-161.32797878973074,6.212287034654361,99.90425624094185,-122.95693919687527,1.0
5995,-337.78392028814113,-1479.1285935951794,-252.3332102137706,483.0542566757312,-151.17839592226142,18.28643903761808,102.32801487293402,-131.59230622452512,1.0
5996,-137.38767464651872,-59.00947484302939,549.953039252649,13.192695653538767,-153.7012274037644,17.47515508112955,112.65811923560467,-125.07171580820929,1.0
5997,-2519.7504501982644,1521.7162750583204,2999.631243382481,-922.1349785530422,-150.0422940786886,19.568696966857182,101.97590659180291,-133.1289546853469,1.0
5998,-11.844948034801517,608.4944902181571,-810.7217696694939,493.3141923847177,-162.91383100186576,11.086735692415344,87.01628884826852,-113.52736652268084,1.0
5999,-274.69964807861714,-400.9925391014575,-1246.2266977022114,-163.456159399492,-151.12517353365152,17.150596115818434,111.04967541458954,-134.8495634045197,1.0
